       0
       0
       0
     287
     100
     243
      81
      97
      98
      89
     100
      74
      79
      96
      96
      87
      79
      85
      79
      96
      67
      72
      83
      96
      81
      76
      74
      69
      99
      85
      88
      69
      75
      66
      79
      68
      53
      62
      71
      67
      76
      79
      58
      73
      50
      55
      66
      63
      67
      56
      57
      64
      59
      58
      55
      51
      68
      47
      44
      66
      56
      52
      53
      51
      62
      50
      51
      49
      41
      45
      46
      53
      38
      62
      38
      53
      43
      40
      33
      40
      47
      43
      53
      43
      46
      47
      49
      38
      33
      42
      50
      52
      38
      32
      35
      35
      34
      39
      36
      35
      37
      32
      40
      50
      41
      32
      26
      48
      31
      27
      40
      25
      26
      34
      33
      33
      32
      33
      32
      23
      26
      33
      23
      19
      36
      26
      22
      19
      28
      25
      29
      28
      29
      25
      29
      30
      32
      30
      33
      14
      32
      23
      26
      13
      16
      19
      24
      24
      21
      27
      20
      21
      22
      24
      13
      20
      18
      18
      30
      16
      13
      24
      18
      24
      17
      17
      15
      19
      14
      22
      19
      14
      27
      16
      20
      16
      18
      13
      18
      15
      16
      18
      13
      15
      18
      14
      20
       6
      17
      20
      10
       9
      17
      17
       9
      14
      22
       9
      13
      13
      17
      15
      12
      15
      18
      14
      21
      17
      11
      10
      13
       7
      13
       6
      15
      13
       5
      14
       8
      11
      16
       7
      14
       9
      13
      13
      13
      10
      10
      15
      13
       6
       9
       9
       6
      10
      10
      10
       6
      11
      11
      12
       8
       3
       7
      10
       6
       8
       7
       9
       8
       9
       7
       8
      17
       8
       8
      10
       5
       8
       9
      11
       8
      12
       9
      13
       4
       3
       9
       7
       5
       7
       6
       5
       6
       8
       7
       7
       6
       9
       8
       8
       7
       8
       6
       6
       5
       6
       6
       4
       7
      10
       4
       9
       3
       5
       9
       3
       2
       7
       5
       5
       6
       4
       6
       5
       6
       2
       4
       7
       3
       4
       5
       4
       2
       7
       5
       3
       6
       6
       5
       7
       4
       3
       4
       7
       4
       4
       4
       6
       7
       5
       4
       2
       2
       6
       3
       5
       5
       3
       4
       9
       6
       5
       5
       3
       5
       4
       1
       2
       5
       4
       1
       1
       4
       4
       3
       6
       2
       2
       3
       5
       6
       5
       3
       2
       4
       5
       2
       3
       5
       3
       4
       5
       3
       2
       0
       3
       0
       6
       1
       2
       2
       1
       4
       2
       4
       4
       3
       4
       4
       4
       3
       7
       0
       2
       1
       0
       2
       3
       2
       0
       3
       0
       7
       5
       1
       0
       3
       3
       3
       7
       6
       4
       1
       2
       1
       8
       4
       4
       3
       1
       1
       2
       1
       3
       1
       4
       1
       3
       6
       3
       2
       2
       2
       2
       2
       3
       2
       1
       3
       1
       3
       5
       4
       0
       2
       2
       6
       6
       1
       0
       2
       4
       3
       8
       1
       3
       2
       5
       2
       2
       1
       0
       0
       0
       0
       0
       0
       0
       0
       0
       0
       0
       0
       0
       0
       0
       0
       0
       0
       0
       0
       0
       0
       0
       0
       0
       0
       0
       0
       0
       0
       0
       0
       0
       0
       0
       0
       0
       0
       0
       0
       0
       0
       0
       0
       0
       0
       0
       0
       0