105.000 0.036
110.000 0.199
115.000 2.627
120.000 2.800
125.000 3.269
130.000 3.385
140.000 3.959
145.000 3.959
150.000 3.861
155.000 3.829
160.000 3.730
165.000 3.646
170.000 3.586
175.000 3.634
180.000 3.519
185.000 3.512
190.000 3.577
195.000 3.528
200.000 3.565
205.000 3.648
210.000 3.683
215.000 3.710
220.000 3.797
225.000 3.898
230.000 3.935
235.000 4.030
240.000 4.155
245.000 4.198
250.000 4.243
255.000 4.284
260.000 4.286
265.000 4.429
270.000 4.450
275.000 4.543
280.000 4.626
285.000 4.686
290.000 4.678
295.000 4.825
300.000 4.844
305.000 4.919
310.000 5.049
315.000 5.081
320.000 5.222
325.000 5.355
330.000 5.416
335.000 5.556
340.000 5.657
345.000 5.836
350.000 6.042
355.000 6.206
360.000 6.510
365.000 6.647
370.000 7.004
375.000 7.425
380.000 7.650
385.000 8.099
390.000 8.270
395.000 8.668
400.000 9.022
405.000 9.164
410.000 9.352
415.000 9.408
420.000 9.398
425.000 9.233
430.000 9.059
435.000 8.580
440.000 8.315
445.000 7.611
450.000 7.245
455.000 6.427
460.000 5.520
465.000 5.074
470.000 4.242
475.000 3.864
480.000 3.250
485.000 2.728
490.000 2.527
495.000 2.193
500.000 2.045
505.000 1.811
510.000 1.656
515.000 1.607
520.000 1.516
525.000 1.473
530.000 1.388
535.000 1.317
540.000 1.274
545.000 1.211
550.000 1.180
555.000 1.100
560.000 1.041
565.000 1.006
570.000 0.950
575.000 0.917
580.000 0.871
585.000 0.832
590.000 0.809
595.000 0.775
600.000 0.761
605.000 0.718
610.000 0.689
615.000 0.679
620.000 0.652
625.000 0.644
630.000 0.622
635.000 0.603
640.000 0.585
645.000 0.588
650.000 0.562
655.000 0.549
660.000 0.531
665.000 0.523
670.000 0.512
675.000 0.500
680.000 0.492
685.000 0.482
690.000 0.479
695.000 0.467
700.000 0.456
705.000 0.450
710.000 0.443
715.000 0.444
720.000 0.437
725.000 0.433
730.000 0.419
735.000 0.415
740.000 0.408
745.000 0.403
750.000 0.406
755.000 0.400
760.000 0.404
765.000 0.395
770.000 0.381
775.000 0.382
780.000 0.376
785.000 0.379
790.000 0.377
795.000 0.376
800.000 0.369
805.000 0.371
810.000 0.363
815.000 0.364
820.000 0.368
825.000 0.362
830.000 0.356
835.000 0.355
840.000 0.352
845.000 0.350
850.000 0.345
855.000 0.335
860.000 0.348
865.000 0.340
870.000 0.342
875.000 0.337
880.000 0.334
885.000 0.340
890.000 0.334
895.000 0.336
900.000 0.331
905.000 0.332
910.000 0.331
915.000 0.334
920.000 0.331
925.000 0.327
930.000 0.330
935.000 0.335
940.000 0.327
945.000 0.328
950.000 0.324
955.000 0.328
960.000 0.328
965.000 0.327
970.000 0.328
975.000 0.322
980.000 0.324
985.000 0.328
990.000 0.342
995.000 0.331
1000.000 0.318
1005.000 0.330
1010.000 0.336
1015.000 0.332
1020.000 0.312
1025.000 0.329
1030.000 0.333
1035.000 0.327
1040.000 0.313
1045.000 0.318
1050.000 0.322
1055.000 0.322
1060.000 0.323
1065.000 0.325
1070.000 0.322
1075.000 0.310
1080.000 0.325
1085.000 0.326
1090.000 0.323
1095.000 0.324
1100.000 0.323
1105.000 0.318
1110.000 0.324
1115.000 0.323
1120.000 0.321
1125.000 0.321
1130.000 0.325
1135.000 0.325
1140.000 0.324
1145.000 0.325
1150.000 0.329
1155.000 0.321
1160.000 0.320
1165.000 0.323
1170.000 0.322
1175.000 0.326
1180.000 0.330
1185.000 0.327
1190.000 0.328
1195.000 0.335
1200.000 0.330
1205.000 0.331
1210.000 0.332
1215.000 0.334
1220.000 0.332
1225.000 0.330
1230.000 0.333
1235.000 0.335
1240.000 0.333
1245.000 0.337
1250.000 0.338
1255.000 0.339
1260.000 0.340
1265.000 0.346
1270.000 0.345
1275.000 0.346
1280.000 0.344
1285.000 0.344
1290.000 0.344
1295.000 0.349
1300.000 0.348
1305.000 0.349
1310.000 0.351
1315.000 0.355
1320.000 0.354
1325.000 0.359
1330.000 0.360
1335.000 0.356
1340.000 0.361
1345.000 0.364
1350.000 0.360
1355.000 0.364
1360.000 0.361
1365.000 0.374
1370.000 0.367
1375.000 0.371
1380.000 0.368
1385.000 0.373
1390.000 0.372
1395.000 0.375
1400.000 0.375
1405.000 0.376
1410.000 0.374
1415.000 0.379
1420.000 0.375
1425.000 0.375
1430.000 0.371
1435.000 0.374
1440.000 0.374
1445.000 0.368
1450.000 0.369
1455.000 0.369
1460.000 0.367
1465.000 0.368
1470.000 0.378
1475.000 0.377
1480.000 0.392
1485.000 0.391
1490.000 0.398
1495.000 0.409
1500.000 0.413
1505.000 0.418
1510.000 0.428
1515.000 0.434
1520.000 0.444
1525.000 0.452
1530.000 0.457
1535.000 0.464
1540.000 0.468
1545.000 0.475
1550.000 0.481
1555.000 0.488
1560.000 0.495
1565.000 0.503
1570.000 0.511
1575.000 0.519
1580.000 0.530
1585.000 0.537
1590.000 0.544
1595.000 0.557
1600.000 0.563
1605.000 0.571
1610.000 0.576
1615.000 0.591
1620.000 0.602
1625.000 0.612
1630.000 0.627
1635.000 0.635
1640.000 0.648
1645.000 0.658
1650.000 0.672
1655.000 0.694
1660.000 0.701
1665.000 0.715
1670.000 0.725
1675.000 0.744
1680.000 0.763
1685.000 0.782
1690.000 0.800
1695.000 0.808
1700.000 0.821
1705.000 0.846
1710.000 0.855
1715.000 0.881
1720.000 0.894
1725.000 0.917
1730.000 0.951
1735.000 0.964
1740.000 0.999
1745.000 1.010
1750.000 1.043
1755.000 1.065
1760.000 1.085
1765.000 1.112
1770.000 1.126
1775.000 1.153
1780.000 1.185
1785.000 1.208
1790.000 1.236
1795.000 1.253
1800.000 1.282
1805.000 1.314
1810.000 1.329
1815.000 1.368
1820.000 1.385
1825.000 1.403
1830.000 1.443
1835.000 1.453
1840.000 1.482
1845.000 1.498
1850.000 1.528
1855.000 1.538
1860.000 1.546
1865.000 1.569
1870.000 1.572
1875.000 1.589
1880.000 1.606
1885.000 1.609
1890.000 1.617
1895.000 1.619
1900.000 1.629
1905.000 1.630
1910.000 1.630
1915.000 1.627
1920.000 1.627
1925.000 1.625
1930.000 1.615
1935.000 1.617
1940.000 1.617
1945.000 1.608
1950.000 1.612
1955.000 1.610
1960.000 1.591
1965.000 1.583
1970.000 1.581
1975.000 1.589
1980.000 1.583
1985.000 1.575
1990.000 1.564
1995.000 1.558
2000.000 1.543
2005.000 1.555
2010.000 1.555
2015.000 1.538
2020.000 1.518
2025.000 1.516
2030.000 1.510
2035.000 1.519
2040.000 1.510
2045.000 1.511
2050.000 1.507
2055.000 1.496
2060.000 1.493
2065.000 1.500
2070.000 1.495
2075.000 1.503
2080.000 1.499
2085.000 1.504
2090.000 1.506
2095.000 1.512
2100.000 1.518
2105.000 1.521
2110.000 1.532
2115.000 1.538
2120.000 1.547
2125.000 1.557
2130.000 1.567
2135.000 1.579
2140.000 1.597
2145.000 1.604
2150.000 1.626
2155.000 1.636
2160.000 1.666
2165.000 1.697
2170.000 1.708
2175.000 1.740
2180.000 1.759
2185.000 1.805
2190.000 1.862
2195.000 1.887
2200.000 1.943
2205.000 1.970
2210.000 2.038
2215.000 2.133
2220.000 2.173
2225.000 2.261
2230.000 2.323
2235.000 2.456
2240.000 2.600
2245.000 2.684
2250.000 2.894
2255.000 3.023
2260.000 3.349
2265.000 3.850
2270.000 4.171
2275.000 5.110
2280.000 5.803
2285.000 7.931
2290.000 11.664
2295.000 14.408
2300.000 21.649
2305.000 25.827
2310.000 33.325
2315.000 28.754
2320.000 24.169
2325.000 13.069
2330.000 11.379
2335.000 6.637
2340.000 4.654
2345.000 3.988
2350.000 3.032
2355.000 2.658
2360.000 2.105
2365.000 1.702
2370.000 1.546
2375.000 1.290
2380.000 1.178
2385.000 1.007
2390.000 0.873
2395.000 0.820
2400.000 0.707
2405.000 0.680
2410.000 0.626
2415.000 0.539
2420.000 0.509
2425.000 0.455
2430.000 0.437
2435.000 0.385
2440.000 0.362
2445.000 0.345
2450.000 0.317
2455.000 0.302
2460.000 0.280
2465.000 0.255
2470.000 0.246
2475.000 0.228
2480.000 0.221
2485.000 0.205
2490.000 0.193
2495.000 0.187
2500.000 0.179
2505.000 0.174
2510.000 0.167
2515.000 0.162
2520.000 0.157
2525.000 0.152
2530.000 0.150
2535.000 0.148
2540.000 0.149
2545.000 0.145
2550.000 0.147
2555.000 0.143
2560.000 0.146
2565.000 0.145
2570.000 0.151
2575.000 0.153
2580.000 0.156
2585.000 0.158
2590.000 0.160
2595.000 0.164
2600.000 0.169
2605.000 0.169
2610.000 0.174
2615.000 0.176
2620.000 0.180
2625.000 0.186
2630.000 0.189
2635.000 0.194
2640.000 0.197
2645.000 0.205
2650.000 0.210
2655.000 0.214
2660.000 0.221
2665.000 0.223
2670.000 0.232
2675.000 0.237
2680.000 0.239
2685.000 0.249
2690.000 0.252
2695.000 0.259
2700.000 0.266
2705.000 0.271
2710.000 0.276
2715.000 0.278
2720.000 0.291
2725.000 0.297
2730.000 0.299
2735.000 0.310
2740.000 0.315
2745.000 0.324
2750.000 0.333
2755.000 0.340
2760.000 0.346
2765.000 0.350
2770.000 0.359
2775.000 0.367
2780.000 0.371
2785.000 0.382
2790.000 0.385
2795.000 0.395
2800.000 0.405
2805.000 0.410
2810.000 0.419
2815.000 0.425
2820.000 0.433
2825.000 0.444
2830.000 0.447
2835.000 0.457
2840.000 0.461
2845.000 0.470
2850.000 0.479
2855.000 0.482
2860.000 0.498
2865.000 0.506
2870.000 0.512
2875.000 0.524
2880.000 0.528
2885.000 0.542
2890.000 0.550
2895.000 0.559
2900.000 0.565
2905.000 0.568
2910.000 0.574
2915.000 0.577
2920.000 0.582
2925.000 0.592
2930.000 0.592
2935.000 0.599
2940.000 0.602
2945.000 0.608
2950.000 0.616
2955.000 0.614
2960.000 0.624
2965.000 0.614
2970.000 0.623
2975.000 0.618
2980.000 0.619
2985.000 0.632
2990.000 0.635
2995.000 0.639
3000.000 0.632
3005.000 0.638
3010.000 0.639
3015.000 0.642
3020.000 0.632
3025.000 0.640
3030.000 0.643
3035.000 0.640
3040.000 0.644
3045.000 0.647
3050.000 0.636
3055.000 0.646
3060.000 0.645
3065.000 0.640
3070.000 0.647
3075.000 0.646
3080.000 0.648
3085.000 0.644
3090.000 0.648
3095.000 0.648
3100.000 0.648
3105.000 0.647
3110.000 0.647
3115.000 0.648
3120.000 0.647
3125.000 0.650
3130.000 0.651
3135.000 0.654
3140.000 0.653
3145.000 0.654
3150.000 0.654
3155.000 0.657
3160.000 0.660
3165.000 0.659
3170.000 0.661
3175.000 0.661
3180.000 0.662
3185.000 0.667
3190.000 0.664
3195.000 0.670
3200.000 0.670
3205.000 0.673
3210.000 0.673
3215.000 0.675
3220.000 0.676
3225.000 0.678
3230.000 0.682
3235.000 0.679
3240.000 0.681
3245.000 0.686
3250.000 0.689
3255.000 0.692
3260.000 0.695
3265.000 0.699
3270.000 0.703
3275.000 0.704
3280.000 0.709
3285.000 0.714
3290.000 0.714
3295.000 0.721
3300.000 0.724
3305.000 0.731
3310.000 0.739
3315.000 0.738
3320.000 0.743
3325.000 0.747
3330.000 0.753
3335.000 0.761
3340.000 0.763
3345.000 0.772
3350.000 0.780
3355.000 0.788
3360.000 0.796
3365.000 0.800
3370.000 0.810
3375.000 0.816
3380.000 0.826
3385.000 0.835
3390.000 0.844
3395.000 0.858
3400.000 0.863
3405.000 0.884
3410.000 0.898
3415.000 0.902
3420.000 0.916
3425.000 0.921
3430.000 0.938
3435.000 0.951
3440.000 0.966
3445.000 0.990
3450.000 1.004
3455.000 1.027
3460.000 1.051
3465.000 1.063
3470.000 1.092
3475.000 1.101
3480.000 1.134
3485.000 1.164
3490.000 1.181
3495.000 1.218
3500.000 1.235
3505.000 1.284
3510.000 1.329
3515.000 1.358
3520.000 1.412
3525.000 1.438
3530.000 1.500
3535.000 1.570
3540.000 1.603
3545.000 1.689
3550.000 1.720
3555.000 1.787
3560.000 1.854
3565.000 1.897
3570.000 1.974
3575.000 2.023
3580.000 2.143
3585.000 2.243
3590.000 2.291
3595.000 2.412
3600.000 2.475
3605.000 2.611
3610.000 2.770
3615.000 2.862
3620.000 3.081
3625.000 3.195
3630.000 3.478
3635.000 3.845
3640.000 4.066
3645.000 4.599
3650.000 4.968
3655.000 5.851
3660.000 7.129
3665.000 8.008
3670.000 10.480
3675.000 12.223
3680.000 17.039
3685.000 23.982
3690.000 28.045
3695.000 36.945
3700.000 41.175
3705.000 47.632
3710.000 49.346
3715.000 35.804
3720.000 20.750
3725.000 16.883
3730.000 11.686
3735.000 9.971
3740.000 7.595
3745.000 6.067
3750.000 5.479
3755.000 4.552
3760.000 4.176
3765.000 3.572
3770.000 3.104
3775.000 2.914
3780.000 2.589
3785.000 2.454
3790.000 2.215
3795.000 2.020
3800.000 1.933
3805.000 1.783
3810.000 1.716
3815.000 1.599
3820.000 1.499
3825.000 1.455
3830.000 1.371
3835.000 1.336
3840.000 1.267
3845.000 1.207
3850.000 1.180
3855.000 1.131
3860.000 1.107
3865.000 1.060
3870.000 1.022
3875.000 1.002
3880.000 0.969
3885.000 0.953
3890.000 0.926
3895.000 0.897
3900.000 0.882
3905.000 0.857
3910.000 0.844
3915.000 0.821
3920.000 0.801
3925.000 0.790
3930.000 0.771
3935.000 0.764
3940.000 0.742
3945.000 0.730
3950.000 0.717
3955.000 0.703
3960.000 0.700
3965.000 0.689
3970.000 0.668
3975.000 0.666
3980.000 0.653
3985.000 0.645
3990.000 0.641
3995.000 0.631
4000.000 0.614
4005.000 0.617
4010.000 0.612
4015.000 0.602
4020.000 0.583
4025.000 0.589
4030.000 0.580
4035.000 0.574
4040.000 0.560
4045.000 0.555
4050.000 0.556
4055.000 0.543
4060.000 0.546
4065.000 0.537
4070.000 0.533
4075.000 0.529
4080.000 0.522
4085.000 0.517
4090.000 0.513
4095.000 0.505
4100.000 0.503
4105.000 0.496
4110.000 0.493
4115.000 0.486
4120.000 0.482
4125.000 0.478
4130.000 0.470
4135.000 0.469
4140.000 0.462
4145.000 0.456
4150.000 0.452
4155.000 0.445
4160.000 0.444
4165.000 0.437
4170.000 0.432
4175.000 0.429
4180.000 0.424
4185.000 0.422
4190.000 0.415
4195.000 0.411
4200.000 0.409
4205.000 0.401
4210.000 0.398
4215.000 0.395
4220.000 0.389
4225.000 0.388
4230.000 0.383
4235.000 0.381
4240.000 0.380
4245.000 0.378
4250.000 0.378
4255.000 0.379
4260.000 0.380
4265.000 0.380
4270.000 0.380
4275.000 0.381
4280.000 0.382
4285.000 0.383
4290.000 0.384
4295.000 0.384
4300.000 0.385
4305.000 0.387
4310.000 0.390
4315.000 0.390
4320.000 0.389
4325.000 0.390
4330.000 0.391
4335.000 0.393
4340.000 0.392
4345.000 0.394
4350.000 0.393
4355.000 0.394
4360.000 0.395
4365.000 0.395
4370.000 0.395
4375.000 0.397
4380.000 0.396
4385.000 0.397
4390.000 0.397
4395.000 0.397
4400.000 0.398
4405.000 0.399
4410.000 0.399
4415.000 0.401
4420.000 0.401
4425.000 0.407
4430.000 0.406
4435.000 0.407
4440.000 0.406
4445.000 0.405
4450.000 0.407
4455.000 0.407
4460.000 0.408
4465.000 0.409
4470.000 0.409
4475.000 0.409
4480.000 0.411
4485.000 0.411
4490.000 0.413
4495.000 0.412
4500.000 0.417
4505.000 0.417
4510.000 0.417
4515.000 0.419
4520.000 0.419
4525.000 0.423
4530.000 0.424
4535.000 0.426
4540.000 0.426
4545.000 0.430
4550.000 0.431
4555.000 0.433
4560.000 0.432
4565.000 0.436
4570.000 0.439
4575.000 0.440
4580.000 0.442
4585.000 0.444
4590.000 0.449
4595.000 0.452
4600.000 0.454
4605.000 0.458
4610.000 0.460
4615.000 0.464
4620.000 0.464
4625.000 0.468
4630.000 0.473
4635.000 0.474
4640.000 0.480
4645.000 0.482
4650.000 0.486
4655.000 0.493
4660.000 0.497
4665.000 0.502
4670.000 0.504
4675.000 0.511
4680.000 0.516
4685.000 0.520
4690.000 0.527
4695.000 0.530
4700.000 0.539
4705.000 0.547
4710.000 0.552
4715.000 0.562
4720.000 0.566
4725.000 0.574
4730.000 0.586
4735.000 0.592
4740.000 0.605
4745.000 0.610
4750.000 0.620
4755.000 0.635
4760.000 0.646
4765.000 0.659
4770.000 0.667
4775.000 0.682
4780.000 0.704
4785.000 0.711
4790.000 0.733
4795.000 0.742
4800.000 0.765
4805.000 0.794
4810.000 0.806
4815.000 0.837
4820.000 0.851
4825.000 0.889
4830.000 0.930
4835.000 0.949
4840.000 0.996
4845.000 1.022
4850.000 1.076
4855.000 1.147
4860.000 1.182
4865.000 1.263
4870.000 1.310
4875.000 1.397
4880.000 1.471
4885.000 1.510
4890.000 1.597
4895.000 1.644
4900.000 1.757
4905.000 1.825
4910.000 1.995
4915.000 2.153
4920.000 2.249
4925.000 2.462
4930.000 2.584
4935.000 2.893
4940.000 3.316
4945.000 3.574
4950.000 4.262
4955.000 4.682
4960.000 5.693
4965.000 6.676
4970.000 7.352
4975.000 18.340
4980.000 28.241
4985.000 27.876
4990.000 33.740
4995.000 35.859
5000.000 26.933
5005.000 20.556
5010.000 12.927
5015.000 8.882
5020.000 7.420
5025.000 5.568
5030.000 4.884
5035.000 3.907
5040.000 3.228
5045.000 2.958
5050.000 2.520
5055.000 2.348
5060.000 2.058
5065.000 1.841
5070.000 1.739
5075.000 1.577
5080.000 1.508
5085.000 1.389
5090.000 1.288
5095.000 1.243
5100.000 1.166
5105.000 1.133
5110.000 1.070
5115.000 1.019
5120.000 0.995
5125.000 0.952
5130.000 0.930
5135.000 0.894
5140.000 0.861
5145.000 0.848
5150.000 0.822
5155.000 0.808
5160.000 0.788
5165.000 0.769
5170.000 0.761
5175.000 0.743
5180.000 0.733
5185.000 0.718
5190.000 0.712
5195.000 0.699
5200.000 0.692
5205.000 0.687
5210.000 0.679
5215.000 0.674
5220.000 0.668
5225.000 0.660
5230.000 0.657
5235.000 0.653
5240.000 0.650
5245.000 0.647
5250.000 0.644
5255.000 0.641
5260.000 0.638
5265.000 0.636
5270.000 0.634
5275.000 0.635
5280.000 0.632
5285.000 0.630
5290.000 0.630
5295.000 0.629
5300.000 0.627
5305.000 0.627
5310.000 0.626
5315.000 0.626
5320.000 0.625
5325.000 0.626
5330.000 0.625
5335.000 0.625
5340.000 0.625
5345.000 0.628
5350.000 0.626
5355.000 0.626
5360.000 0.627
5365.000 0.624
5370.000 0.627
5375.000 0.627
5380.000 0.627
5385.000 0.626
5390.000 0.628
5395.000 0.627
5400.000 0.628
5405.000 0.629
5410.000 0.628
5415.000 0.630
5420.000 0.629
5425.000 0.629
5430.000 0.628
5435.000 0.629
5440.000 0.631
5445.000 0.631
5450.000 0.630
5455.000 0.630
5460.000 0.633
5465.000 0.631
5470.000 0.629
5475.000 0.629
5480.000 0.629
5485.000 0.628
5490.000 0.628
5495.000 0.627
5500.000 0.630
5505.000 0.634
5510.000 0.632
5515.000 0.636
5520.000 0.636
5525.000 0.646
5530.000 0.642
5535.000 0.638
5540.000 0.637
5545.000 0.636
5550.000 0.631
5555.000 0.632
5560.000 0.634
5565.000 0.633
5570.000 0.634
5575.000 0.631
5580.000 0.630
5585.000 0.630
5590.000 0.634
5595.000 0.634
5600.000 0.637
5605.000 0.635
5610.000 0.638
5615.000 0.640
5620.000 0.638
5625.000 0.639
5630.000 0.642
5635.000 0.640
5640.000 0.641
5645.000 0.640
5650.000 0.643
5655.000 0.643
5660.000 0.647
5665.000 0.649
5670.000 0.650
5675.000 0.649
5680.000 0.650
5685.000 0.655
5690.000 0.656
5695.000 0.657
5700.000 0.661
5705.000 0.663
5710.000 0.665
5715.000 0.665
5720.000 0.670
5725.000 0.670
5730.000 0.672
5735.000 0.677
5740.000 0.678
5745.000 0.684
5750.000 0.686
5755.000 0.688
5760.000 0.691
5765.000 0.696
5770.000 0.700
5775.000 0.704
5780.000 0.706
5785.000 0.714
5790.000 0.716
5795.000 0.719
5800.000 0.726
5805.000 0.729
5810.000 0.737
5815.000 0.739
5820.000 0.748
5825.000 0.749
5830.000 0.760
5835.000 0.766
5840.000 0.772
5845.000 0.778
5850.000 0.785
5855.000 0.793
5860.000 0.802
5865.000 0.806
5870.000 0.820
5875.000 0.826
5880.000 0.839
5885.000 0.850
5890.000 0.856
5895.000 0.872
5900.000 0.877
5905.000 0.894
5910.000 0.906
5915.000 0.915
5920.000 0.933
5925.000 0.943
5930.000 0.963
5935.000 0.986
5940.000 0.994
5945.000 1.017
5950.000 1.028
5955.000 1.060
5960.000 1.082
5965.000 1.102
5970.000 1.129
5975.000 1.149
5980.000 1.191
5985.000 1.219
5990.000 1.245
5995.000 1.288
6000.000 1.315
6005.000 1.357
6010.000 1.390
6015.000 1.404
6020.000 1.449
6025.000 1.448
6030.000 1.483
6035.000 1.533
6040.000 1.551
6045.000 1.588
6050.000 1.615
6055.000 1.646
6060.000 1.696
6065.000 1.722
6070.000 1.779
6075.000 1.802
6080.000 1.878
6085.000 1.936
6090.000 1.974
6095.000 2.044
6100.000 2.088
6105.000 2.184
6110.000 2.288
6115.000 2.339
6120.000 2.468
6125.000 2.521
6130.000 2.645
6135.000 2.792
6140.000 2.871
6145.000 3.053
6150.000 3.148
6155.000 3.380
6160.000 3.649
6165.000 3.814
6170.000 4.199
6175.000 4.447
6180.000 5.038
6185.000 5.880
6190.000 6.417
6195.000 7.880
6200.000 8.859
6205.000 11.596
6210.000 15.681
6215.000 18.326
6220.000 24.643
6225.000 28.068
6230.000 34.291
6235.000 36.143
6240.000 33.261
6245.000 22.258
6250.000 18.681
6255.000 13.162
6260.000 9.274
6265.000 8.044
6270.000 6.354
6275.000 5.766
6280.000 4.913
6285.000 4.323
6290.000 4.106
6295.000 3.803
6300.000 3.693
6305.000 3.411
6310.000 3.122
6315.000 3.000
6320.000 2.729
6325.000 2.605
6330.000 2.376
6335.000 2.182
6340.000 2.092
6345.000 1.946
6350.000 1.876
6355.000 1.757
6360.000 1.646
6365.000 1.602
6370.000 1.515
6375.000 1.474
6380.000 1.401
6385.000 1.370
6390.000 1.316
6395.000 1.267
6400.000 1.243
6405.000 1.200
6410.000 1.182
6415.000 1.144
6420.000 1.114
6425.000 1.101
6430.000 1.077
6435.000 1.066
6440.000 1.048
6445.000 1.029
6450.000 1.023
6455.000 1.008
6460.000 1.007
6465.000 1.000
6470.000 0.994
6475.000 0.994
6480.000 0.999
6485.000 1.002
6490.000 1.010
6495.000 1.026
6500.000 1.039
6505.000 1.065
6510.000 1.085
6515.000 1.129
6520.000 1.201
6525.000 1.242
6530.000 1.364
6535.000 1.445
6540.000 1.684
6545.000 2.106
6550.000 2.463
6555.000 4.062
6560.000 5.918
6565.000 13.286
6570.000 21.637
6575.000 22.872
6580.000 3.479
6585.000 6.730
6590.000 2.765
6595.000 1.091
6600.000 0.918
6605.000 0.745
6610.000 0.657
6615.000 0.480
6620.000 0.397
6625.000 0.357
6630.000 0.320
6635.000 0.304
6640.000 0.283
6645.000 0.273
6650.000 0.266
6655.000 0.260
6660.000 0.260
6665.000 0.257
6670.000 0.254
6675.000 0.255
6680.000 0.255
6685.000 0.254
6690.000 0.257
6695.000 0.256
6700.000 0.258
6705.000 0.258
6710.000 0.259
6715.000 0.259
6720.000 0.261
6725.000 0.261
6730.000 0.263
6735.000 0.263
6740.000 0.264
6745.000 0.265
6750.000 0.264
6755.000 0.266
6760.000 0.266
6765.000 0.267
6770.000 0.269
6775.000 0.268
6780.000 0.269
6785.000 0.270
6790.000 0.271
6795.000 0.271
6800.000 0.271
6805.000 0.272
6810.000 0.272
6815.000 0.274
6820.000 0.272
6825.000 0.275
6830.000 0.274
6835.000 0.275
6840.000 0.276
6845.000 0.275
6850.000 0.277
6855.000 0.278
6860.000 0.280
6865.000 0.281
6870.000 0.279
6875.000 0.281
6880.000 0.282
6885.000 0.281
6890.000 0.282
6895.000 0.282
6900.000 0.286
6905.000 0.285
6910.000 0.286
6915.000 0.287
6920.000 0.288
6925.000 0.287
6930.000 0.289
6935.000 0.291
6940.000 0.292
6945.000 0.294
6950.000 0.295
6955.000 0.292
6960.000 0.298
6965.000 0.301
6970.000 0.298
6975.000 0.305
6980.000 0.306
6985.000 0.306
6990.000 0.305
6995.000 0.306
7000.000 0.304
7005.000 0.314
7010.000 0.314
7015.000 0.319
7020.000 0.315
7025.000 0.322
7030.000 0.328
7035.000 0.325
7040.000 0.322
7045.000 0.324
7050.000 0.331
7055.000 0.332
7060.000 0.340
7065.000 0.340
7070.000 0.343
7075.000 0.346
7080.000 0.349
7085.000 0.347
7090.000 0.354
7095.000 0.356
7100.000 0.361
7105.000 0.366
7110.000 0.369
7115.000 0.372
7120.000 0.376
7125.000 0.381
7130.000 0.384
7135.000 0.389
7140.000 0.393
7145.000 0.395
7150.000 0.403
7155.000 0.411
7160.000 0.414
7165.000 0.422
7170.000 0.427
7175.000 0.438
7180.000 0.448
7185.000 0.452
7190.000 0.462
7195.000 0.466
7200.000 0.484
7205.000 0.500
7210.000 0.507
7215.000 0.518
7220.000 0.528
7225.000 0.542
7230.000 0.557
7235.000 0.567
7240.000 0.584
7245.000 0.593
7250.000 0.612
7255.000 0.638
7260.000 0.651
7265.000 0.678
7270.000 0.692
7275.000 0.720
7280.000 0.755
7285.000 0.773
7290.000 0.813
7295.000 0.834
7300.000 0.881
7305.000 0.937
7310.000 0.968
7315.000 1.037
7320.000 1.077
7325.000 1.164
7330.000 1.286
7335.000 1.360
7340.000 1.499
7345.000 1.583
7350.000 1.755
7355.000 1.920
7360.000 2.101
7365.000 2.278
7370.000 2.424
7375.000 2.693
7380.000 3.068
7385.000 3.300
7390.000 3.888
7395.000 4.212
7400.000 5.087
7405.000 6.316
7410.000 7.110
7415.000 9.173
7420.000 10.475
7425.000 13.665
7430.000 17.689
7435.000 19.893
7440.000 24.204
7445.000 25.879
7450.000 26.021
7455.000 19.760
7460.000 15.985
7465.000 11.277
7470.000 9.995
7475.000 8.383
7480.000 6.955
7485.000 6.215
7490.000 5.056
7495.000 4.619
7500.000 3.929
7505.000 3.452
7510.000 3.274
7515.000 3.027
7520.000 2.922
7525.000 2.746
7530.000 2.584
7535.000 2.510
7540.000 2.346
7545.000 2.259
7550.000 2.111
7555.000 1.987
7560.000 1.930
7565.000 1.819
7570.000 1.774
7575.000 1.679
7580.000 1.640
7585.000 1.567
7590.000 1.501
7595.000 1.468
7600.000 1.409
7605.000 1.387
7610.000 1.347
7615.000 1.297
7620.000 1.274
7625.000 1.234
7630.000 1.212
7635.000 1.179
7640.000 1.147
7645.000 1.133
7650.000 1.104
7655.000 1.094
7660.000 1.071
7665.000 1.051
7670.000 1.042
7675.000 1.024
7680.000 1.014
7685.000 1.001
7690.000 0.983
7695.000 0.979
7700.000 0.965
7705.000 0.957
7710.000 0.947
7715.000 0.938
7720.000 0.933
7725.000 0.924
7730.000 0.921
7735.000 0.911
7740.000 0.904
7745.000 0.900
7750.000 0.894
7755.000 0.890
7760.000 0.886
7765.000 0.882
7770.000 0.881
7775.000 0.876
7780.000 0.874
7785.000 0.869
7790.000 0.869
7795.000 0.867
7800.000 0.867
7805.000 0.865
7810.000 0.866
7815.000 0.866
7820.000 0.867
7825.000 0.865
7830.000 0.867
7835.000 0.874
7840.000 0.875
7845.000 0.876
7850.000 0.879
7855.000 0.887
7860.000 0.903
7865.000 0.948
7870.000 0.947
7875.000 0.944
7880.000 0.943
7885.000 0.966
7890.000 0.968
7895.000 0.968
7900.000 0.976
7905.000 0.984
7910.000 0.988
7915.000 0.995
7920.000 0.997
7925.000 1.007
7930.000 1.010
7935.000 1.023
7940.000 1.056
7945.000 1.062
7950.000 1.079
7955.000 1.089
7960.000 1.159
7965.000 1.197
7970.000 1.214
7975.000 1.240
7980.000 1.259
7985.000 1.319
7990.000 1.376
7995.000 1.428
8000.000 1.586
8005.000 1.668
8010.000 1.826
8015.000 2.030
8020.000 2.149
8025.000 2.530
8030.000 2.782
8035.000 3.681
8040.000 5.570
8045.000 7.238
8050.000 12.648
8055.000 15.778
8060.000 18.246
8065.000 4.591
8070.000 8.645
8075.000 2.391
8080.000 2.063
8085.000 1.166
8090.000 0.716
8095.000 0.583
8100.000 0.409
8105.000 0.351
8110.000 0.273
8115.000 0.241
8120.000 0.230
8125.000 0.231
8130.000 0.234
8135.000 0.248
8140.000 0.263
8145.000 0.271
8150.000 0.286
8155.000 0.296
8160.000 0.308
8165.000 0.316
8170.000 0.330
8175.000 0.342
8180.000 0.348
8185.000 0.360
8190.000 0.367
8195.000 0.378
8200.000 0.391
8205.000 0.395
8210.000 0.407
8215.000 0.411
8220.000 0.424
8225.000 0.435
8230.000 0.439
8235.000 0.452
8240.000 0.455
8245.000 0.464
8250.000 0.477
8255.000 0.483
8260.000 0.498
8265.000 0.507
8270.000 0.516
8275.000 0.523
8280.000 0.527
8285.000 0.538
8290.000 0.542
8295.000 0.554
8300.000 0.566
8305.000 0.573
8310.000 0.583
8315.000 0.589
8320.000 0.601
8325.000 0.614
8330.000 0.622
8335.000 0.635
8340.000 0.642
8345.000 0.660
8350.000 0.676
8355.000 0.684
8360.000 0.703
8365.000 0.709
8370.000 0.731
8375.000 0.751
8380.000 0.763
8385.000 0.786
8390.000 0.802
8395.000 0.824
8400.000 0.849
8405.000 0.861
8410.000 0.883
8415.000 0.896
8420.000 0.924
8425.000 0.949
8430.000 0.969
8435.000 0.996
8440.000 1.012
8445.000 1.050
8450.000 1.093
8455.000 1.114
8460.000 1.165
8465.000 1.193
8470.000 1.248
8475.000 1.278
8480.000 1.351
8485.000 1.419
8490.000 1.454
8495.000 1.526
8500.000 1.566
8505.000 1.661
8510.000 1.783
8515.000 1.864
8520.000 2.096
8525.000 2.280
8530.000 2.932
8535.000 4.534
8540.000 5.836
8545.000 6.346
8550.000 3.441
8555.000 2.586
8560.000 1.957
8565.000 2.038
8570.000 1.996
8575.000 2.160
8580.000 2.603
8585.000 3.044
8590.000 3.313
8595.000 3.930
8600.000 4.306
8605.000 5.257
8610.000 6.520
8615.000 7.303
8620.000 9.194
8625.000 10.266
8630.000 12.547
8635.000 14.527
8640.000 15.049
8645.000 14.300
8650.000 12.781
8655.000 9.053
8660.000 6.285
8665.000 5.358
8670.000 4.302
8675.000 4.027
8680.000 3.840
8685.000 3.860
8690.000 3.763
8695.000 3.203
8700.000 2.912
8705.000 2.510
8710.000 2.190
8715.000 2.057
8720.000 1.833
8725.000 1.736
8730.000 1.572
8735.000 1.427
8740.000 1.361
8745.000 1.248
8750.000 1.191
8755.000 1.089
8760.000 1.003
8765.000 0.962
8770.000 0.882
8775.000 0.841
8780.000 0.790
8785.000 0.736
8790.000 0.702
8795.000 0.647
8800.000 0.622
8805.000 0.579
8810.000 0.540
8815.000 0.520
8820.000 0.488
8825.000 0.464
8830.000 0.434
8835.000 0.415
8840.000 0.410
8845.000 0.393
8850.000 0.389
8855.000 0.369
8860.000 0.354
8865.000 0.347
8870.000 0.332
8875.000 0.325
8880.000 0.312
8885.000 0.302
8890.000 0.296
8895.000 0.285
8900.000 0.280
8905.000 0.269
8910.000 0.265
8915.000 0.263
8920.000 0.260
8925.000 0.253
8930.000 0.244
8935.000 0.238
8940.000 0.235
8945.000 0.227
8950.000 0.222
8955.000 0.213
8960.000 0.210
8965.000 0.202
8970.000 0.200
8975.000 0.196
8980.000 0.187
8985.000 0.192
8990.000 0.185
8995.000 0.181
9000.000 0.179
9005.000 0.172
9010.000 0.168
9015.000 0.166
9020.000 0.165
9025.000 0.166
9030.000 0.159
9035.000 0.152
9040.000 0.148
9045.000 0.147
9050.000 0.147
9055.000 0.142
9060.000 0.145
9065.000 0.141
9070.000 0.138
9075.000 0.137
9080.000 0.137
9085.000 0.140
9090.000 0.139
9095.000 0.137
9100.000 0.134
9105.000 0.136
9110.000 0.132
9115.000 0.132
9120.000 0.129
9125.000 0.129
9130.000 0.126
9135.000 0.126
9140.000 0.124
9145.000 0.127
9150.000 0.128
9155.000 0.123
9160.000 0.124
9165.000 0.127
9170.000 0.125
9175.000 0.124
9180.000 0.123
9185.000 0.123
9190.000 0.124
9195.000 0.127
9200.000 0.126
9205.000 0.125
9210.000 0.125
9215.000 0.126
9220.000 0.130
9225.000 0.129
9230.000 0.132
9235.000 0.131
9240.000 0.131
9245.000 0.133
9250.000 0.134
9255.000 0.140
9260.000 0.141
9265.000 0.144
9270.000 0.153
9275.000 0.154
9280.000 0.159
9285.000 0.163
9290.000 0.168
9295.000 0.175
9300.000 0.178
9305.000 0.185
9310.000 0.189
9315.000 0.196
9320.000 0.205
9325.000 0.209
9330.000 0.222
9335.000 0.226
9340.000 0.239
9345.000 0.262
9350.000 0.270
9355.000 0.294
9360.000 0.306
9365.000 0.330
9370.000 0.353
9375.000 0.371
9380.000 0.400
9385.000 0.417
9390.000 0.459
9395.000 0.506
9400.000 0.531
9405.000 0.585
9410.000 0.621
9415.000 0.696
9420.000 0.809
9425.000 0.879
9430.000 1.057
9435.000 1.186
9440.000 1.538
9445.000 2.072
9450.000 2.478
9455.000 3.615
9460.000 4.394
9465.000 6.524
9470.000 9.908
9475.000 12.259
9480.000 16.720
9485.000 16.505
9490.000 6.020
9495.000 5.759
9500.000 4.081
9505.000 2.732
9510.000 2.512
9515.000 1.851
9520.000 1.423
9525.000 1.272
9530.000 1.037
9535.000 0.946
9540.000 0.799
9545.000 0.689
9550.000 0.640
9555.000 0.563
9560.000 0.537
9565.000 0.484
9570.000 0.431
9575.000 0.413
9580.000 0.374
9585.000 0.357
9590.000 0.327
9595.000 0.296
9600.000 0.288
9605.000 0.257
9610.000 0.246
9615.000 0.220
9620.000 0.194
9625.000 0.185
9630.000 0.162
9635.000 0.151
9640.000 0.132
9645.000 0.110
9650.000 0.099
9655.000 0.077
9660.000 0.067
9665.000 0.044
9670.000 0.035
9675.000 0.016
9680.000 0.019
9685.000 0.032
9690.000 0.058
9695.000 0.071
9700.000 0.101
9705.000 0.132
9710.000 0.149
9715.000 0.185
9720.000 0.205
9725.000 0.249
9730.000 0.298
9735.000 0.324
9740.000 0.394
9745.000 0.425
9750.000 0.505
9755.000 0.602
9760.000 0.664
9765.000 0.820
9770.000 0.926
9775.000 1.232
9780.000 1.729
9785.000 2.088
9790.000 3.071
9795.000 3.692
9800.000 5.065
9805.000 6.493
9810.000 7.149
9815.000 8.144
9820.000 8.340
9825.000 7.828
9830.000 6.497
9835.000 5.787
9840.000 4.463
9845.000 3.871
9850.000 2.904
9855.000 2.225
9860.000 2.005
9865.000 1.836
9870.000 1.877
9875.000 2.234
9880.000 2.823
9885.000 3.037
9890.000 3.045
9895.000 2.876
9900.000 2.460
9905.000 2.118
9910.000 1.988
9915.000 1.785
9920.000 1.701
9925.000 1.565
9930.000 1.452
9935.000 1.411
9940.000 1.328
9945.000 1.295
9950.000 1.245
9955.000 1.197
9960.000 1.178
9965.000 1.137
9970.000 1.111
9975.000 1.071
9980.000 1.036
9985.000 1.019
9990.000 0.995
9995.000 0.975
10000.000 0.974
