105.000 0.163
110.000 0.327
115.000 2.217
120.000 3.015
125.000 3.377
130.000 3.514
135.000 3.758
140.000 3.971
145.000 3.992
150.000 3.947
155.000 3.810
160.000 4.103
165.000 3.758
170.000 3.795
175.000 3.749
180.000 3.509
185.000 3.563
190.000 3.587
195.000 3.542
200.000 3.638
205.000 3.706
210.000 3.785
215.000 3.922
220.000 3.846
225.000 3.939
230.000 3.959
235.000 4.108
240.000 4.138
245.000 4.176
250.000 4.264
255.000 4.285
260.000 4.375
265.000 4.457
270.000 4.511
275.000 4.700
280.000 4.574
285.000 4.694
290.000 4.556
295.000 4.622
300.000 4.807
305.000 4.791
310.000 4.770
315.000 4.792
320.000 4.893
325.000 4.997
330.000 5.043
335.000 5.201
340.000 5.319
345.000 5.525
350.000 5.861
355.000 5.970
360.000 6.387
365.000 6.602
370.000 7.048
375.000 7.378
380.000 7.512
385.000 7.916
390.000 8.130
395.000 8.525
400.000 8.836
405.000 8.931
410.000 9.185
415.000 9.189
420.000 9.176
425.000 8.958
430.000 8.848
435.000 8.432
440.000 7.941
445.000 7.149
450.000 6.198
455.000 5.744
460.000 4.828
465.000 4.410
470.000 3.711
475.000 3.156
480.000 2.900
485.000 2.512
490.000 2.339
495.000 2.031
500.000 1.838
505.000 1.776
510.000 1.635
515.000 1.583
520.000 1.462
525.000 1.372
530.000 1.385
535.000 1.270
540.000 1.236
545.000 1.176
550.000 1.113
555.000 1.067
560.000 1.020
565.000 1.013
570.000 0.934
575.000 0.868
580.000 0.847
585.000 0.797
590.000 0.781
595.000 0.736
600.000 0.722
605.000 0.691
610.000 0.671
615.000 0.655
620.000 0.631
625.000 0.614
630.000 0.573
635.000 0.574
640.000 0.572
645.000 0.547
650.000 0.542
655.000 0.524
660.000 0.520
665.000 0.510
670.000 0.496
675.000 0.488
680.000 0.471
685.000 0.462
690.000 0.457
695.000 0.460
700.000 0.458
705.000 0.457
710.000 0.441
715.000 0.428
720.000 0.421
725.000 0.424
730.000 0.421
735.000 0.414
740.000 0.402
745.000 0.411
750.000 0.393
755.000 0.391
760.000 0.384
765.000 0.384
770.000 0.382
775.000 0.381
780.000 0.381
785.000 0.385
790.000 0.382
795.000 0.381
800.000 0.378
805.000 0.375
810.000 0.372
815.000 0.371
820.000 0.366
825.000 0.360
830.000 0.379
835.000 0.361
840.000 0.367
845.000 0.363
850.000 0.348
855.000 0.348
860.000 0.354
865.000 0.350
870.000 0.345
875.000 0.346
880.000 0.343
885.000 0.345
890.000 0.337
895.000 0.339
900.000 0.342
905.000 0.347
910.000 0.345
915.000 0.330
920.000 0.338
925.000 0.343
930.000 0.333
935.000 0.339
940.000 0.336
945.000 0.357
950.000 0.335
955.000 0.336
960.000 0.332
965.000 0.341
970.000 0.335
975.000 0.339
980.000 0.346
985.000 0.326
990.000 0.342
995.000 0.325
1000.000 0.326
1005.000 0.331
1010.000 0.328
1015.000 0.327
1020.000 0.337
1025.000 0.329
1030.000 0.330
1035.000 0.344
1040.000 0.341
1045.000 0.337
1050.000 0.340
1055.000 0.331
1060.000 0.337
1065.000 0.339
1070.000 0.334
1075.000 0.334
1080.000 0.333
1085.000 0.331
1090.000 0.330
1095.000 0.332
1100.000 0.335
1105.000 0.336
1110.000 0.330
1115.000 0.333
1120.000 0.334
1125.000 0.338
1130.000 0.330
1135.000 0.340
1140.000 0.333
1145.000 0.340
1150.000 0.335
1155.000 0.327
1160.000 0.335
1165.000 0.332
1170.000 0.343
1175.000 0.339
1180.000 0.333
1185.000 0.336
1190.000 0.337
1195.000 0.342
1200.000 0.342
1205.000 0.337
1210.000 0.338
1215.000 0.335
1220.000 0.336
1225.000 0.339
1230.000 0.340
1235.000 0.344
1240.000 0.342
1245.000 0.341
1250.000 0.340
1255.000 0.346
1260.000 0.341
1265.000 0.344
1270.000 0.347
1275.000 0.347
1280.000 0.345
1285.000 0.348
1290.000 0.348
1295.000 0.347
1300.000 0.344
1305.000 0.345
1310.000 0.346
1315.000 0.351
1320.000 0.352
1325.000 0.353
1330.000 0.351
1335.000 0.353
1340.000 0.351
1345.000 0.349
1350.000 0.356
1355.000 0.357
1360.000 0.353
1365.000 0.356
1370.000 0.354
1375.000 0.357
1380.000 0.355
1385.000 0.361
1390.000 0.359
1395.000 0.358
1400.000 0.361
1405.000 0.360
1410.000 0.356
1415.000 0.356
1420.000 0.359
1425.000 0.358
1430.000 0.356
1435.000 0.354
1440.000 0.350
1445.000 0.352
1450.000 0.351
1455.000 0.345
1460.000 0.347
1465.000 0.346
1470.000 0.350
1475.000 0.350
1480.000 0.376
1485.000 0.381
1490.000 0.371
1495.000 0.367
1500.000 0.362
1505.000 0.370
1510.000 0.383
1515.000 0.379
1520.000 0.383
1525.000 0.386
1530.000 0.375
1535.000 0.382
1540.000 0.386
1545.000 0.391
1550.000 0.395
1555.000 0.397
1560.000 0.397
1565.000 0.401
1570.000 0.406
1575.000 0.407
1580.000 0.407
1585.000 0.400
1590.000 0.410
1595.000 0.421
1600.000 0.420
1605.000 0.423
1610.000 0.423
1615.000 0.426
1620.000 0.453
1625.000 0.448
1630.000 0.438
1635.000 0.438
1640.000 0.444
1645.000 0.447
1650.000 0.450
1655.000 0.452
1660.000 0.461
1665.000 0.463
1670.000 0.484
1675.000 0.486
1680.000 0.488
1685.000 0.485
1690.000 0.493
1695.000 0.495
1700.000 0.503
1705.000 0.512
1710.000 0.515
1715.000 0.519
1720.000 0.526
1725.000 0.534
1730.000 0.539
1735.000 0.541
1740.000 0.547
1745.000 0.557
1750.000 0.560
1755.000 0.570
1760.000 0.579
1765.000 0.584
1770.000 0.590
1775.000 0.597
1780.000 0.613
1785.000 0.620
1790.000 0.621
1795.000 0.627
1800.000 0.635
1805.000 0.652
1810.000 0.648
1815.000 0.653
1820.000 0.655
1825.000 0.664
1830.000 0.673
1835.000 0.676
1840.000 0.686
1845.000 0.683
1850.000 0.683
1855.000 0.695
1860.000 0.690
1865.000 0.689
1870.000 0.695
1875.000 0.688
1880.000 0.690
1885.000 0.686
1890.000 0.686
1895.000 0.685
1900.000 0.682
1905.000 0.671
1910.000 0.669
1915.000 0.665
1920.000 0.667
1925.000 0.652
1930.000 0.644
1935.000 0.648
1940.000 0.645
1945.000 0.638
1950.000 0.635
1955.000 0.622
1960.000 0.617
1965.000 0.609
1970.000 0.603
1975.000 0.586
1980.000 0.580
1985.000 0.575
1990.000 0.573
1995.000 0.559
2000.000 0.561
2005.000 0.560
2010.000 0.555
2015.000 0.543
2020.000 0.532
2025.000 0.537
2030.000 0.514
2035.000 0.526
2040.000 0.512
2045.000 0.511
2050.000 0.514
2055.000 0.500
2060.000 0.500
2065.000 0.485
2070.000 0.489
2075.000 0.477
2080.000 0.476
2085.000 0.475
2090.000 0.464
2095.000 0.464
2100.000 0.458
2105.000 0.449
2110.000 0.452
2115.000 0.444
2120.000 0.445
2125.000 0.436
2130.000 0.434
2135.000 0.429
2140.000 0.423
2145.000 0.424
2150.000 0.415
2155.000 0.413
2160.000 0.409
2165.000 0.408
2170.000 0.404
2175.000 0.405
2180.000 0.397
2185.000 0.398
2190.000 0.390
2195.000 0.391
2200.000 0.381
2205.000 0.379
2210.000 0.375
2215.000 0.371
2220.000 0.366
2225.000 0.353
2230.000 0.346
2235.000 0.341
2240.000 0.334
2245.000 0.324
2250.000 0.312
2255.000 0.293
2260.000 0.283
2265.000 0.253
2270.000 0.247
2275.000 0.216
2280.000 0.231
2285.000 0.284
2290.000 0.844
2295.000 1.547
2300.000 4.210
2305.000 10.679
2310.000 15.824
2315.000 25.206
2320.000 22.545
2325.000 2.247
2330.000 1.242
2335.000 0.360
2340.000 0.152
2345.000 0.173
2350.000 0.206
2355.000 0.245
2360.000 0.255
2365.000 0.259
2370.000 0.268
2375.000 0.268
2380.000 0.267
2385.000 0.266
2390.000 0.267
2395.000 0.268
2400.000 0.267
2405.000 0.267
2410.000 0.263
2415.000 0.266
2420.000 0.264
2425.000 0.264
2430.000 0.265
2435.000 0.265
2440.000 0.262
2445.000 0.264
2450.000 0.265
2455.000 0.265
2460.000 0.265
2465.000 0.268
2470.000 0.268
2475.000 0.269
2480.000 0.269
2485.000 0.270
2490.000 0.269
2495.000 0.268
2500.000 0.270
2505.000 0.272
2510.000 0.271
2515.000 0.274
2520.000 0.275
2525.000 0.276
2530.000 0.276
2535.000 0.275
2540.000 0.279
2545.000 0.280
2550.000 0.282
2555.000 0.281
2560.000 0.283
2565.000 0.284
2570.000 0.285
2575.000 0.288
2580.000 0.289
2585.000 0.291
2590.000 0.292
2595.000 0.294
2600.000 0.297
2605.000 0.297
2610.000 0.300
2615.000 0.304
2620.000 0.303
2625.000 0.307
2630.000 0.306
2635.000 0.313
2640.000 0.317
2645.000 0.318
2650.000 0.322
2655.000 0.321
2660.000 0.325
2665.000 0.328
2670.000 0.332
2675.000 0.336
2680.000 0.338
2685.000 0.340
2690.000 0.344
2695.000 0.349
2700.000 0.353
2705.000 0.355
2710.000 0.359
2715.000 0.362
2720.000 0.369
2725.000 0.373
2730.000 0.376
2735.000 0.382
2740.000 0.388
2745.000 0.391
2750.000 0.394
2755.000 0.396
2760.000 0.400
2765.000 0.405
2770.000 0.407
2775.000 0.414
2780.000 0.416
2785.000 0.422
2790.000 0.428
2795.000 0.431
2800.000 0.435
2805.000 0.438
2810.000 0.442
2815.000 0.447
2820.000 0.451
2825.000 0.455
2830.000 0.461
2835.000 0.467
2840.000 0.471
2845.000 0.475
2850.000 0.479
2855.000 0.481
2860.000 0.486
2865.000 0.490
2870.000 0.495
2875.000 0.501
2880.000 0.502
2885.000 0.508
2890.000 0.511
2895.000 0.514
2900.000 0.518
2905.000 0.519
2910.000 0.525
2915.000 0.529
2920.000 0.531
2925.000 0.533
2930.000 0.535
2935.000 0.535
2940.000 0.540
2945.000 0.539
2950.000 0.546
2955.000 0.547
2960.000 0.543
2965.000 0.548
2970.000 0.550
2975.000 0.556
2980.000 0.556
2985.000 0.555
2990.000 0.550
2995.000 0.552
3000.000 0.550
3005.000 0.550
3010.000 0.556
3015.000 0.554
3020.000 0.545
3025.000 0.549
3030.000 0.564
3035.000 0.551
3040.000 0.554
3045.000 0.551
3050.000 0.545
3055.000 0.554
3060.000 0.552
3065.000 0.546
3070.000 0.549
3075.000 0.547
3080.000 0.547
3085.000 0.543
3090.000 0.547
3095.000 0.546
3100.000 0.542
3105.000 0.542
3110.000 0.542
3115.000 0.542
3120.000 0.543
3125.000 0.543
3130.000 0.542
3135.000 0.541
3140.000 0.540
3145.000 0.539
3150.000 0.537
3155.000 0.537
3160.000 0.540
3165.000 0.541
3170.000 0.539
3175.000 0.535
3180.000 0.534
3185.000 0.538
3190.000 0.536
3195.000 0.538
3200.000 0.538
3205.000 0.537
3210.000 0.535
3215.000 0.538
3220.000 0.536
3225.000 0.539
3230.000 0.539
3235.000 0.544
3240.000 0.545
3245.000 0.543
3250.000 0.544
3255.000 0.543
3260.000 0.544
3265.000 0.544
3270.000 0.547
3275.000 0.550
3280.000 0.548
3285.000 0.552
3290.000 0.552
3295.000 0.552
3300.000 0.556
3305.000 0.554
3310.000 0.559
3315.000 0.561
3320.000 0.562
3325.000 0.566
3330.000 0.572
3335.000 0.575
3340.000 0.575
3345.000 0.575
3350.000 0.584
3355.000 0.586
3360.000 0.591
3365.000 0.588
3370.000 0.590
3375.000 0.597
3380.000 0.599
3385.000 0.604
3390.000 0.610
3395.000 0.612
3400.000 0.623
3405.000 0.625
3410.000 0.637
3415.000 0.640
3420.000 0.642
3425.000 0.644
3430.000 0.649
3435.000 0.657
3440.000 0.660
3445.000 0.673
3450.000 0.679
3455.000 0.682
3460.000 0.690
3465.000 0.701
3470.000 0.713
3475.000 0.720
3480.000 0.726
3485.000 0.744
3490.000 0.748
3495.000 0.764
3500.000 0.781
3505.000 0.792
3510.000 0.804
3515.000 0.816
3520.000 0.833
3525.000 0.860
3530.000 0.871
3535.000 0.897
3540.000 0.909
3545.000 0.951
3550.000 0.981
3555.000 1.002
3560.000 1.044
3565.000 1.066
3570.000 1.116
3575.000 1.136
3580.000 1.182
3585.000 1.225
3590.000 1.256
3595.000 1.311
3600.000 1.350
3605.000 1.411
3610.000 1.490
3615.000 1.527
3620.000 1.625
3625.000 1.678
3630.000 1.800
3635.000 1.946
3640.000 2.044
3645.000 2.256
3650.000 2.398
3655.000 2.731
3660.000 3.225
3665.000 3.520
3670.000 4.354
3675.000 4.906
3680.000 6.416
3685.000 8.593
3690.000 10.085
3695.000 15.228
3700.000 20.553
3705.000 34.751
3710.000 34.356
3715.000 29.986
3720.000 15.843
3725.000 12.604
3730.000 8.203
3735.000 5.696
3740.000 4.877
3745.000 3.717
3750.000 3.286
3755.000 2.631
3760.000 2.168
3765.000 1.990
3770.000 1.698
3775.000 1.583
3780.000 1.387
3785.000 1.238
3790.000 1.173
3795.000 1.063
3800.000 1.016
3805.000 0.934
3810.000 0.866
3815.000 0.835
3820.000 0.781
3825.000 0.757
3830.000 0.716
3835.000 0.677
3840.000 0.661
3845.000 0.627
3850.000 0.616
3855.000 0.588
3860.000 0.576
3865.000 0.553
3870.000 0.533
3875.000 0.524
3880.000 0.508
3885.000 0.499
3890.000 0.483
3895.000 0.470
3900.000 0.464
3905.000 0.453
3910.000 0.445
3915.000 0.437
3920.000 0.426
3925.000 0.421
3930.000 0.411
3935.000 0.409
3940.000 0.399
3945.000 0.395
3950.000 0.392
3955.000 0.380
3960.000 0.384
3965.000 0.377
3970.000 0.370
3975.000 0.371
3980.000 0.366
3985.000 0.364
3990.000 0.349
3995.000 0.347
4000.000 0.354
4005.000 0.343
4010.000 0.338
4015.000 0.336
4020.000 0.344
4025.000 0.331
4030.000 0.328
4035.000 0.332
4040.000 0.331
4045.000 0.330
4050.000 0.328
4055.000 0.323
4060.000 0.325
4065.000 0.317
4070.000 0.321
4075.000 0.319
4080.000 0.316
4085.000 0.313
4090.000 0.312
4095.000 0.311
4100.000 0.312
4105.000 0.312
4110.000 0.308
4115.000 0.309
4120.000 0.308
4125.000 0.306
4130.000 0.305
4135.000 0.304
4140.000 0.305
4145.000 0.303
4150.000 0.301
4155.000 0.302
4160.000 0.300
4165.000 0.297
4170.000 0.297
4175.000 0.296
4180.000 0.297
4185.000 0.295
4190.000 0.293
4195.000 0.293
4200.000 0.293
4205.000 0.289
4210.000 0.289
4215.000 0.287
4220.000 0.284
4225.000 0.283
4230.000 0.283
4235.000 0.281
4240.000 0.278
4245.000 0.275
4250.000 0.275
4255.000 0.272
4260.000 0.270
4265.000 0.268
4270.000 0.267
4275.000 0.266
4280.000 0.267
4285.000 0.264
4290.000 0.264
4295.000 0.264
4300.000 0.262
4305.000 0.261
4310.000 0.262
4315.000 0.260
4320.000 0.261
4325.000 0.260
4330.000 0.259
4335.000 0.261
4340.000 0.261
4345.000 0.260
4350.000 0.260
4355.000 0.261
4360.000 0.259
4365.000 0.259
4370.000 0.258
4375.000 0.258
4380.000 0.258
4385.000 0.259
4390.000 0.260
4395.000 0.259
4400.000 0.258
4405.000 0.259
4410.000 0.260
4415.000 0.259
4420.000 0.261
4425.000 0.262
4430.000 0.260
4435.000 0.262
4440.000 0.262
4445.000 0.260
4450.000 0.260
4455.000 0.259
4460.000 0.259
4465.000 0.259
4470.000 0.257
4475.000 0.259
4480.000 0.260
4485.000 0.259
4490.000 0.259
4495.000 0.259
4500.000 0.260
4505.000 0.259
4510.000 0.261
4515.000 0.260
4520.000 0.260
4525.000 0.261
4530.000 0.260
4535.000 0.261
4540.000 0.261
4545.000 0.262
4550.000 0.261
4555.000 0.260
4560.000 0.262
4565.000 0.262
4570.000 0.262
4575.000 0.261
4580.000 0.263
4585.000 0.261
4590.000 0.261
4595.000 0.261
4600.000 0.263
4605.000 0.263
4610.000 0.262
4615.000 0.260
4620.000 0.262
4625.000 0.262
4630.000 0.264
4635.000 0.262
4640.000 0.263
4645.000 0.263
4650.000 0.263
4655.000 0.263
4660.000 0.262
4665.000 0.262
4670.000 0.262
4675.000 0.263
4680.000 0.262
4685.000 0.263
4690.000 0.262
4695.000 0.265
4700.000 0.263
4705.000 0.264
4710.000 0.264
4715.000 0.264
4720.000 0.264
4725.000 0.265
4730.000 0.265
4735.000 0.266
4740.000 0.265
4745.000 0.267
4750.000 0.267
4755.000 0.268
4760.000 0.266
4765.000 0.268
4770.000 0.269
4775.000 0.269
4780.000 0.271
4785.000 0.269
4790.000 0.274
4795.000 0.274
4800.000 0.273
4805.000 0.274
4810.000 0.275
4815.000 0.276
4820.000 0.277
4825.000 0.278
4830.000 0.280
4835.000 0.282
4840.000 0.282
4845.000 0.284
4850.000 0.286
4855.000 0.287
4860.000 0.290
4865.000 0.291
4870.000 0.291
4875.000 0.300
4880.000 0.302
4885.000 0.302
4890.000 0.305
4895.000 0.308
4900.000 0.309
4905.000 0.317
4910.000 0.318
4915.000 0.324
4920.000 0.330
4925.000 0.342
4930.000 0.354
4935.000 0.364
4940.000 0.392
4945.000 0.406
4950.000 0.468
4955.000 0.599
4960.000 0.733
4965.000 1.515
4970.000 2.514
4975.000 6.245
4980.000 8.255
4985.000 3.855
4990.000 2.558
4995.000 1.691
5000.000 4.001
5005.000 3.635
5010.000 1.618
5015.000 0.955
5020.000 0.909
5025.000 0.618
5030.000 0.474
5035.000 0.427
5040.000 0.386
5045.000 0.366
5050.000 0.327
5055.000 0.324
5060.000 0.303
5065.000 0.289
5070.000 0.283
5075.000 0.275
5080.000 0.272
5085.000 0.259
5090.000 0.256
5095.000 0.256
5100.000 0.250
5105.000 0.251
5110.000 0.248
5115.000 0.245
5120.000 0.243
5125.000 0.244
5130.000 0.243
5135.000 0.243
5140.000 0.241
5145.000 0.242
5150.000 0.241
5155.000 0.242
5160.000 0.241
5165.000 0.241
5170.000 0.241
5175.000 0.241
5180.000 0.242
5185.000 0.243
5190.000 0.242
5195.000 0.240
5200.000 0.241
5205.000 0.240
5210.000 0.242
5215.000 0.241
5220.000 0.243
5225.000 0.242
5230.000 0.242
5235.000 0.242
5240.000 0.244
5245.000 0.244
5250.000 0.245
5255.000 0.245
5260.000 0.250
5265.000 0.248
5270.000 0.250
5275.000 0.250
5280.000 0.251
5285.000 0.253
5290.000 0.256
5295.000 0.255
5300.000 0.257
5305.000 0.257
5310.000 0.260
5315.000 0.262
5320.000 0.264
5325.000 0.266
5330.000 0.268
5335.000 0.271
5340.000 0.274
5345.000 0.275
5350.000 0.278
5355.000 0.281
5360.000 0.283
5365.000 0.287
5370.000 0.289
5375.000 0.295
5380.000 0.294
5385.000 0.302
5390.000 0.304
5395.000 0.308
5400.000 0.311
5405.000 0.313
5410.000 0.318
5415.000 0.325
5420.000 0.328
5425.000 0.336
5430.000 0.337
5435.000 0.344
5440.000 0.346
5445.000 0.351
5450.000 0.352
5455.000 0.355
5460.000 0.362
5465.000 0.371
5470.000 0.373
5475.000 0.378
5480.000 0.382
5485.000 0.387
5490.000 0.397
5495.000 0.397
5500.000 0.404
5505.000 0.410
5510.000 0.416
5515.000 0.420
5520.000 0.430
5525.000 0.432
5530.000 0.448
5535.000 0.451
5540.000 0.448
5545.000 0.443
5550.000 0.442
5555.000 0.443
5560.000 0.446
5565.000 0.446
5570.000 0.444
5575.000 0.452
5580.000 0.449
5585.000 0.455
5590.000 0.458
5595.000 0.461
5600.000 0.459
5605.000 0.465
5610.000 0.467
5615.000 0.472
5620.000 0.468
5625.000 0.474
5630.000 0.476
5635.000 0.480
5640.000 0.485
5645.000 0.485
5650.000 0.491
5655.000 0.498
5660.000 0.500
5665.000 0.501
5670.000 0.498
5675.000 0.503
5680.000 0.503
5685.000 0.508
5690.000 0.510
5695.000 0.514
5700.000 0.516
5705.000 0.515
5710.000 0.523
5715.000 0.521
5720.000 0.526
5725.000 0.529
5730.000 0.532
5735.000 0.532
5740.000 0.537
5745.000 0.540
5750.000 0.547
5755.000 0.547
5760.000 0.552
5765.000 0.554
5770.000 0.558
5775.000 0.562
5780.000 0.567
5785.000 0.564
5790.000 0.568
5795.000 0.577
5800.000 0.579
5805.000 0.580
5810.000 0.586
5815.000 0.589
5820.000 0.592
5825.000 0.600
5830.000 0.603
5835.000 0.612
5840.000 0.611
5845.000 0.618
5850.000 0.628
5855.000 0.631
5860.000 0.637
5865.000 0.637
5870.000 0.647
5875.000 0.657
5880.000 0.660
5885.000 0.664
5890.000 0.673
5895.000 0.681
5900.000 0.685
5905.000 0.688
5910.000 0.697
5915.000 0.697
5920.000 0.711
5925.000 0.718
5930.000 0.725
5935.000 0.741
5940.000 0.753
5945.000 0.764
5950.000 0.774
5955.000 0.774
5960.000 0.789
5965.000 0.787
5970.000 0.805
5975.000 0.805
5980.000 0.816
5985.000 0.836
5990.000 0.841
5995.000 0.861
6000.000 0.872
6005.000 0.881
6010.000 0.894
6015.000 0.906
6020.000 0.908
6025.000 0.941
6030.000 0.942
6035.000 0.967
6040.000 0.972
6045.000 0.987
6050.000 0.997
6055.000 1.012
6060.000 1.040
6065.000 1.057
6070.000 1.077
6075.000 1.093
6080.000 1.103
6085.000 1.128
6090.000 1.144
6095.000 1.196
6100.000 1.224
6105.000 1.233
6110.000 1.268
6115.000 1.300
6120.000 1.324
6125.000 1.353
6130.000 1.376
6135.000 1.434
6140.000 1.459
6145.000 1.511
6150.000 1.565
6155.000 1.598
6160.000 1.666
6165.000 1.701
6170.000 1.780
6175.000 1.871
6180.000 1.931
6185.000 2.041
6190.000 2.110
6195.000 2.285
6200.000 2.466
6205.000 2.558
6210.000 2.802
6215.000 2.945
6220.000 3.308
6225.000 3.731
6230.000 3.968
6235.000 4.502
6240.000 5.041
6245.000 7.706
6250.000 8.204
6255.000 5.228
6260.000 3.349
6265.000 3.159
6270.000 3.058
6275.000 3.039
6280.000 2.976
6285.000 2.881
6290.000 2.829
6295.000 2.697
6300.000 2.617
6305.000 2.471
6310.000 2.269
6315.000 2.276
6320.000 2.073
6325.000 1.981
6330.000 1.804
6335.000 1.672
6340.000 1.611
6345.000 1.506
6350.000 1.455
6355.000 1.368
6360.000 1.287
6365.000 1.243
6370.000 1.167
6375.000 1.136
6380.000 1.071
6385.000 1.017
6390.000 0.990
6395.000 0.942
6400.000 0.920
6405.000 0.875
6410.000 0.827
6415.000 0.799
6420.000 0.748
6425.000 0.726
6430.000 0.688
6435.000 0.651
6440.000 0.640
6445.000 0.606
6450.000 0.593
6455.000 0.568
6460.000 0.548
6465.000 0.535
6470.000 0.517
6475.000 0.508
6480.000 0.495
6485.000 0.481
6490.000 0.474
6495.000 0.461
6500.000 0.454
6505.000 0.445
6510.000 0.434
6515.000 0.429
6520.000 0.420
6525.000 0.416
6530.000 0.413
6535.000 0.408
6540.000 0.398
6545.000 0.394
6550.000 0.393
6555.000 0.397
6560.000 0.473
6565.000 0.618
6570.000 2.229
6575.000 4.339
6580.000 9.033
6585.000 6.764
6590.000 2.076
6595.000 0.801
6600.000 0.431
6605.000 0.382
6610.000 0.458
6615.000 0.452
6620.000 0.411
6625.000 0.387
6630.000 0.366
6635.000 0.350
6640.000 0.346
6645.000 0.336
6650.000 0.329
6655.000 0.323
6660.000 0.316
6665.000 0.313
6670.000 0.315
6675.000 0.333
6680.000 0.325
6685.000 0.316
6690.000 0.313
6695.000 0.308
6700.000 0.304
6705.000 0.300
6710.000 0.297
6715.000 0.298
6720.000 0.296
6725.000 0.296
6730.000 0.295
6735.000 0.295
6740.000 0.293
6745.000 0.290
6750.000 0.288
6755.000 0.291
6760.000 0.290
6765.000 0.300
6770.000 0.307
6775.000 0.305
6780.000 0.301
6785.000 0.296
6790.000 0.295
6795.000 0.293
6800.000 0.292
6805.000 0.290
6810.000 0.287
6815.000 0.286
6820.000 0.287
6825.000 0.285
6830.000 0.284
6835.000 0.282
6840.000 0.281
6845.000 0.282
6850.000 0.281
6855.000 0.281
6860.000 0.282
6865.000 0.280
6870.000 0.283
6875.000 0.283
6880.000 0.282
6885.000 0.281
6890.000 0.281
6895.000 0.282
6900.000 0.280
6905.000 0.279
6910.000 0.281
6915.000 0.280
6920.000 0.283
6925.000 0.285
6930.000 0.283
6935.000 0.285
6940.000 0.282
6945.000 0.282
6950.000 0.279
6955.000 0.282
6960.000 0.283
6965.000 0.282
6970.000 0.277
6975.000 0.280
6980.000 0.281
6985.000 0.278
6990.000 0.285
6995.000 0.286
7000.000 0.277
7005.000 0.288
7010.000 0.289
7015.000 0.287
7020.000 0.279
7025.000 0.288
7030.000 0.286
7035.000 0.281
7040.000 0.280
7045.000 0.279
7050.000 0.279
7055.000 0.284
7060.000 0.285
7065.000 0.288
7070.000 0.283
7075.000 0.284
7080.000 0.301
7085.000 0.310
7090.000 0.301
7095.000 0.299
7100.000 0.297
7105.000 0.294
7110.000 0.294
7115.000 0.296
7120.000 0.293
7125.000 0.293
7130.000 0.288
7135.000 0.289
7140.000 0.290
7145.000 0.293
7150.000 0.290
7155.000 0.288
7160.000 0.287
7165.000 0.286
7170.000 0.285
7175.000 0.285
7180.000 0.287
7185.000 0.293
7190.000 0.288
7195.000 0.289
7200.000 0.287
7205.000 0.286
7210.000 0.286
7215.000 0.286
7220.000 0.286
7225.000 0.294
7230.000 0.289
7235.000 0.292
7240.000 0.299
7245.000 0.297
7250.000 0.295
7255.000 0.291
7260.000 0.291
7265.000 0.285
7270.000 0.287
7275.000 0.284
7280.000 0.283
7285.000 0.284
7290.000 0.281
7295.000 0.281
7300.000 0.294
7305.000 0.298
7310.000 0.304
7315.000 0.294
7320.000 0.291
7325.000 0.287
7330.000 0.280
7335.000 0.280
7340.000 0.275
7345.000 0.274
7350.000 0.272
7355.000 0.271
7360.000 0.275
7365.000 0.269
7370.000 0.266
7375.000 0.260
7380.000 0.253
7385.000 0.249
7390.000 0.239
7395.000 0.232
7400.000 0.221
7405.000 0.206
7410.000 0.197
7415.000 0.183
7420.000 0.172
7425.000 0.151
7430.000 0.160
7435.000 0.186
7440.000 0.317
7445.000 0.505
7450.000 1.442
7455.000 2.753
7460.000 3.373
7465.000 3.761
7470.000 3.245
7475.000 2.120
7480.000 1.830
7485.000 1.638
7490.000 0.957
7495.000 0.756
7500.000 0.534
7505.000 0.427
7510.000 0.396
7515.000 0.359
7520.000 0.343
7525.000 0.325
7530.000 0.311
7535.000 0.306
7540.000 0.300
7545.000 0.296
7550.000 0.295
7555.000 0.295
7560.000 0.299
7565.000 0.299
7570.000 0.298
7575.000 0.298
7580.000 0.297
7585.000 0.302
7590.000 0.303
7595.000 0.303
7600.000 0.304
7605.000 0.313
7610.000 0.313
7615.000 0.309
7620.000 0.304
7625.000 0.306
7630.000 0.304
7635.000 0.302
7640.000 0.300
7645.000 0.297
7650.000 0.303
7655.000 0.302
7660.000 0.299
7665.000 0.307
7670.000 0.305
7675.000 0.298
7680.000 0.294
7685.000 0.294
7690.000 0.289
7695.000 0.291
7700.000 0.290
7705.000 0.290
7710.000 0.288
7715.000 0.286
7720.000 0.287
7725.000 0.285
7730.000 0.287
7735.000 0.283
7740.000 0.286
7745.000 0.286
7750.000 0.290
7755.000 0.294
7760.000 0.285
7765.000 0.282
7770.000 0.280
7775.000 0.280
7780.000 0.275
7785.000 0.282
7790.000 0.285
7795.000 0.280
7800.000 0.276
7805.000 0.273
7810.000 0.270
7815.000 0.266
7820.000 0.266
7825.000 0.267
7830.000 0.266
7835.000 0.266
7840.000 0.263
7845.000 0.260
7850.000 0.259
7855.000 0.258
7860.000 0.257
7865.000 0.264
7870.000 0.273
7875.000 0.267
7880.000 0.264
7885.000 0.258
7890.000 0.249
7895.000 0.251
7900.000 0.258
7905.000 0.252
7910.000 0.246
7915.000 0.243
7920.000 0.242
7925.000 0.238
7930.000 0.237
7935.000 0.236
7940.000 0.237
7945.000 0.242
7950.000 0.240
7955.000 0.236
7960.000 0.237
7965.000 0.239
7970.000 0.234
7975.000 0.247
7980.000 0.249
7985.000 0.255
7990.000 0.276
7995.000 0.275
8000.000 0.295
8005.000 0.316
8010.000 0.362
8015.000 0.419
8020.000 0.450
8025.000 0.590
8030.000 0.656
8035.000 0.961
8040.000 1.500
8045.000 1.902
8050.000 3.149
8055.000 4.124
8060.000 6.928
8065.000 8.795
8070.000 9.052
8075.000 5.429
8080.000 3.021
8085.000 2.506
8090.000 1.632
8095.000 1.435
8100.000 1.125
8105.000 1.010
8110.000 0.846
8115.000 0.732
8120.000 0.687
8125.000 0.616
8130.000 0.584
8135.000 0.535
8140.000 0.501
8145.000 0.484
8150.000 0.459
8155.000 0.446
8160.000 0.427
8165.000 0.409
8170.000 0.405
8175.000 0.388
8180.000 0.380
8185.000 0.373
8190.000 0.363
8195.000 0.357
8200.000 0.346
8205.000 0.344
8210.000 0.334
8215.000 0.331
8220.000 0.326
8225.000 0.319
8230.000 0.317
8235.000 0.321
8240.000 0.316
8245.000 0.313
8250.000 0.307
8255.000 0.304
8260.000 0.296
8265.000 0.289
8270.000 0.286
8275.000 0.282
8280.000 0.280
8285.000 0.278
8290.000 0.271
8295.000 0.268
8300.000 0.262
8305.000 0.258
8310.000 0.259
8315.000 0.255
8320.000 0.251
8325.000 0.253
8330.000 0.250
8335.000 0.251
8340.000 0.248
8345.000 0.243
8350.000 0.236
8355.000 0.235
8360.000 0.228
8365.000 0.226
8370.000 0.221
8375.000 0.218
8380.000 0.216
8385.000 0.212
8390.000 0.212
8395.000 0.215
8400.000 0.207
8405.000 0.204
8410.000 0.198
8415.000 0.200
8420.000 0.194
8425.000 0.187
8430.000 0.182
8435.000 0.179
8440.000 0.177
8445.000 0.176
8450.000 0.176
8455.000 0.175
8460.000 0.166
8465.000 0.164
8470.000 0.158
8475.000 0.155
8480.000 0.150
8485.000 0.147
8490.000 0.145
8495.000 0.147
8500.000 0.145
8505.000 0.143
8510.000 0.147
8515.000 0.154
8520.000 0.184
8525.000 0.266
8530.000 0.352
8535.000 0.910
8540.000 1.834
8545.000 5.028
8550.000 7.130
8555.000 4.350
8560.000 3.040
8565.000 1.707
8570.000 1.877
8575.000 1.675
8580.000 1.659
8585.000 1.688
8590.000 1.770
8595.000 1.970
8600.000 2.285
8605.000 2.461
8610.000 2.922
8615.000 3.270
8620.000 4.115
8625.000 5.286
8630.000 6.027
8635.000 7.722
8640.000 8.656
8645.000 10.323
8650.000 11.046
8655.000 10.731
8660.000 8.786
8665.000 7.564
8670.000 5.406
8675.000 3.722
8680.000 3.118
8685.000 2.421
8690.000 2.320
8695.000 2.253
8700.000 2.096
8705.000 2.003
8710.000 1.831
8715.000 1.756
8720.000 1.617
8725.000 1.503
8730.000 1.455
8735.000 1.395
8740.000 1.387
8745.000 1.332
8750.000 1.273
8755.000 1.247
8760.000 1.207
8765.000 1.181
8770.000 1.141
8775.000 1.110
8780.000 1.094
8785.000 1.069
8790.000 1.056
8795.000 1.031
8800.000 1.006
8805.000 0.992
8810.000 0.996
8815.000 0.980
8820.000 0.963
8825.000 0.981
8830.000 0.953
8835.000 0.947
8840.000 0.953
8845.000 0.927
8850.000 0.884
8855.000 0.868
8860.000 0.849
8865.000 0.839
8870.000 0.821
8875.000 0.814
8880.000 0.807
8885.000 0.793
8890.000 0.784
8895.000 0.776
8900.000 0.766
8905.000 0.762
8910.000 0.751
8915.000 0.747
8920.000 0.739
8925.000 0.733
8930.000 0.725
8935.000 0.719
8940.000 0.715
8945.000 0.708
8950.000 0.700
8955.000 0.706
8960.000 0.695
8965.000 0.694
8970.000 0.682
8975.000 0.683
8980.000 0.681
8985.000 0.676
8990.000 0.679
8995.000 0.671
9000.000 0.667
9005.000 0.663
9010.000 0.654
9015.000 0.651
9020.000 0.656
9025.000 0.645
9030.000 0.644
9035.000 0.652
9040.000 0.647
9045.000 0.642
9050.000 0.645
9055.000 0.631
9060.000 0.631
9065.000 0.631
9070.000 0.629
9075.000 0.628
9080.000 0.629
9085.000 0.626
9090.000 0.622
9095.000 0.623
9100.000 0.618
9105.000 0.621
9110.000 0.615
9115.000 0.614
9120.000 0.615
9125.000 0.615
9130.000 0.612
9135.000 0.610
9140.000 0.610
9145.000 0.609
9150.000 0.608
9155.000 0.606
9160.000 0.605
9165.000 0.607
9170.000 0.604
9175.000 0.603
9180.000 0.603
9185.000 0.603
9190.000 0.599
9195.000 0.600
9200.000 0.601
9205.000 0.600
9210.000 0.600
9215.000 0.598
9220.000 0.598
9225.000 0.605
9230.000 0.612
9235.000 0.607
9240.000 0.611
9245.000 0.623
9250.000 0.619
9255.000 0.608
9260.000 0.600
9265.000 0.598
9270.000 0.598
9275.000 0.598
9280.000 0.596
9285.000 0.597
9290.000 0.615
9295.000 0.615
9300.000 0.610
9305.000 0.606
9310.000 0.600
9315.000 0.597
9320.000 0.594
9325.000 0.592
9330.000 0.594
9335.000 0.595
9340.000 0.594
9345.000 0.593
9350.000 0.589
9355.000 0.591
9360.000 0.591
9365.000 0.593
9370.000 0.593
9375.000 0.595
9380.000 0.593
9385.000 0.593
9390.000 0.595
9395.000 0.595
9400.000 0.596
9405.000 0.597
9410.000 0.593
9415.000 0.599
9420.000 0.602
9425.000 0.604
9430.000 0.606
9435.000 0.609
9440.000 0.610
9445.000 0.618
9450.000 0.622
9455.000 0.631
9460.000 0.649
9465.000 0.667
9470.000 0.708
9475.000 0.738
9480.000 0.822
9485.000 0.762
9490.000 0.623
9495.000 0.626
9500.000 1.842
9505.000 1.434
9510.000 1.022
9515.000 0.853
9520.000 0.785
9525.000 0.738
9530.000 0.678
9535.000 0.649
9540.000 0.612
9545.000 0.586
9550.000 0.583
9555.000 0.575
9560.000 0.571
9565.000 0.570
9570.000 0.569
9575.000 0.568
9580.000 0.568
9585.000 0.566
9590.000 0.567
9595.000 0.568
9600.000 0.571
9605.000 0.578
9610.000 0.572
9615.000 0.578
9620.000 0.570
9625.000 0.595
9630.000 0.585
9635.000 0.584
9640.000 0.583
9645.000 0.582
9650.000 0.583
9655.000 0.579
9660.000 0.576
9665.000 0.572
9670.000 0.574
9675.000 0.575
9680.000 0.574
9685.000 0.573
9690.000 0.572
9695.000 0.575
9700.000 0.583
9705.000 0.583
9710.000 0.583
9715.000 0.583
9720.000 0.583
9725.000 0.583
9730.000 0.590
9735.000 0.590
9740.000 0.591
9745.000 0.596
9750.000 0.597
9755.000 0.602
9760.000 0.602
9765.000 0.611
9770.000 0.627
9775.000 0.629
9780.000 0.644
9785.000 0.654
9790.000 0.666
9795.000 0.682
9800.000 0.687
9805.000 0.709
9810.000 0.724
9815.000 0.702
9820.000 0.631
9825.000 0.565
9830.000 0.393
9835.000 0.311
9840.000 0.209
9845.000 0.200
9850.000 0.216
9855.000 0.261
9860.000 0.283
9865.000 0.307
9870.000 0.258
9875.000 0.200
9880.000 0.201
9885.000 0.360
9890.000 0.936
9895.000 1.254
9900.000 1.255
9905.000 1.192
9910.000 1.146
9915.000 1.050
9920.000 0.962
9925.000 0.917
9930.000 0.835
9935.000 0.799
9940.000 0.731
9945.000 0.678
9950.000 0.653
9955.000 0.618
9960.000 0.610
9965.000 0.596
9970.000 0.585
9975.000 0.583
9980.000 0.579
9985.000 0.576
9990.000 0.583
9995.000 0.578
10000.000 0.569
