105.000 0.055
110.000 0.593
115.000 2.674
120.000 3.007
125.000 3.390
130.000 3.612
135.000 3.836
140.000 3.843
145.000 3.993
150.000 3.945
155.000 3.851
160.000 3.770
165.000 3.715
170.000 3.645
175.000 3.551
180.000 3.579
185.000 3.571
190.000 3.558
195.000 3.623
200.000 3.594
205.000 3.637
210.000 3.686
215.000 3.771
220.000 3.863
225.000 3.895
230.000 3.928
235.000 4.060
240.000 4.282
245.000 4.284
250.000 4.103
255.000 4.288
260.000 4.445
265.000 4.390
270.000 4.544
275.000 4.643
280.000 4.541
285.000 4.602
290.000 4.726
295.000 4.797
300.000 5.001
305.000 4.877
310.000 5.042
315.000 5.048
320.000 5.069
325.000 5.192
330.000 5.262
335.000 5.471
340.000 5.602
345.000 5.805
350.000 6.048
355.000 6.102
360.000 6.461
365.000 6.597
370.000 6.999
375.000 7.371
380.000 7.600
385.000 8.026
390.000 8.220
395.000 8.608
400.000 8.960
405.000 9.054
410.000 9.255
415.000 9.329
420.000 9.314
425.000 9.079
430.000 8.990
435.000 8.431
440.000 8.102
445.000 7.351
450.000 6.966
455.000 5.949
460.000 5.088
465.000 4.652
470.000 3.927
475.000 3.584
480.000 3.017
485.000 2.568
490.000 2.379
495.000 2.073
500.000 1.941
505.000 1.753
510.000 1.629
515.000 1.578
520.000 1.471
525.000 1.439
530.000 1.338
535.000 1.289
540.000 1.263
545.000 1.171
550.000 1.147
555.000 1.083
560.000 1.001
565.000 0.955
570.000 0.909
575.000 0.876
580.000 0.849
585.000 0.807
590.000 0.776
595.000 0.736
600.000 0.719
605.000 0.691
610.000 0.661
615.000 0.657
620.000 0.632
625.000 0.620
630.000 0.593
635.000 0.577
640.000 0.567
645.000 0.547
650.000 0.542
655.000 0.526
660.000 0.510
665.000 0.502
670.000 0.500
675.000 0.492
680.000 0.479
685.000 0.474
690.000 0.449
695.000 0.448
700.000 0.455
705.000 0.434
710.000 0.424
715.000 0.432
720.000 0.435
725.000 0.417
730.000 0.415
735.000 0.409
740.000 0.396
745.000 0.388
750.000 0.392
755.000 0.395
760.000 0.387
765.000 0.384
770.000 0.382
775.000 0.379
780.000 0.375
785.000 0.386
790.000 0.376
795.000 0.380
800.000 0.368
805.000 0.369
810.000 0.367
815.000 0.356
820.000 0.365
825.000 0.360
830.000 0.359
835.000 0.353
840.000 0.360
845.000 0.360
850.000 0.354
855.000 0.338
860.000 0.342
865.000 0.339
870.000 0.344
875.000 0.347
880.000 0.340
885.000 0.339
890.000 0.346
895.000 0.340
900.000 0.339
905.000 0.347
910.000 0.342
915.000 0.339
920.000 0.336
925.000 0.332
930.000 0.333
935.000 0.337
940.000 0.328
945.000 0.333
950.000 0.339
955.000 0.329
960.000 0.324
965.000 0.341
970.000 0.322
975.000 0.341
980.000 0.336
985.000 0.327
990.000 0.323
995.000 0.322
1000.000 0.335
1005.000 0.328
1010.000 0.319
1015.000 0.321
1020.000 0.340
1025.000 0.314
1030.000 0.322
1035.000 0.323
1040.000 0.335
1045.000 0.332
1050.000 0.330
1055.000 0.329
1060.000 0.326
1065.000 0.325
1070.000 0.330
1075.000 0.367
1080.000 0.359
1085.000 0.351
1090.000 0.349
1095.000 0.333
1100.000 0.334
1105.000 0.331
1110.000 0.335
1115.000 0.329
1120.000 0.330
1125.000 0.330
1130.000 0.330
1135.000 0.330
1140.000 0.336
1145.000 0.334
1150.000 0.328
1155.000 0.331
1160.000 0.327
1165.000 0.332
1170.000 0.332
1175.000 0.327
1180.000 0.327
1185.000 0.333
1190.000 0.331
1195.000 0.334
1200.000 0.336
1205.000 0.333
1210.000 0.331
1215.000 0.334
1220.000 0.333
1225.000 0.333
1230.000 0.336
1235.000 0.334
1240.000 0.333
1245.000 0.336
1250.000 0.337
1255.000 0.336
1260.000 0.338
1265.000 0.347
1270.000 0.346
1275.000 0.342
1280.000 0.344
1285.000 0.346
1290.000 0.343
1295.000 0.340
1300.000 0.345
1305.000 0.345
1310.000 0.341
1315.000 0.346
1320.000 0.350
1325.000 0.348
1330.000 0.351
1335.000 0.352
1340.000 0.354
1345.000 0.355
1350.000 0.354
1355.000 0.352
1360.000 0.355
1365.000 0.352
1370.000 0.353
1375.000 0.353
1380.000 0.359
1385.000 0.358
1390.000 0.354
1395.000 0.355
1400.000 0.362
1405.000 0.357
1410.000 0.360
1415.000 0.364
1420.000 0.366
1425.000 0.363
1430.000 0.355
1435.000 0.359
1440.000 0.353
1445.000 0.359
1450.000 0.354
1455.000 0.352
1460.000 0.354
1465.000 0.354
1470.000 0.357
1475.000 0.355
1480.000 0.360
1485.000 0.363
1490.000 0.372
1495.000 0.370
1500.000 0.378
1505.000 0.378
1510.000 0.388
1515.000 0.391
1520.000 0.388
1525.000 0.391
1530.000 0.407
1535.000 0.402
1540.000 0.404
1545.000 0.404
1550.000 0.410
1555.000 0.413
1560.000 0.412
1565.000 0.414
1570.000 0.418
1575.000 0.423
1580.000 0.432
1585.000 0.425
1590.000 0.435
1595.000 0.438
1600.000 0.445
1605.000 0.448
1610.000 0.449
1615.000 0.458
1620.000 0.462
1625.000 0.466
1630.000 0.473
1635.000 0.480
1640.000 0.485
1645.000 0.490
1650.000 0.490
1655.000 0.501
1660.000 0.505
1665.000 0.518
1670.000 0.514
1675.000 0.533
1680.000 0.537
1685.000 0.539
1690.000 0.545
1695.000 0.563
1700.000 0.565
1705.000 0.566
1710.000 0.579
1715.000 0.589
1720.000 0.598
1725.000 0.611
1730.000 0.621
1735.000 0.629
1740.000 0.639
1745.000 0.642
1750.000 0.660
1755.000 0.671
1760.000 0.683
1765.000 0.695
1770.000 0.700
1775.000 0.716
1780.000 0.734
1785.000 0.740
1790.000 0.754
1795.000 0.760
1800.000 0.775
1805.000 0.781
1810.000 0.794
1815.000 0.808
1820.000 0.815
1825.000 0.824
1830.000 0.836
1835.000 0.845
1840.000 0.850
1845.000 0.852
1850.000 0.864
1855.000 0.869
1860.000 0.873
1865.000 0.880
1870.000 0.880
1875.000 0.888
1880.000 0.886
1885.000 0.887
1890.000 0.883
1895.000 0.884
1900.000 0.876
1905.000 0.875
1910.000 0.873
1915.000 0.869
1920.000 0.868
1925.000 0.859
1930.000 0.854
1935.000 0.839
1940.000 0.844
1945.000 0.839
1950.000 0.833
1955.000 0.826
1960.000 0.849
1965.000 0.816
1970.000 0.799
1975.000 0.801
1980.000 0.805
1985.000 0.782
1990.000 0.789
1995.000 0.766
2000.000 0.757
2005.000 0.754
2010.000 0.757
2015.000 0.743
2020.000 0.729
2025.000 0.734
2030.000 0.726
2035.000 0.731
2040.000 0.715
2045.000 0.717
2050.000 0.708
2055.000 0.697
2060.000 0.691
2065.000 0.689
2070.000 0.678
2075.000 0.681
2080.000 0.674
2085.000 0.674
2090.000 0.664
2095.000 0.659
2100.000 0.656
2105.000 0.653
2110.000 0.651
2115.000 0.647
2120.000 0.649
2125.000 0.641
2130.000 0.645
2135.000 0.638
2140.000 0.639
2145.000 0.637
2150.000 0.636
2155.000 0.637
2160.000 0.641
2165.000 0.641
2170.000 0.647
2175.000 0.641
2180.000 0.642
2185.000 0.644
2190.000 0.653
2195.000 0.655
2200.000 0.663
2205.000 0.667
2210.000 0.669
2215.000 0.680
2220.000 0.680
2225.000 0.695
2230.000 0.699
2235.000 0.712
2240.000 0.727
2245.000 0.735
2250.000 0.755
2255.000 0.772
2260.000 0.803
2265.000 0.830
2270.000 0.843
2275.000 0.886
2280.000 0.905
2285.000 0.946
2290.000 0.967
2295.000 0.951
2300.000 0.712
2305.000 0.763
2310.000 7.875
2315.000 19.448
2320.000 19.568
2325.000 4.256
2330.000 2.802
2335.000 1.622
2340.000 0.837
2345.000 0.654
2350.000 0.418
2355.000 0.325
2360.000 0.224
2365.000 0.163
2370.000 0.142
2375.000 0.123
2380.000 0.115
2385.000 0.112
2390.000 0.116
2395.000 0.117
2400.000 0.123
2405.000 0.128
2410.000 0.133
2415.000 0.141
2420.000 0.143
2425.000 0.150
2430.000 0.152
2435.000 0.155
2440.000 0.162
2445.000 0.162
2450.000 0.168
2455.000 0.169
2460.000 0.173
2465.000 0.175
2470.000 0.177
2475.000 0.182
2480.000 0.182
2485.000 0.185
2490.000 0.189
2495.000 0.190
2500.000 0.193
2505.000 0.193
2510.000 0.197
2515.000 0.200
2520.000 0.199
2525.000 0.202
2530.000 0.204
2535.000 0.205
2540.000 0.208
2545.000 0.208
2550.000 0.209
2555.000 0.210
2560.000 0.211
2565.000 0.213
2570.000 0.217
2575.000 0.218
2580.000 0.219
2585.000 0.221
2590.000 0.225
2595.000 0.225
2600.000 0.226
2605.000 0.226
2610.000 0.228
2615.000 0.230
2620.000 0.231
2625.000 0.234
2630.000 0.232
2635.000 0.238
2640.000 0.242
2645.000 0.241
2650.000 0.244
2655.000 0.247
2660.000 0.251
2665.000 0.252
2670.000 0.253
2675.000 0.258
2680.000 0.256
2685.000 0.259
2690.000 0.258
2695.000 0.263
2700.000 0.263
2705.000 0.263
2710.000 0.263
2715.000 0.266
2720.000 0.267
2725.000 0.273
2730.000 0.272
2735.000 0.273
2740.000 0.276
2745.000 0.278
2750.000 0.279
2755.000 0.282
2760.000 0.289
2765.000 0.289
2770.000 0.292
2775.000 0.296
2780.000 0.296
2785.000 0.298
2790.000 0.299
2795.000 0.302
2800.000 0.306
2805.000 0.308
2810.000 0.313
2815.000 0.314
2820.000 0.317
2825.000 0.324
2830.000 0.324
2835.000 0.330
2840.000 0.334
2845.000 0.336
2850.000 0.339
2855.000 0.339
2860.000 0.348
2865.000 0.352
2870.000 0.354
2875.000 0.359
2880.000 0.360
2885.000 0.364
2890.000 0.367
2895.000 0.372
2900.000 0.372
2905.000 0.375
2910.000 0.377
2915.000 0.378
2920.000 0.380
2925.000 0.385
2930.000 0.384
2935.000 0.388
2940.000 0.389
2945.000 0.394
2950.000 0.394
2955.000 0.393
2960.000 0.400
2965.000 0.406
2970.000 0.409
2975.000 0.410
2980.000 0.411
2985.000 0.415
2990.000 0.406
2995.000 0.413
3000.000 0.408
3005.000 0.413
3010.000 0.419
3015.000 0.420
3020.000 0.412
3025.000 0.420
3030.000 0.444
3035.000 0.431
3040.000 0.435
3045.000 0.433
3050.000 0.426
3055.000 0.433
3060.000 0.436
3065.000 0.425
3070.000 0.433
3075.000 0.434
3080.000 0.435
3085.000 0.431
3090.000 0.429
3095.000 0.430
3100.000 0.434
3105.000 0.440
3110.000 0.444
3115.000 0.439
3120.000 0.441
3125.000 0.440
3130.000 0.439
3135.000 0.440
3140.000 0.439
3145.000 0.440
3150.000 0.440
3155.000 0.440
3160.000 0.443
3165.000 0.444
3170.000 0.441
3175.000 0.439
3180.000 0.440
3185.000 0.441
3190.000 0.440
3195.000 0.441
3200.000 0.441
3205.000 0.442
3210.000 0.444
3215.000 0.447
3220.000 0.449
3225.000 0.449
3230.000 0.453
3235.000 0.453
3240.000 0.453
3245.000 0.453
3250.000 0.453
3255.000 0.459
3260.000 0.458
3265.000 0.459
3270.000 0.463
3275.000 0.465
3280.000 0.469
3285.000 0.470
3290.000 0.470
3295.000 0.475
3300.000 0.481
3305.000 0.494
3310.000 0.491
3315.000 0.492
3320.000 0.489
3325.000 0.494
3330.000 0.496
3335.000 0.496
3340.000 0.498
3345.000 0.499
3350.000 0.502
3355.000 0.509
3360.000 0.518
3365.000 0.519
3370.000 0.525
3375.000 0.529
3380.000 0.532
3385.000 0.536
3390.000 0.535
3395.000 0.545
3400.000 0.550
3405.000 0.560
3410.000 0.565
3415.000 0.568
3420.000 0.575
3425.000 0.586
3430.000 0.594
3435.000 0.602
3440.000 0.607
3445.000 0.619
3450.000 0.629
3455.000 0.637
3460.000 0.647
3465.000 0.652
3470.000 0.666
3475.000 0.673
3480.000 0.691
3485.000 0.706
3490.000 0.717
3495.000 0.735
3500.000 0.746
3505.000 0.764
3510.000 0.796
3515.000 0.802
3520.000 0.822
3525.000 0.829
3530.000 0.843
3535.000 0.862
3540.000 0.872
3545.000 0.901
3550.000 0.916
3555.000 0.935
3560.000 0.984
3565.000 0.999
3570.000 1.023
3575.000 1.046
3580.000 1.079
3585.000 1.120
3590.000 1.147
3595.000 1.200
3600.000 1.223
3605.000 1.280
3610.000 1.338
3615.000 1.387
3620.000 1.526
3625.000 1.584
3630.000 1.686
3635.000 1.793
3640.000 1.862
3645.000 2.062
3650.000 2.183
3655.000 2.505
3660.000 2.967
3665.000 3.281
3670.000 4.169
3675.000 4.803
3680.000 6.631
3685.000 9.579
3690.000 11.595
3695.000 16.229
3700.000 17.597
3705.000 12.153
3710.000 18.618
3715.000 23.994
3720.000 14.228
3725.000 11.139
3730.000 7.257
3735.000 6.009
3740.000 4.375
3745.000 3.361
3750.000 2.994
3755.000 2.441
3760.000 2.225
3765.000 1.879
3770.000 1.620
3775.000 1.514
3780.000 1.335
3785.000 1.260
3790.000 1.134
3795.000 1.032
3800.000 0.988
3805.000 0.909
3810.000 0.876
3815.000 0.814
3820.000 0.762
3825.000 0.740
3830.000 0.699
3835.000 0.684
3840.000 0.652
3845.000 0.624
3850.000 0.610
3855.000 0.583
3860.000 0.572
3865.000 0.553
3870.000 0.536
3875.000 0.527
3880.000 0.510
3885.000 0.500
3890.000 0.488
3895.000 0.475
3900.000 0.469
3905.000 0.459
3910.000 0.453
3915.000 0.445
3920.000 0.434
3925.000 0.431
3930.000 0.422
3935.000 0.415
3940.000 0.413
3945.000 0.407
3950.000 0.405
3955.000 0.394
3960.000 0.391
3965.000 0.383
3970.000 0.385
3975.000 0.381
3980.000 0.373
3985.000 0.375
3990.000 0.364
3995.000 0.359
4000.000 0.368
4005.000 0.353
4010.000 0.351
4015.000 0.346
4020.000 0.351
4025.000 0.350
4030.000 0.350
4035.000 0.350
4040.000 0.352
4045.000 0.349
4050.000 0.343
4055.000 0.342
4060.000 0.337
4065.000 0.336
4070.000 0.336
4075.000 0.338
4080.000 0.334
4085.000 0.334
4090.000 0.330
4095.000 0.331
4100.000 0.329
4105.000 0.327
4110.000 0.326
4115.000 0.327
4120.000 0.325
4125.000 0.324
4130.000 0.324
4135.000 0.325
4140.000 0.323
4145.000 0.321
4150.000 0.322
4155.000 0.322
4160.000 0.324
4165.000 0.327
4170.000 0.325
4175.000 0.323
4180.000 0.319
4185.000 0.318
4190.000 0.315
4195.000 0.313
4200.000 0.313
4205.000 0.309
4210.000 0.307
4215.000 0.306
4220.000 0.302
4225.000 0.300
4230.000 0.299
4235.000 0.297
4240.000 0.292
4245.000 0.298
4250.000 0.295
4255.000 0.290
4260.000 0.288
4265.000 0.289
4270.000 0.286
4275.000 0.285
4280.000 0.281
4285.000 0.280
4290.000 0.279
4295.000 0.277
4300.000 0.277
4305.000 0.281
4310.000 0.278
4315.000 0.278
4320.000 0.277
4325.000 0.276
4330.000 0.275
4335.000 0.276
4340.000 0.275
4345.000 0.274
4350.000 0.275
4355.000 0.279
4360.000 0.278
4365.000 0.276
4370.000 0.277
4375.000 0.276
4380.000 0.276
4385.000 0.273
4390.000 0.276
4395.000 0.275
4400.000 0.276
4405.000 0.277
4410.000 0.277
4415.000 0.282
4420.000 0.282
4425.000 0.281
4430.000 0.280
4435.000 0.280
4440.000 0.280
4445.000 0.280
4450.000 0.284
4455.000 0.284
4460.000 0.284
4465.000 0.282
4470.000 0.281
4475.000 0.282
4480.000 0.284
4485.000 0.283
4490.000 0.281
4495.000 0.283
4500.000 0.283
4505.000 0.285
4510.000 0.285
4515.000 0.285
4520.000 0.285
4525.000 0.285
4530.000 0.284
4535.000 0.289
4540.000 0.286
4545.000 0.289
4550.000 0.287
4555.000 0.289
4560.000 0.288
4565.000 0.291
4570.000 0.289
4575.000 0.291
4580.000 0.291
4585.000 0.292
4590.000 0.293
4595.000 0.295
4600.000 0.295
4605.000 0.294
4610.000 0.296
4615.000 0.297
4620.000 0.296
4625.000 0.295
4630.000 0.298
4635.000 0.303
4640.000 0.302
4645.000 0.303
4650.000 0.302
4655.000 0.303
4660.000 0.306
4665.000 0.312
4670.000 0.312
4675.000 0.311
4680.000 0.311
4685.000 0.311
4690.000 0.314
4695.000 0.313
4700.000 0.317
4705.000 0.316
4710.000 0.320
4715.000 0.320
4720.000 0.323
4725.000 0.326
4730.000 0.329
4735.000 0.332
4740.000 0.338
4745.000 0.340
4750.000 0.342
4755.000 0.349
4760.000 0.352
4765.000 0.358
4770.000 0.362
4775.000 0.370
4780.000 0.372
4785.000 0.382
4790.000 0.390
4795.000 0.396
4800.000 0.408
4805.000 0.416
4810.000 0.426
4815.000 0.443
4820.000 0.451
4825.000 0.474
4830.000 0.484
4835.000 0.506
4840.000 0.527
4845.000 0.538
4850.000 0.565
4855.000 0.574
4860.000 0.597
4865.000 0.617
4870.000 0.629
4875.000 0.652
4880.000 0.674
4885.000 0.711
4890.000 0.753
4895.000 0.773
4900.000 0.815
4905.000 0.838
4910.000 0.912
4915.000 0.981
4920.000 1.023
4925.000 1.118
4930.000 1.186
4935.000 1.374
4940.000 1.612
4945.000 1.783
4950.000 2.299
4955.000 2.694
4960.000 4.046
4965.000 6.592
4970.000 8.502
4975.000 12.640
4980.000 11.515
4985.000 7.346
4990.000 10.427
4995.000 16.103
5000.000 19.250
5005.000 12.891
5010.000 6.871
5015.000 4.770
5020.000 3.819
5025.000 2.824
5030.000 2.504
5035.000 1.991
5040.000 1.641
5045.000 1.505
5050.000 1.282
5055.000 1.206
5060.000 1.064
5065.000 0.962
5070.000 0.916
5075.000 0.846
5080.000 0.813
5085.000 0.750
5090.000 0.707
5095.000 0.688
5100.000 0.656
5105.000 0.639
5110.000 0.610
5115.000 0.586
5120.000 0.578
5125.000 0.559
5130.000 0.552
5135.000 0.532
5140.000 0.522
5145.000 0.520
5150.000 0.507
5155.000 0.500
5160.000 0.490
5165.000 0.477
5170.000 0.474
5175.000 0.465
5180.000 0.465
5185.000 0.454
5190.000 0.448
5195.000 0.445
5200.000 0.439
5205.000 0.436
5210.000 0.433
5215.000 0.433
5220.000 0.428
5225.000 0.421
5230.000 0.419
5235.000 0.414
5240.000 0.413
5245.000 0.408
5250.000 0.401
5255.000 0.400
5260.000 0.397
5265.000 0.395
5270.000 0.388
5275.000 0.386
5280.000 0.383
5285.000 0.382
5290.000 0.380
5295.000 0.376
5300.000 0.371
5305.000 0.370
5310.000 0.365
5315.000 0.363
5320.000 0.359
5325.000 0.359
5330.000 0.355
5335.000 0.353
5340.000 0.351
5345.000 0.349
5350.000 0.343
5355.000 0.340
5360.000 0.340
5365.000 0.338
5370.000 0.336
5375.000 0.331
5380.000 0.330
5385.000 0.328
5390.000 0.328
5395.000 0.326
5400.000 0.325
5405.000 0.322
5410.000 0.322
5415.000 0.318
5420.000 0.316
5425.000 0.314
5430.000 0.312
5435.000 0.308
5440.000 0.309
5445.000 0.305
5450.000 0.306
5455.000 0.304
5460.000 0.303
5465.000 0.302
5470.000 0.300
5475.000 0.298
5480.000 0.297
5485.000 0.298
5490.000 0.299
5495.000 0.295
5500.000 0.296
5505.000 0.294
5510.000 0.292
5515.000 0.293
5520.000 0.291
5525.000 0.291
5530.000 0.293
5535.000 0.292
5540.000 0.291
5545.000 0.290
5550.000 0.285
5555.000 0.290
5560.000 0.290
5565.000 0.289
5570.000 0.288
5575.000 0.286
5580.000 0.287
5585.000 0.287
5590.000 0.288
5595.000 0.288
5600.000 0.286
5605.000 0.285
5610.000 0.286
5615.000 0.288
5620.000 0.286
5625.000 0.286
5630.000 0.287
5635.000 0.286
5640.000 0.288
5645.000 0.290
5650.000 0.290
5655.000 0.290
5660.000 0.291
5665.000 0.289
5670.000 0.291
5675.000 0.290
5680.000 0.292
5685.000 0.294
5690.000 0.292
5695.000 0.293
5700.000 0.296
5705.000 0.295
5710.000 0.295
5715.000 0.297
5720.000 0.298
5725.000 0.298
5730.000 0.299
5735.000 0.300
5740.000 0.300
5745.000 0.301
5750.000 0.302
5755.000 0.304
5760.000 0.304
5765.000 0.306
5770.000 0.306
5775.000 0.310
5780.000 0.308
5785.000 0.312
5790.000 0.313
5795.000 0.314
5800.000 0.316
5805.000 0.317
5810.000 0.320
5815.000 0.319
5820.000 0.322
5825.000 0.325
5830.000 0.327
5835.000 0.332
5840.000 0.330
5845.000 0.331
5850.000 0.333
5855.000 0.333
5860.000 0.336
5865.000 0.339
5870.000 0.340
5875.000 0.341
5880.000 0.344
5885.000 0.347
5890.000 0.349
5895.000 0.353
5900.000 0.354
5905.000 0.358
5910.000 0.361
5915.000 0.361
5920.000 0.371
5925.000 0.371
5930.000 0.379
5935.000 0.382
5940.000 0.383
5945.000 0.386
5950.000 0.386
5955.000 0.396
5960.000 0.399
5965.000 0.403
5970.000 0.404
5975.000 0.409
5980.000 0.419
5985.000 0.424
5990.000 0.436
5995.000 0.444
6000.000 0.442
6005.000 0.462
6010.000 0.466
6015.000 0.475
6020.000 0.493
6025.000 0.491
6030.000 0.509
6035.000 0.538
6040.000 0.546
6045.000 0.567
6050.000 0.583
6055.000 0.602
6060.000 0.634
6065.000 0.647
6070.000 0.675
6075.000 0.688
6080.000 0.713
6085.000 0.743
6090.000 0.755
6095.000 0.781
6100.000 0.800
6105.000 0.833
6110.000 0.880
6115.000 0.903
6120.000 0.951
6125.000 0.976
6130.000 1.038
6135.000 1.108
6140.000 1.146
6145.000 1.235
6150.000 1.280
6155.000 1.390
6160.000 1.526
6165.000 1.607
6170.000 1.807
6175.000 1.921
6180.000 2.204
6185.000 2.617
6190.000 2.882
6195.000 3.616
6200.000 4.109
6205.000 5.484
6210.000 7.530
6215.000 8.885
6220.000 12.270
6225.000 14.312
6230.000 18.556
6235.000 21.321
6240.000 21.075
6245.000 17.449
6250.000 15.259
6255.000 10.009
6260.000 7.063
6265.000 5.930
6270.000 4.349
6275.000 3.773
6280.000 2.896
6285.000 2.262
6290.000 2.016
6295.000 1.629
6300.000 1.477
6305.000 1.240
6310.000 1.071
6315.000 1.006
6320.000 0.898
6325.000 0.849
6330.000 0.779
6335.000 0.722
6340.000 0.699
6345.000 0.658
6350.000 0.640
6355.000 0.609
6360.000 0.586
6365.000 0.572
6370.000 0.556
6375.000 0.543
6380.000 0.526
6385.000 0.519
6390.000 0.503
6395.000 0.491
6400.000 0.483
6405.000 0.472
6410.000 0.474
6415.000 0.461
6420.000 0.450
6425.000 0.448
6430.000 0.438
6435.000 0.437
6440.000 0.431
6445.000 0.425
6450.000 0.423
6455.000 0.419
6460.000 0.418
6465.000 0.411
6470.000 0.408
6475.000 0.406
6480.000 0.404
6485.000 0.403
6490.000 0.403
6495.000 0.405
6500.000 0.404
6505.000 0.403
6510.000 0.406
6515.000 0.407
6520.000 0.413
6525.000 0.414
6530.000 0.425
6535.000 0.431
6540.000 0.449
6545.000 0.477
6550.000 0.500
6555.000 0.566
6560.000 0.624
6565.000 0.841
6570.000 1.263
6575.000 1.145
6580.000 1.340
6585.000 6.323
6590.000 1.030
6595.000 1.481
6600.000 1.132
6605.000 0.584
6610.000 0.549
6615.000 0.363
6620.000 0.351
6625.000 0.347
6630.000 0.330
6635.000 0.323
6640.000 0.311
6645.000 0.303
6650.000 0.300
6655.000 0.295
6660.000 0.291
6665.000 0.287
6670.000 0.284
6675.000 0.282
6680.000 0.280
6685.000 0.279
6690.000 0.279
6695.000 0.277
6700.000 0.276
6705.000 0.275
6710.000 0.273
6715.000 0.273
6720.000 0.272
6725.000 0.270
6730.000 0.272
6735.000 0.272
6740.000 0.271
6745.000 0.270
6750.000 0.270
6755.000 0.269
6760.000 0.271
6765.000 0.268
6770.000 0.268
6775.000 0.268
6780.000 0.269
6785.000 0.269
6790.000 0.268
6795.000 0.271
6800.000 0.270
6805.000 0.268
6810.000 0.268
6815.000 0.267
6820.000 0.266
6825.000 0.265
6830.000 0.266
6835.000 0.267
6840.000 0.265
6845.000 0.268
6850.000 0.267
6855.000 0.267
6860.000 0.267
6865.000 0.264
6870.000 0.283
6875.000 0.279
6880.000 0.274
6885.000 0.359
6890.000 0.366
6895.000 0.356
6900.000 0.348
6905.000 0.325
6910.000 0.318
6915.000 0.299
6920.000 0.288
6925.000 0.283
6930.000 0.276
6935.000 0.274
6940.000 0.272
6945.000 0.272
6950.000 0.269
6955.000 0.265
6960.000 0.265
6965.000 0.266
6970.000 0.267
6975.000 0.267
6980.000 0.266
6985.000 0.267
6990.000 0.259
6995.000 0.266
7000.000 0.266
7005.000 0.261
7010.000 0.261
7015.000 0.265
7020.000 0.268
7025.000 0.263
7030.000 0.265
7035.000 0.260
7040.000 0.261
7045.000 0.262
7050.000 0.259
7055.000 0.261
7060.000 0.263
7065.000 0.264
7070.000 0.263
7075.000 0.262
7080.000 0.266
7085.000 0.265
7090.000 0.266
7095.000 0.264
7100.000 0.266
7105.000 0.266
7110.000 0.268
7115.000 0.267
7120.000 0.269
7125.000 0.268
7130.000 0.271
7135.000 0.269
7140.000 0.270
7145.000 0.272
7150.000 0.274
7155.000 0.276
7160.000 0.275
7165.000 0.277
7170.000 0.278
7175.000 0.280
7180.000 0.282
7185.000 0.284
7190.000 0.285
7195.000 0.286
7200.000 0.288
7205.000 0.293
7210.000 0.295
7215.000 0.299
7220.000 0.301
7225.000 0.304
7230.000 0.310
7235.000 0.309
7240.000 0.316
7245.000 0.320
7250.000 0.329
7255.000 0.336
7260.000 0.339
7265.000 0.347
7270.000 0.351
7275.000 0.364
7280.000 0.375
7285.000 0.379
7290.000 0.395
7295.000 0.405
7300.000 0.420
7305.000 0.439
7310.000 0.449
7315.000 0.475
7320.000 0.489
7325.000 0.521
7330.000 0.557
7335.000 0.578
7340.000 0.627
7345.000 0.655
7350.000 0.726
7355.000 0.826
7360.000 0.858
7365.000 1.001
7370.000 1.048
7375.000 1.162
7380.000 1.293
7385.000 1.371
7390.000 1.572
7395.000 1.698
7400.000 2.029
7405.000 2.498
7410.000 2.793
7415.000 3.582
7420.000 4.110
7425.000 5.474
7430.000 7.350
7435.000 8.501
7440.000 11.236
7445.000 12.662
7450.000 14.779
7455.000 13.915
7460.000 11.840
7465.000 7.551
7470.000 5.919
7475.000 3.704
7480.000 3.505
7485.000 3.151
7490.000 2.592
7495.000 2.373
7500.000 2.004
7505.000 1.743
7510.000 1.643
7515.000 1.493
7520.000 1.438
7525.000 1.341
7530.000 1.262
7535.000 1.219
7540.000 1.130
7545.000 1.090
7550.000 1.019
7555.000 0.955
7560.000 0.929
7565.000 0.879
7570.000 0.855
7575.000 0.815
7580.000 0.797
7585.000 0.767
7590.000 0.747
7595.000 0.738
7600.000 0.713
7605.000 0.700
7610.000 0.675
7615.000 0.656
7620.000 0.648
7625.000 0.634
7630.000 0.627
7635.000 0.609
7640.000 0.591
7645.000 0.586
7650.000 0.575
7655.000 0.567
7660.000 0.558
7665.000 0.544
7670.000 0.542
7675.000 0.532
7680.000 0.529
7685.000 0.520
7690.000 0.512
7695.000 0.508
7700.000 0.500
7705.000 0.496
7710.000 0.489
7715.000 0.484
7720.000 0.481
7725.000 0.473
7730.000 0.470
7735.000 0.465
7740.000 0.461
7745.000 0.459
7750.000 0.599
7755.000 0.598
7760.000 0.584
7765.000 0.564
7770.000 0.547
7775.000 0.507
7780.000 0.491
7785.000 0.492
7790.000 0.514
7795.000 0.507
7800.000 0.535
7805.000 0.530
7810.000 0.518
7815.000 0.482
7820.000 0.465
7825.000 0.436
7830.000 0.427
7835.000 0.406
7840.000 0.393
7845.000 0.388
7850.000 0.380
7855.000 0.378
7860.000 0.372
7865.000 0.365
7870.000 0.362
7875.000 0.359
7880.000 0.359
7885.000 0.351
7890.000 0.350
7895.000 0.344
7900.000 0.339
7905.000 0.334
7910.000 0.330
7915.000 0.326
7920.000 0.322
7925.000 0.312
7930.000 0.331
7935.000 0.322
7940.000 0.314
7945.000 0.300
7950.000 0.288
7955.000 0.283
7960.000 0.272
7965.000 0.269
7970.000 0.257
7975.000 0.246
7980.000 0.238
7985.000 0.226
7990.000 0.211
7995.000 0.202
8000.000 0.181
8005.000 0.180
8010.000 0.174
8015.000 0.171
8020.000 0.183
8025.000 0.240
8030.000 0.278
8035.000 0.458
8040.000 0.614
8045.000 1.439
8050.000 3.975
8055.000 5.858
8060.000 10.941
8065.000 12.410
8070.000 3.199
8075.000 5.284
8080.000 2.407
8085.000 1.809
8090.000 1.736
8095.000 1.379
8100.000 1.167
8105.000 1.077
8110.000 0.944
8115.000 0.889
8120.000 0.820
8125.000 0.796
8130.000 0.769
8135.000 0.716
8140.000 0.697
8145.000 0.660
8150.000 0.639
8155.000 0.632
8160.000 0.609
8165.000 0.594
8170.000 0.577
8175.000 0.561
8180.000 0.554
8185.000 0.543
8190.000 0.538
8195.000 0.530
8200.000 0.523
8205.000 0.519
8210.000 0.514
8215.000 0.511
8220.000 0.507
8225.000 0.501
8230.000 0.501
8235.000 0.496
8240.000 0.494
8245.000 0.490
8250.000 0.488
8255.000 0.486
8260.000 0.483
8265.000 0.483
8270.000 0.481
8275.000 0.481
8280.000 0.478
8285.000 0.476
8290.000 0.476
8295.000 0.475
8300.000 0.474
8305.000 0.470
8310.000 0.471
8315.000 0.470
8320.000 0.468
8325.000 0.467
8330.000 0.466
8335.000 0.465
8340.000 0.464
8345.000 0.464
8350.000 0.461
8355.000 0.463
8360.000 0.460
8365.000 0.460
8370.000 0.458
8375.000 0.456
8380.000 0.456
8385.000 0.461
8390.000 0.457
8395.000 0.457
8400.000 0.454
8405.000 0.453
8410.000 0.455
8415.000 0.456
8420.000 0.455
8425.000 0.456
8430.000 0.455
8435.000 0.456
8440.000 0.457
8445.000 0.459
8450.000 0.462
8455.000 0.461
8460.000 0.464
8465.000 0.463
8470.000 0.471
8475.000 0.473
8480.000 0.480
8485.000 0.489
8490.000 0.496
8495.000 0.516
8500.000 0.528
8505.000 0.557
8510.000 0.601
8515.000 0.636
8520.000 0.742
8525.000 0.838
8530.000 1.237
8535.000 2.389
8540.000 3.535
8545.000 6.386
8550.000 6.995
8555.000 1.339
8560.000 0.638
8565.000 1.014
8570.000 0.374
8575.000 0.366
8580.000 0.354
8585.000 0.357
8590.000 0.348
8595.000 0.370
8600.000 0.393
8605.000 0.462
8610.000 0.573
8615.000 0.666
8620.000 1.036
8625.000 1.381
8630.000 2.440
8635.000 3.773
8640.000 4.440
8645.000 5.554
8650.000 5.856
8655.000 5.696
8660.000 4.915
8665.000 4.502
8670.000 3.757
8675.000 3.434
8680.000 2.638
8685.000 1.681
8690.000 1.214
8695.000 0.382
8700.000 0.171
8705.000 0.392
8710.000 0.582
8715.000 0.643
8720.000 0.710
8725.000 0.729
8730.000 0.750
8735.000 0.770
8740.000 0.770
8745.000 0.763
8750.000 0.763
8755.000 0.752
8760.000 0.737
8765.000 0.730
8770.000 0.735
8775.000 0.727
8780.000 0.717
8785.000 0.710
8790.000 0.707
8795.000 0.708
8800.000 0.707
8805.000 0.711
8810.000 0.707
8815.000 0.706
8820.000 0.716
8825.000 0.700
8830.000 0.713
8835.000 0.731
8840.000 0.734
8845.000 0.720
8850.000 0.714
8855.000 0.702
8860.000 0.700
8865.000 0.696
8870.000 0.695
8875.000 0.691
8880.000 0.684
8885.000 0.688
8890.000 0.686
8895.000 0.691
8900.000 0.690
8905.000 0.678
8910.000 0.680
8915.000 0.677
8920.000 0.675
8925.000 0.675
8930.000 0.675
8935.000 0.675
8940.000 0.673
8945.000 0.676
8950.000 0.676
8955.000 0.673
8960.000 0.676
8965.000 0.678
8970.000 0.672
8975.000 0.677
8980.000 0.674
8985.000 0.667
8990.000 0.666
8995.000 0.660
9000.000 0.669
9005.000 0.664
9010.000 0.669
9015.000 0.666
9020.000 0.677
9025.000 0.673
9030.000 0.669
9035.000 0.670
9040.000 0.668
9045.000 0.671
9050.000 0.672
9055.000 0.665
9060.000 0.672
9065.000 0.666
9070.000 0.669
9075.000 0.668
9080.000 0.669
9085.000 0.670
9090.000 0.669
9095.000 0.670
9100.000 0.671
9105.000 0.672
9110.000 0.674
9115.000 0.671
9120.000 0.673
9125.000 0.670
9130.000 0.671
9135.000 0.672
9140.000 0.671
9145.000 0.675
9150.000 0.670
9155.000 0.674
9160.000 0.676
9165.000 0.676
9170.000 0.677
9175.000 0.680
9180.000 0.681
9185.000 0.685
9190.000 0.688
9195.000 0.686
9200.000 0.687
9205.000 0.687
9210.000 0.690
9215.000 0.691
9220.000 0.695
9225.000 0.700
9230.000 0.703
9235.000 0.702
9240.000 0.699
9245.000 0.704
9250.000 0.703
9255.000 0.707
9260.000 0.704
9265.000 0.706
9270.000 0.709
9275.000 0.708
9280.000 0.714
9285.000 0.717
9290.000 0.721
9295.000 0.727
9300.000 0.727
9305.000 0.727
9310.000 0.734
9315.000 0.739
9320.000 0.743
9325.000 0.742
9330.000 0.753
9335.000 0.760
9340.000 0.763
9345.000 0.762
9350.000 0.767
9355.000 0.778
9360.000 0.784
9365.000 0.792
9370.000 0.801
9375.000 0.806
9380.000 0.818
9385.000 0.825
9390.000 1.003
9395.000 0.985
9400.000 0.970
9405.000 0.948
9410.000 0.940
9415.000 0.935
9420.000 0.944
9425.000 0.956
9430.000 0.990
9435.000 1.008
9440.000 1.055
9445.000 1.121
9450.000 1.160
9455.000 1.271
9460.000 1.355
9465.000 1.634
9470.000 2.217
9475.000 2.717
9480.000 3.993
9485.000 4.197
9490.000 3.009
9495.000 2.877
9500.000 1.226
9505.000 0.305
9510.000 0.249
9515.000 0.219
9520.000 0.299
9525.000 0.335
9530.000 0.394
9535.000 0.413
9540.000 0.467
9545.000 0.507
9550.000 0.519
9555.000 0.545
9560.000 0.551
9565.000 0.567
9570.000 0.580
9575.000 0.586
9580.000 0.599
9585.000 0.610
9590.000 0.632
9595.000 0.645
9600.000 0.652
9605.000 0.670
9610.000 0.678
9615.000 0.691
9620.000 0.709
9625.000 0.715
9630.000 0.731
9635.000 0.735
9640.000 0.752
9645.000 0.789
9650.000 0.795
9655.000 0.809
9660.000 0.817
9665.000 0.836
9670.000 0.844
9675.000 0.864
9680.000 0.888
9685.000 0.898
9690.000 0.920
9695.000 0.937
9700.000 0.961
9705.000 0.997
9710.000 1.014
9715.000 1.094
9720.000 1.105
9725.000 1.141
9730.000 1.187
9735.000 1.210
9740.000 1.269
9745.000 1.296
9750.000 1.364
9755.000 1.453
9760.000 1.495
9765.000 1.609
9770.000 1.676
9775.000 1.847
9780.000 2.092
9785.000 2.236
9790.000 2.633
9795.000 2.899
9800.000 3.584
9805.000 4.533
9810.000 5.069
9815.000 5.993
9820.000 6.213
9825.000 5.777
9830.000 4.491
9835.000 3.813
9840.000 2.728
9845.000 2.331
9850.000 1.724
9855.000 1.295
9860.000 1.127
9865.000 0.879
9870.000 0.778
9875.000 0.639
9880.000 0.567
9885.000 0.546
9890.000 0.472
9895.000 0.437
9900.000 0.381
9905.000 0.328
9910.000 0.304
9915.000 0.259
9920.000 0.238
9925.000 0.204
9930.000 0.172
9935.000 0.159
9940.000 0.136
9945.000 0.124
9950.000 0.103
9955.000 0.090
9960.000 0.083
9965.000 0.074
9970.000 0.070
9975.000 0.062
9980.000 0.059
9985.000 0.060
9990.000 0.062
9995.000 0.065
10000.000 0.072
