105.000 0.230
110.000 1.533
115.000 2.382
120.000 3.078
125.000 3.233
130.000 3.742
135.000 3.822
140.000 3.850
150.000 3.930
155.000 3.902
160.000 3.750
165.000 3.740
170.000 3.591
175.000 3.569
180.000 3.596
185.000 3.545
190.000 3.544
195.000 3.598
200.000 3.637
205.000 3.597
210.000 3.734
215.000 3.779
220.000 3.815
225.000 3.893
230.000 3.967
235.000 4.035
240.000 4.104
245.000 4.160
250.000 4.082
255.000 4.264
260.000 4.213
265.000 4.205
270.000 4.198
275.000 4.116
280.000 4.169
285.000 4.119
290.000 4.120
295.000 4.254
300.000 4.228
305.000 4.396
310.000 4.432
315.000 4.561
320.000 4.723
325.000 4.772
330.000 4.989
335.000 5.103
340.000 5.303
345.000 5.550
350.000 5.752
355.000 6.055
360.000 6.167
365.000 6.512
370.000 6.919
375.000 7.090
380.000 7.576
385.000 7.776
390.000 8.179
395.000 8.540
400.000 8.717
405.000 8.951
410.000 9.001
415.000 9.060
420.000 8.852
425.000 8.687
430.000 8.132
435.000 7.729
440.000 6.875
445.000 6.034
450.000 5.607
455.000 4.780
460.000 4.410
465.000 3.755
470.000 3.208
475.000 2.979
480.000 2.595
485.000 2.435
490.000 2.206
495.000 2.072
500.000 1.866
505.000 1.718
510.000 1.643
515.000 1.588
520.000 1.494
525.000 1.424
530.000 1.332
535.000 1.345
540.000 1.263
545.000 1.229
550.000 1.157
555.000 1.086
560.000 1.026
565.000 0.989
570.000 0.947
575.000 0.891
580.000 0.844
585.000 0.826
590.000 0.801
595.000 0.778
600.000 0.738
605.000 0.714
610.000 0.822
615.000 0.745
620.000 0.719
625.000 0.677
630.000 0.635
635.000 0.622
640.000 0.593
645.000 0.581
650.000 0.568
655.000 0.537
660.000 0.545
665.000 0.520
670.000 0.514
675.000 0.498
680.000 0.492
685.000 0.481
690.000 0.474
695.000 0.471
700.000 0.456
705.000 0.444
710.000 0.438
715.000 0.435
720.000 0.434
725.000 0.425
730.000 0.417
735.000 0.412
740.000 0.401
745.000 0.397
750.000 0.401
755.000 0.398
760.000 0.391
765.000 0.386
770.000 0.381
775.000 0.379
780.000 0.378
785.000 0.376
790.000 0.376
795.000 0.380
800.000 0.380
805.000 0.381
810.000 0.372
815.000 0.374
820.000 0.369
825.000 0.365
830.000 0.356
835.000 0.361
840.000 0.355
845.000 0.353
850.000 0.350
855.000 0.349
860.000 0.366
865.000 0.345
870.000 0.340
875.000 0.345
880.000 0.347
885.000 0.345
890.000 0.335
895.000 0.344
900.000 0.343
905.000 0.338
910.000 0.340
915.000 0.340
920.000 0.342
925.000 0.342
930.000 0.347
935.000 0.338
940.000 0.338
945.000 0.344
950.000 0.343
955.000 0.339
960.000 0.337
965.000 0.339
970.000 0.335
975.000 0.341
980.000 0.342
985.000 0.345
990.000 0.341
995.000 0.334
1000.000 0.334
1005.000 0.355
1010.000 0.358
1015.000 0.339
1020.000 0.331
1025.000 0.344
1030.000 0.341
1035.000 0.342
1040.000 0.335
1045.000 0.335
1050.000 0.346
1055.000 0.333
1060.000 0.341
1065.000 0.335
1070.000 0.338
1075.000 0.335
1080.000 0.337
1085.000 0.334
1090.000 0.335
1095.000 0.330
1100.000 0.335
1105.000 0.332
1110.000 0.335
1115.000 0.332
1120.000 0.337
1125.000 0.334
1130.000 0.329
1135.000 0.337
1140.000 0.338
1145.000 0.338
1150.000 0.336
1155.000 0.334
1160.000 0.337
1165.000 0.340
1170.000 0.339
1175.000 0.339
1180.000 0.337
1185.000 0.339
1190.000 0.347
1195.000 0.372
1200.000 0.355
1205.000 0.350
1210.000 0.349
1215.000 0.343
1220.000 0.344
1225.000 0.343
1230.000 0.357
1235.000 0.350
1240.000 0.358
1245.000 0.356
1250.000 0.350
1255.000 0.343
1260.000 0.350
1265.000 0.354
1270.000 0.351
1275.000 0.350
1280.000 0.350
1285.000 0.353
1290.000 0.348
1295.000 0.350
1300.000 0.349
1305.000 0.354
1310.000 0.362
1315.000 0.352
1320.000 0.352
1325.000 0.352
1330.000 0.354
1335.000 0.355
1340.000 0.354
1345.000 0.355
1350.000 0.355
1355.000 0.358
1360.000 0.356
1365.000 0.367
1370.000 0.364
1375.000 0.355
1380.000 0.359
1385.000 0.362
1390.000 0.363
1395.000 0.357
1400.000 0.361
1405.000 0.360
1410.000 0.362
1415.000 0.363
1420.000 0.358
1425.000 0.360
1430.000 0.363
1435.000 0.355
1440.000 0.355
1445.000 0.354
1450.000 0.351
1455.000 0.349
1460.000 0.348
1465.000 0.350
1470.000 0.358
1475.000 0.355
1480.000 0.358
1485.000 0.359
1490.000 0.364
1495.000 0.365
1500.000 0.367
1505.000 0.369
1510.000 0.374
1515.000 0.377
1520.000 0.379
1525.000 0.388
1530.000 0.392
1535.000 0.395
1540.000 0.388
1545.000 0.399
1550.000 0.400
1555.000 0.406
1560.000 0.402
1565.000 0.406
1570.000 0.407
1575.000 0.410
1580.000 0.412
1585.000 0.410
1590.000 0.419
1595.000 0.423
1600.000 0.423
1605.000 0.427
1610.000 0.430
1615.000 0.433
1620.000 0.436
1625.000 0.441
1630.000 0.445
1635.000 0.449
1640.000 0.452
1645.000 0.455
1650.000 0.462
1655.000 0.464
1660.000 0.470
1665.000 0.474
1670.000 0.486
1675.000 0.488
1680.000 0.489
1685.000 0.498
1690.000 0.502
1695.000 0.512
1700.000 0.516
1705.000 0.517
1710.000 0.533
1715.000 0.531
1720.000 0.537
1725.000 0.543
1730.000 0.550
1735.000 0.563
1740.000 0.562
1745.000 0.572
1750.000 0.582
1755.000 0.589
1760.000 0.599
1765.000 0.604
1770.000 0.611
1775.000 0.623
1780.000 0.631
1785.000 0.638
1790.000 0.641
1795.000 0.651
1800.000 0.655
1805.000 0.666
1810.000 0.676
1815.000 0.680
1820.000 0.689
1825.000 0.692
1830.000 0.701
1835.000 0.703
1840.000 0.709
1845.000 0.709
1850.000 0.714
1855.000 0.718
1860.000 0.718
1865.000 0.717
1870.000 0.720
1875.000 0.715
1880.000 0.712
1885.000 0.713
1890.000 0.715
1895.000 0.711
1900.000 0.714
1905.000 0.721
1910.000 0.701
1915.000 0.698
1920.000 0.701
1925.000 0.712
1930.000 0.703
1935.000 0.696
1940.000 0.681
1945.000 0.671
1950.000 0.659
1955.000 0.663
1960.000 0.642
1965.000 0.649
1970.000 0.636
1975.000 0.625
1980.000 0.616
1985.000 0.623
1990.000 0.604
1995.000 0.613
2000.000 0.582
2005.000 0.587
2010.000 0.584
2015.000 0.572
2020.000 0.558
2025.000 0.555
2030.000 0.570
2035.000 0.542
2040.000 0.542
2045.000 0.536
2050.000 0.531
2055.000 0.531
2060.000 0.526
2065.000 0.517
2070.000 0.514
2075.000 0.507
2080.000 0.504
2085.000 0.499
2090.000 0.499
2095.000 0.489
2100.000 0.481
2105.000 0.478
2110.000 0.479
2115.000 0.476
2120.000 0.476
2125.000 0.464
2130.000 0.461
2135.000 0.458
2140.000 0.452
2145.000 0.450
2150.000 0.457
2155.000 0.450
2160.000 0.440
2165.000 0.441
2170.000 0.436
2175.000 0.431
2180.000 0.427
2185.000 0.427
2190.000 0.423
2195.000 0.422
2200.000 0.412
2205.000 0.409
2210.000 0.405
2215.000 0.402
2220.000 0.398
2225.000 0.394
2230.000 0.387
2235.000 0.383
2240.000 0.380
2245.000 0.362
2250.000 0.347
2255.000 0.335
2260.000 0.313
2265.000 0.303
2270.000 0.266
2275.000 0.230
2280.000 0.218
2285.000 0.299
2290.000 0.537
2295.000 2.043
2300.000 3.480
2305.000 9.454
2310.000 20.365
2315.000 25.410
2320.000 15.146
2325.000 1.659
2330.000 1.352
2335.000 0.461
2340.000 0.287
2345.000 0.114
2350.000 0.120
2355.000 0.172
2360.000 0.204
2365.000 0.211
2370.000 0.227
2375.000 0.233
2380.000 0.236
2385.000 0.237
2390.000 0.240
2395.000 0.240
2400.000 0.241
2405.000 0.242
2410.000 0.244
2415.000 0.242
2420.000 0.243
2425.000 0.242
2430.000 0.244
2435.000 0.247
2440.000 0.248
2445.000 0.249
2450.000 0.248
2455.000 0.251
2460.000 0.253
2465.000 0.254
2470.000 0.253
2475.000 0.253
2480.000 0.256
2485.000 0.260
2490.000 0.258
2495.000 0.263
2500.000 0.261
2505.000 0.261
2510.000 0.264
2515.000 0.267
2520.000 0.264
2525.000 0.267
2530.000 0.268
2535.000 0.268
2540.000 0.269
2545.000 0.272
2550.000 0.273
2555.000 0.272
2560.000 0.274
2565.000 0.275
2570.000 0.275
2575.000 0.277
2580.000 0.278
2585.000 0.280
2590.000 0.283
2595.000 0.285
2600.000 0.284
2605.000 0.287
2610.000 0.290
2615.000 0.290
2620.000 0.294
2625.000 0.295
2630.000 0.297
2635.000 0.299
2640.000 0.301
2645.000 0.313
2650.000 0.314
2655.000 0.314
2660.000 0.315
2665.000 0.318
2670.000 0.319
2675.000 0.322
2680.000 0.327
2685.000 0.328
2690.000 0.330
2695.000 0.333
2700.000 0.335
2705.000 0.338
2710.000 0.344
2715.000 0.348
2720.000 0.352
2725.000 0.353
2730.000 0.357
2735.000 0.364
2740.000 0.367
2745.000 0.372
2750.000 0.378
2755.000 0.383
2760.000 0.389
2765.000 0.393
2770.000 0.398
2775.000 0.403
2780.000 0.405
2785.000 0.410
2790.000 0.412
2795.000 0.415
2800.000 0.421
2805.000 0.427
2810.000 0.433
2815.000 0.436
2820.000 0.439
2825.000 0.442
2830.000 0.449
2835.000 0.456
2840.000 0.459
2845.000 0.466
2850.000 0.467
2855.000 0.471
2860.000 0.478
2865.000 0.481
2870.000 0.482
2875.000 0.487
2880.000 0.493
2885.000 0.491
2890.000 0.496
2895.000 0.500
2900.000 0.504
2905.000 0.509
2910.000 0.510
2915.000 0.512
2920.000 0.517
2925.000 0.515
2930.000 0.519
2935.000 0.518
2940.000 0.522
2945.000 0.528
2950.000 0.531
2955.000 0.529
2960.000 0.529
2965.000 0.528
2970.000 0.532
2975.000 0.535
2980.000 0.534
2985.000 0.536
2990.000 0.525
2995.000 0.521
3000.000 0.532
3005.000 0.523
3010.000 0.521
3015.000 0.523
3020.000 0.526
3025.000 0.517
3030.000 0.519
3035.000 0.516
3040.000 0.526
3045.000 0.524
3050.000 0.519
3055.000 0.524
3060.000 0.515
3065.000 0.515
3070.000 0.516
3075.000 0.516
3080.000 0.515
3085.000 0.518
3090.000 0.515
3095.000 0.518
3100.000 0.516
3105.000 0.515
3110.000 0.516
3115.000 0.514
3120.000 0.513
3125.000 0.512
3130.000 0.513
3135.000 0.513
3140.000 0.514
3145.000 0.514
3150.000 0.514
3155.000 0.515
3160.000 0.512
3165.000 0.514
3170.000 0.514
3175.000 0.521
3180.000 0.517
3185.000 0.519
3190.000 0.516
3195.000 0.521
3200.000 0.518
3205.000 0.521
3210.000 0.520
3215.000 0.516
3220.000 0.516
3225.000 0.519
3230.000 0.520
3235.000 0.521
3240.000 0.522
3245.000 0.524
3250.000 0.526
3255.000 0.526
3260.000 0.526
3265.000 0.527
3270.000 0.528
3275.000 0.529
3280.000 0.531
3285.000 0.530
3290.000 0.534
3295.000 0.536
3300.000 0.536
3305.000 0.539
3310.000 0.538
3315.000 0.542
3320.000 0.542
3325.000 0.543
3330.000 0.547
3335.000 0.548
3340.000 0.551
3345.000 0.551
3350.000 0.554
3355.000 0.560
3360.000 0.562
3365.000 0.567
3370.000 0.568
3375.000 0.571
3380.000 0.577
3385.000 0.579
3390.000 0.585
3395.000 0.593
3400.000 0.600
3405.000 0.604
3410.000 0.613
3415.000 0.622
3420.000 0.619
3425.000 0.624
3430.000 0.633
3435.000 0.637
3440.000 0.650
3445.000 0.653
3450.000 0.661
3455.000 0.669
3460.000 0.675
3465.000 0.686
3470.000 0.695
3475.000 0.708
3480.000 0.718
3485.000 0.727
3490.000 0.744
3495.000 0.756
3500.000 0.769
3505.000 0.877
3510.000 0.899
3515.000 0.882
3520.000 0.879
3525.000 0.889
3530.000 0.892
3535.000 0.899
3540.000 0.922
3545.000 0.940
3550.000 0.971
3555.000 1.009
3560.000 1.032
3565.000 1.079
3570.000 1.105
3575.000 1.161
3580.000 1.206
3585.000 1.234
3590.000 1.286
3595.000 1.315
3600.000 1.379
3605.000 1.454
3610.000 1.492
3615.000 1.578
3620.000 1.630
3625.000 1.729
3630.000 1.865
3635.000 1.948
3640.000 2.150
3645.000 2.256
3650.000 2.526
3655.000 2.916
3660.000 3.177
3665.000 3.815
3670.000 4.259
3675.000 5.460
3680.000 7.341
3685.000 8.630
3690.000 12.647
3695.000 15.996
3700.000 28.595
3705.000 42.149
3710.000 41.632
3715.000 25.143
3720.000 17.214
3725.000 10.961
3730.000 7.310
3735.000 6.116
3740.000 4.486
3745.000 3.908
3750.000 3.051
3755.000 2.464
3760.000 2.242
3765.000 1.872
3770.000 1.732
3775.000 1.508
3780.000 1.416
3785.000 1.260
3790.000 1.134
3795.000 1.080
3800.000 0.988
3805.000 0.949
3810.000 0.881
3815.000 0.820
3820.000 0.796
3825.000 0.748
3830.000 0.726
3835.000 0.689
3840.000 0.658
3845.000 0.642
3850.000 0.613
3855.000 0.602
3860.000 0.577
3865.000 0.556
3870.000 0.546
3875.000 0.527
3880.000 0.519
3885.000 0.503
3890.000 0.488
3895.000 0.481
3900.000 0.469
3905.000 0.461
3910.000 0.448
3915.000 0.438
3920.000 0.432
3925.000 0.426
3930.000 0.420
3935.000 0.412
3940.000 0.411
3945.000 0.412
3950.000 0.404
3955.000 0.396
3960.000 0.392
3965.000 0.387
3970.000 0.382
3975.000 0.372
3980.000 0.369
3985.000 0.363
3990.000 0.365
3995.000 0.356
4000.000 0.360
4005.000 0.348
4010.000 0.347
4015.000 0.344
4020.000 0.348
4025.000 0.338
4030.000 0.345
4035.000 0.333
4040.000 0.338
4045.000 0.335
4050.000 0.328
4055.000 0.332
4060.000 0.331
4065.000 0.326
4070.000 0.325
4075.000 0.323
4080.000 0.324
4085.000 0.319
4090.000 0.315
4095.000 0.318
4100.000 0.315
4105.000 0.316
4110.000 0.315
4115.000 0.314
4120.000 0.313
4125.000 0.311
4130.000 0.312
4135.000 0.311
4140.000 0.309
4145.000 0.309
4150.000 0.307
4155.000 0.307
4160.000 0.305
4165.000 0.306
4170.000 0.305
4175.000 0.302
4180.000 0.302
4185.000 0.302
4190.000 0.299
4195.000 0.299
4200.000 0.296
4205.000 0.297
4210.000 0.295
4215.000 0.293
4220.000 0.292
4225.000 0.290
4230.000 0.288
4235.000 0.284
4240.000 0.282
4245.000 0.280
4250.000 0.280
4255.000 0.278
4260.000 0.275
4265.000 0.271
4270.000 0.273
4275.000 0.273
4280.000 0.272
4285.000 0.270
4290.000 0.270
4295.000 0.268
4300.000 0.266
4305.000 0.266
4310.000 0.264
4315.000 0.264
4320.000 0.266
4325.000 0.264
4330.000 0.265
4335.000 0.263
4340.000 0.262
4345.000 0.264
4350.000 0.263
4355.000 0.262
4360.000 0.263
4365.000 0.262
4370.000 0.262
4375.000 0.264
4380.000 0.262
4385.000 0.260
4390.000 0.260
4395.000 0.261
4400.000 0.262
4405.000 0.261
4410.000 0.262
4415.000 0.261
4420.000 0.262
4425.000 0.262
4430.000 0.264
4435.000 0.262
4440.000 0.262
4445.000 0.262
4450.000 0.261
4455.000 0.262
4460.000 0.263
4465.000 0.261
4470.000 0.263
4475.000 0.262
4480.000 0.262
4485.000 0.263
4490.000 0.263
4495.000 0.263
4500.000 0.263
4505.000 0.264
4510.000 0.263
4515.000 0.261
4520.000 0.263
4525.000 0.262
4530.000 0.263
4535.000 0.263
4540.000 0.265
4545.000 0.262
4550.000 0.262
4555.000 0.263
4560.000 0.264
4565.000 0.264
4570.000 0.264
4575.000 0.264
4580.000 0.264
4585.000 0.265
4590.000 0.265
4595.000 0.265
4600.000 0.264
4605.000 0.266
4610.000 0.265
4615.000 0.265
4620.000 0.264
4625.000 0.267
4630.000 0.266
4635.000 0.267
4640.000 0.266
4645.000 0.266
4650.000 0.267
4655.000 0.268
4660.000 0.266
4665.000 0.267
4670.000 0.267
4675.000 0.266
4680.000 0.266
4685.000 0.267
4690.000 0.268
4695.000 0.266
4700.000 0.267
4705.000 0.267
4710.000 0.268
4715.000 0.271
4720.000 0.269
4725.000 0.271
4730.000 0.273
4735.000 0.271
4740.000 0.272
4745.000 0.270
4750.000 0.272
4755.000 0.271
4760.000 0.274
4765.000 0.273
4770.000 0.276
4775.000 0.276
4780.000 0.278
4785.000 0.277
4790.000 0.278
4795.000 0.280
4800.000 0.283
4805.000 0.281
4810.000 0.285
4815.000 0.285
4820.000 0.288
4825.000 0.290
4830.000 0.290
4835.000 0.294
4840.000 0.294
4845.000 0.297
4850.000 0.300
4855.000 0.302
4860.000 0.304
4865.000 0.307
4870.000 0.311
4875.000 0.316
4880.000 0.318
4885.000 0.325
4890.000 0.326
4895.000 0.335
4900.000 0.344
4905.000 0.349
4910.000 0.367
4915.000 0.373
4920.000 0.390
4925.000 0.415
4930.000 0.428
4935.000 0.467
4940.000 0.494
4945.000 0.573
4950.000 0.704
4955.000 0.835
4960.000 1.370
4965.000 1.966
4970.000 4.574
4975.000 6.788
4980.000 9.355
4985.000 4.289
4990.000 6.127
4995.000 3.421
5000.000 2.677
5005.000 2.865
5010.000 1.368
5015.000 1.079
5020.000 0.824
5025.000 0.649
5030.000 0.583
5035.000 0.490
5040.000 0.466
5045.000 0.420
5050.000 0.395
5055.000 0.370
5060.000 0.347
5065.000 0.334
5070.000 0.326
5075.000 0.320
5080.000 0.307
5085.000 0.297
5090.000 0.295
5095.000 0.285
5100.000 0.285
5105.000 0.280
5110.000 0.277
5115.000 0.272
5120.000 0.271
5125.000 0.269
5130.000 0.268
5135.000 0.265
5140.000 0.265
5145.000 0.263
5150.000 0.263
5155.000 0.263
5160.000 0.260
5165.000 0.260
5170.000 0.260
5175.000 0.259
5180.000 0.256
5185.000 0.257
5190.000 0.257
5195.000 0.255
5200.000 0.255
5205.000 0.254
5210.000 0.252
5215.000 0.250
5220.000 0.251
5225.000 0.252
5230.000 0.250
5235.000 0.250
5240.000 0.250
5245.000 0.249
5250.000 0.246
5255.000 0.246
5260.000 0.248
5265.000 0.248
5270.000 0.246
5275.000 0.247
5280.000 0.247
5285.000 0.248
5290.000 0.249
5295.000 0.249
5300.000 0.251
5305.000 0.251
5310.000 0.253
5315.000 0.254
5320.000 0.255
5325.000 0.256
5330.000 0.257
5335.000 0.258
5340.000 0.262
5345.000 0.262
5350.000 0.264
5355.000 0.267
5360.000 0.269
5365.000 0.270
5370.000 0.270
5375.000 0.273
5380.000 0.277
5385.000 0.281
5390.000 0.283
5395.000 0.287
5400.000 0.287
5405.000 0.290
5410.000 0.293
5415.000 0.294
5420.000 0.299
5425.000 0.302
5430.000 0.304
5435.000 0.308
5440.000 0.308
5445.000 0.311
5450.000 0.314
5455.000 0.317
5460.000 0.322
5465.000 0.324
5470.000 0.327
5475.000 0.331
5480.000 0.334
5485.000 0.339
5490.000 0.342
5495.000 0.346
5500.000 0.347
5505.000 0.351
5510.000 0.358
5515.000 0.357
5520.000 0.365
5525.000 0.363
5530.000 0.377
5535.000 0.383
5540.000 0.382
5545.000 0.384
5550.000 0.385
5555.000 0.388
5560.000 0.391
5565.000 0.398
5570.000 0.402
5575.000 0.406
5580.000 0.409
5585.000 0.413
5590.000 0.417
5595.000 0.421
5600.000 0.425
5605.000 0.432
5610.000 0.436
5615.000 0.444
5620.000 0.451
5625.000 0.450
5630.000 0.460
5635.000 0.466
5640.000 0.472
5645.000 0.477
5650.000 0.482
5655.000 0.478
5660.000 0.480
5665.000 0.479
5670.000 0.485
5675.000 0.486
5680.000 0.492
5685.000 0.489
5690.000 0.495
5695.000 0.498
5700.000 0.502
5705.000 0.499
5710.000 0.504
5715.000 0.509
5720.000 0.513
5725.000 0.516
5730.000 0.518
5735.000 0.522
5740.000 0.528
5745.000 0.533
5750.000 0.530
5755.000 0.533
5760.000 0.533
5765.000 0.540
5770.000 0.547
5775.000 0.549
5780.000 0.552
5785.000 0.553
5790.000 0.553
5795.000 0.561
5800.000 0.562
5805.000 0.567
5810.000 0.569
5815.000 0.575
5820.000 0.580
5825.000 0.585
5830.000 0.590
5835.000 0.592
5840.000 0.598
5845.000 0.602
5850.000 0.607
5855.000 0.615
5860.000 0.619
5865.000 0.624
5870.000 0.629
5875.000 0.633
5880.000 0.643
5885.000 0.651
5890.000 0.655
5895.000 0.663
5900.000 0.662
5905.000 0.670
5910.000 0.675
5915.000 0.690
5920.000 0.699
5925.000 0.703
5930.000 0.709
5935.000 0.713
5940.000 0.725
5945.000 0.734
5950.000 0.743
5955.000 0.751
5960.000 0.753
5965.000 0.767
5970.000 0.786
5975.000 0.791
5980.000 0.806
5985.000 0.818
5990.000 0.818
5995.000 0.826
6000.000 0.839
6005.000 0.852
6010.000 0.856
6015.000 0.881
6020.000 0.890
6025.000 0.899
6030.000 0.920
6035.000 0.919
6040.000 0.943
6045.000 0.957
6050.000 0.966
6055.000 0.995
6060.000 0.999
6065.000 1.031
6070.000 1.045
6075.000 1.059
6080.000 1.086
6085.000 1.103
6090.000 1.127
6095.000 1.163
6100.000 1.176
6105.000 1.214
6110.000 1.231
6115.000 1.273
6120.000 1.316
6125.000 1.336
6130.000 1.390
6135.000 1.419
6140.000 1.489
6145.000 1.522
6150.000 1.594
6155.000 1.680
6160.000 1.739
6165.000 1.841
6170.000 1.904
6175.000 2.031
6180.000 2.186
6185.000 2.274
6190.000 2.507
6195.000 2.646
6200.000 3.022
6205.000 3.555
6210.000 3.934
6215.000 4.995
6220.000 5.763
6225.000 7.995
6230.000 11.121
6235.000 12.599
6240.000 12.944
6245.000 10.052
6250.000 5.162
6255.000 4.432
6260.000 3.581
6265.000 2.860
6270.000 2.701
6275.000 2.575
6280.000 2.521
6285.000 2.505
6290.000 2.452
6295.000 2.434
6300.000 2.337
6305.000 2.252
6310.000 2.136
6315.000 2.074
6320.000 2.002
6325.000 1.826
6330.000 1.670
6335.000 1.607
6340.000 1.487
6345.000 1.433
6350.000 1.343
6355.000 1.262
6360.000 1.221
6365.000 1.123
6370.000 1.084
6375.000 0.997
6380.000 0.928
6385.000 0.893
6390.000 0.839
6395.000 0.812
6400.000 0.767
6405.000 0.723
6410.000 0.701
6415.000 0.670
6420.000 0.653
6425.000 0.627
6430.000 0.603
6435.000 0.590
6440.000 0.567
6445.000 0.556
6450.000 0.536
6455.000 0.530
6460.000 0.512
6465.000 0.497
6470.000 0.490
6475.000 0.478
6480.000 0.471
6485.000 0.461
6490.000 0.451
6495.000 0.446
6500.000 0.435
6505.000 0.431
6510.000 0.423
6515.000 0.415
6520.000 0.411
6525.000 0.402
6530.000 0.398
6535.000 0.390
6540.000 0.384
6545.000 0.381
6550.000 0.376
6555.000 0.398
6560.000 0.443
6565.000 0.905
6570.000 2.068
6575.000 8.136
6580.000 11.133
6585.000 7.895
6590.000 0.496
6595.000 0.873
6600.000 0.545
6605.000 0.496
6610.000 0.483
6615.000 0.390
6620.000 0.403
6625.000 0.371
6630.000 0.355
6635.000 0.346
6640.000 0.335
6645.000 0.330
6650.000 0.323
6655.000 0.316
6660.000 0.312
6665.000 0.307
6670.000 0.304
6675.000 0.302
6680.000 0.299
6685.000 0.297
6690.000 0.296
6695.000 0.292
6700.000 0.291
6705.000 0.289
6710.000 0.286
6715.000 0.287
6720.000 0.285
6725.000 0.284
6730.000 0.284
6735.000 0.284
6740.000 0.284
6745.000 0.282
6750.000 0.283
6755.000 0.281
6760.000 0.281
6765.000 0.279
6770.000 0.281
6775.000 0.281
6780.000 0.279
6785.000 0.278
6790.000 0.279
6795.000 0.281
6800.000 0.281
6805.000 0.280
6810.000 0.278
6815.000 0.277
6820.000 0.276
6825.000 0.279
6830.000 0.275
6835.000 0.276
6840.000 0.275
6845.000 0.274
6850.000 0.276
6855.000 0.276
6860.000 0.275
6865.000 0.279
6870.000 0.275
6875.000 0.275
6880.000 0.276
6885.000 0.276
6890.000 0.276
6895.000 0.275
6900.000 0.274
6905.000 0.272
6910.000 0.274
6915.000 0.272
6920.000 0.273
6925.000 0.273
6930.000 0.274
6935.000 0.272
6940.000 0.273
6945.000 0.272
6950.000 0.273
6955.000 0.275
6960.000 0.270
6965.000 0.272
6970.000 0.270
6975.000 0.275
6980.000 0.275
6985.000 0.270
6990.000 0.275
6995.000 0.267
7000.000 0.269
7005.000 0.269
7010.000 0.272
7015.000 0.268
7020.000 0.269
7025.000 0.267
7030.000 0.274
7035.000 0.267
7040.000 0.271
7045.000 0.269
7050.000 0.266
7055.000 0.272
7060.000 0.271
7065.000 0.268
7070.000 0.273
7075.000 0.272
7080.000 0.273
7085.000 0.268
7090.000 0.270
7095.000 0.268
7100.000 0.268
7105.000 0.270
7110.000 0.271
7115.000 0.269
7120.000 0.268
7125.000 0.269
7130.000 0.267
7135.000 0.266
7140.000 0.264
7145.000 0.266
7150.000 0.267
7155.000 0.267
7160.000 0.266
7165.000 0.264
7170.000 0.265
7175.000 0.264
7180.000 0.266
7185.000 0.263
7190.000 0.263
7195.000 0.262
7200.000 0.262
7205.000 0.261
7210.000 0.262
7215.000 0.261
7220.000 0.261
7225.000 0.259
7230.000 0.259
7235.000 0.259
7240.000 0.259
7245.000 0.258
7250.000 0.257
7255.000 0.259
7260.000 0.259
7265.000 0.256
7270.000 0.253
7275.000 0.262
7280.000 0.263
7285.000 0.266
7290.000 0.274
7295.000 0.269
7300.000 0.263
7305.000 0.261
7310.000 0.256
7315.000 0.256
7320.000 0.252
7325.000 0.250
7330.000 0.247
7335.000 0.247
7340.000 0.245
7345.000 0.243
7350.000 0.244
7355.000 0.244
7360.000 0.247
7365.000 0.247
7370.000 0.243
7375.000 0.238
7380.000 0.237
7385.000 0.236
7390.000 0.230
7395.000 0.228
7400.000 0.232
7405.000 0.230
7410.000 0.233
7415.000 0.238
7420.000 0.248
7425.000 0.250
7430.000 0.264
7435.000 0.291
7440.000 0.306
7445.000 0.341
7450.000 0.391
7455.000 0.451
7460.000 1.017
7465.000 1.581
7470.000 2.204
7475.000 2.031
7480.000 2.163
7485.000 1.840
7490.000 1.399
7495.000 0.832
7500.000 0.665
7505.000 0.616
7510.000 0.542
7515.000 0.518
7520.000 0.475
7525.000 0.443
7530.000 0.430
7535.000 0.409
7540.000 0.400
7545.000 0.383
7550.000 0.375
7555.000 0.369
7560.000 0.366
7565.000 0.361
7570.000 0.355
7575.000 0.348
7580.000 0.349
7585.000 0.343
7590.000 0.342
7595.000 0.336
7600.000 0.339
7605.000 0.347
7610.000 0.351
7615.000 0.347
7620.000 0.338
7625.000 0.330
7630.000 0.326
7635.000 0.321
7640.000 0.320
7645.000 0.317
7650.000 0.315
7655.000 0.310
7660.000 0.310
7665.000 0.308
7670.000 0.304
7675.000 0.307
7680.000 0.302
7685.000 0.301
7690.000 0.300
7695.000 0.299
7700.000 0.298
7705.000 0.295
7710.000 0.293
7715.000 0.292
7720.000 0.289
7725.000 0.292
7730.000 0.289
7735.000 0.286
7740.000 0.288
7745.000 0.285
7750.000 0.283
7755.000 0.282
7760.000 0.283
7765.000 0.281
7770.000 0.281
7775.000 0.276
7780.000 0.278
7785.000 0.276
7790.000 0.275
7795.000 0.272
7800.000 0.271
7805.000 0.267
7810.000 0.267
7815.000 0.265
7820.000 0.265
7825.000 0.265
7830.000 0.261
7835.000 0.259
7840.000 0.257
7845.000 0.255
7850.000 0.256
7855.000 0.252
7860.000 0.251
7865.000 0.248
7870.000 0.247
7875.000 0.243
7880.000 0.241
7885.000 0.240
7890.000 0.236
7895.000 0.235
7900.000 0.235
7905.000 0.229
7910.000 0.227
7915.000 0.225
7920.000 0.224
7925.000 0.222
7930.000 0.221
7935.000 0.218
7940.000 0.218
7945.000 0.212
7950.000 0.213
7955.000 0.214
7960.000 0.212
7965.000 0.212
7970.000 0.209
7975.000 0.209
7980.000 0.216
7985.000 0.219
7990.000 0.235
7995.000 0.246
8000.000 0.246
8005.000 0.286
8010.000 0.327
8015.000 0.363
8020.000 0.438
8025.000 0.482
8030.000 0.651
8035.000 0.948
8040.000 1.169
8045.000 1.822
8050.000 2.307
8055.000 3.913
8060.000 7.458
8065.000 10.463
8070.000 13.681
8075.000 6.968
8080.000 3.111
8085.000 1.958
8090.000 1.589
8095.000 1.279
8100.000 1.144
8105.000 0.934
8110.000 0.786
8115.000 0.730
8120.000 0.641
8125.000 0.605
8130.000 0.545
8135.000 0.500
8140.000 0.483
8145.000 0.450
8150.000 0.438
8155.000 0.414
8160.000 0.396
8165.000 0.385
8170.000 0.373
8175.000 0.367
8180.000 0.354
8185.000 0.345
8190.000 0.341
8195.000 0.334
8200.000 0.329
8205.000 0.324
8210.000 0.316
8215.000 0.314
8220.000 0.308
8225.000 0.307
8230.000 0.299
8235.000 0.299
8240.000 0.293
8245.000 0.291
8250.000 0.288
8255.000 0.285
8260.000 0.282
8265.000 0.279
8270.000 0.274
8275.000 0.272
8280.000 0.269
8285.000 0.267
8290.000 0.264
8295.000 0.261
8300.000 0.260
8305.000 0.256
8310.000 0.253
8315.000 0.250
8320.000 0.249
8325.000 0.245
8330.000 0.243
8335.000 0.240
8340.000 0.237
8345.000 0.233
8350.000 0.232
8355.000 0.229
8360.000 0.228
8365.000 0.224
8370.000 0.222
8375.000 0.220
8380.000 0.218
8385.000 0.215
8390.000 0.209
8395.000 0.206
8400.000 0.205
8405.000 0.200
8410.000 0.198
8415.000 0.194
8420.000 0.191
8425.000 0.189
8430.000 0.185
8435.000 0.183
8440.000 0.178
8445.000 0.176
8450.000 0.173
8455.000 0.169
8460.000 0.167
8465.000 0.164
8470.000 0.160
8475.000 0.159
8480.000 0.156
8485.000 0.155
8490.000 0.152
8495.000 0.151
8500.000 0.154
8505.000 0.160
8510.000 0.163
8515.000 0.183
8520.000 0.235
8525.000 0.283
8530.000 0.490
8535.000 0.742
8540.000 2.639
8545.000 6.530
8550.000 7.446
8555.000 0.966
8560.000 2.978
8565.000 1.909
8570.000 1.412
8575.000 1.340
8580.000 1.323
8585.000 1.322
8590.000 1.423
8595.000 1.661
8600.000 1.833
8605.000 2.273
8610.000 2.546
8615.000 3.226
8620.000 4.183
8625.000 4.804
8630.000 6.327
8635.000 7.167
8640.000 8.798
8645.000 9.612
8650.000 9.411
8655.000 7.647
8660.000 6.501
8665.000 4.558
8670.000 3.377
8675.000 3.107
8680.000 2.958
8685.000 2.933
8690.000 2.567
8695.000 2.241
8700.000 2.161
8705.000 2.005
8710.000 1.915
8715.000 1.754
8720.000 1.616
8725.000 1.557
8730.000 1.468
8735.000 1.422
8740.000 1.366
8745.000 1.314
8750.000 1.292
8755.000 1.246
8760.000 1.221
8765.000 1.188
8770.000 1.150
8775.000 1.134
8780.000 1.101
8785.000 1.091
8790.000 1.073
8795.000 1.044
8800.000 1.035
8805.000 1.013
8810.000 1.009
8815.000 0.992
8820.000 0.995
8825.000 0.973
8830.000 0.953
8835.000 0.964
8840.000 0.968
8845.000 0.957
8850.000 0.911
8855.000 0.890
8860.000 0.879
8865.000 0.864
8870.000 0.863
8875.000 0.854
8880.000 0.841
8885.000 0.836
8890.000 0.825
8895.000 0.823
8900.000 0.812
8905.000 0.804
8910.000 0.797
8915.000 0.793
8920.000 0.790
8925.000 0.784
8930.000 0.777
8935.000 0.773
8940.000 0.770
8945.000 0.766
8950.000 0.764
8955.000 0.752
8960.000 0.748
8965.000 0.749
8970.000 0.741
8975.000 0.738
8980.000 0.739
8985.000 0.733
8990.000 0.729
8995.000 0.725
9000.000 0.716
9005.000 0.722
9010.000 0.724
9015.000 0.721
9020.000 0.713
9025.000 0.715
9030.000 0.712
9035.000 0.706
9040.000 0.700
9045.000 0.694
9050.000 0.694
9055.000 0.684
9060.000 0.690
9065.000 0.684
9070.000 0.684
9075.000 0.685
9080.000 0.680
9085.000 0.679
9090.000 0.674
9095.000 0.676
9100.000 0.675
9105.000 0.675
9110.000 0.669
9115.000 0.664
9120.000 0.666
9125.000 0.666
9130.000 0.659
9135.000 0.658
9140.000 0.661
9145.000 0.658
9150.000 0.654
9155.000 0.655
9160.000 0.653
9165.000 0.656
9170.000 0.652
9175.000 0.653
9180.000 0.649
9185.000 0.646
9190.000 0.652
9195.000 0.647
9200.000 0.648
9205.000 0.649
9210.000 0.651
9215.000 0.649
9220.000 0.649
9225.000 0.647
9230.000 0.645
9235.000 0.645
9240.000 0.644
9245.000 0.644
9250.000 0.642
9255.000 0.639
9260.000 0.642
9265.000 0.638
9270.000 0.641
9275.000 0.638
9280.000 0.643
9285.000 0.643
9290.000 0.638
9295.000 0.641
9300.000 0.636
9305.000 0.637
9310.000 0.634
9315.000 0.635
9320.000 0.636
9325.000 0.637
9330.000 0.642
9335.000 0.645
9340.000 0.641
9345.000 0.643
9350.000 0.644
9355.000 0.647
9360.000 0.643
9365.000 0.644
9370.000 0.644
9375.000 0.646
9380.000 0.650
9385.000 0.650
9390.000 0.651
9395.000 0.652
9400.000 0.658
9405.000 0.662
9410.000 0.663
9415.000 0.665
9420.000 0.673
9425.000 0.681
9430.000 0.691
9435.000 0.699
9440.000 0.715
9445.000 0.725
9450.000 0.753
9455.000 0.769
9460.000 0.829
9470.000 1.439
9475.000 1.444
9480.000 1.932
9485.000 2.341
9490.000 2.244
9495.000 1.692
9500.000 0.707
9505.000 0.993
9510.000 0.648
9515.000 0.629
9520.000 0.605
9525.000 0.591
9530.000 0.590
9535.000 0.583
9540.000 0.585
9545.000 0.588
9550.000 0.588
9555.000 0.589
9560.000 0.592
9565.000 0.592
9570.000 0.599
9575.000 0.597
9580.000 0.603
9585.000 0.601
9590.000 0.603
9595.000 0.610
9600.000 0.610
9605.000 0.612
9610.000 0.613
9615.000 0.617
9620.000 0.622
9625.000 0.619
9630.000 0.629
9635.000 0.626
9640.000 0.627
9645.000 0.633
9650.000 0.632
9655.000 0.635
9660.000 0.637
9665.000 0.643
9670.000 0.643
9675.000 0.645
9680.000 0.648
9685.000 0.654
9690.000 0.656
9695.000 0.663
9700.000 0.667
9705.000 0.677
9710.000 0.683
9715.000 0.694
9720.000 0.705
9725.000 0.712
9730.000 0.721
9735.000 0.731
9740.000 0.741
9745.000 0.754
9750.000 0.765
9755.000 0.787
9760.000 0.801
9765.000 0.834
9770.000 0.870
9775.000 0.884
9780.000 0.935
9785.000 0.959
9790.000 1.023
9795.000 1.113
9800.000 1.167
9805.000 1.289
9810.000 1.351
9815.000 1.441
9820.000 1.364
9825.000 1.250
9830.000 0.944
9835.000 0.786
9840.000 0.529
9845.000 0.347
9850.000 0.278
9855.000 0.171
9860.000 0.144
9865.000 0.161
9870.000 0.272
9875.000 0.344
9880.000 0.563
9885.000 0.677
9890.000 0.852
9895.000 0.845
9900.000 0.818
9905.000 0.758
9910.000 0.725
9915.000 0.665
9920.000 0.607
9925.000 0.585
9930.000 0.548
9935.000 0.534
9940.000 0.516
9945.000 0.509
9950.000 0.506
9955.000 0.497
9960.000 0.497
9965.000 0.496
9970.000 0.501
9975.000 0.497
9980.000 0.499
9985.000 0.502
9990.000 0.513
9995.000 0.511
10000.000 0.513
