105.000 0.046
110.000 0.024
115.000 2.328
120.000 2.453
125.000 3.201
130.000 3.427
135.000 3.711
140.000 3.902
145.000 3.901
150.000 3.851
155.000 3.773
160.000 3.693
165.000 3.610
170.000 3.586
175.000 3.553
180.000 3.561
185.000 3.555
190.000 3.532
195.000 3.577
200.000 3.621
205.000 3.619
210.000 3.590
215.000 3.746
220.000 3.834
225.000 3.700
230.000 3.910
235.000 3.968
240.000 4.021
245.000 4.281
250.000 4.192
255.000 4.306
260.000 4.247
265.000 4.442
270.000 4.544
275.000 4.611
280.000 4.739
285.000 4.611
290.000 4.771
295.000 4.811
300.000 4.853
305.000 5.043
310.000 5.205
315.000 5.305
320.000 5.468
325.000 5.506
330.000 5.539
335.000 5.786
340.000 5.922
345.000 6.077
350.000 6.342
355.000 6.561
360.000 6.625
365.000 6.906
370.000 7.283
375.000 7.470
380.000 7.633
385.000 8.008
390.000 8.507
395.000 8.608
400.000 8.927
405.000 9.052
410.000 9.313
415.000 9.441
420.000 9.412
425.000 9.239
430.000 9.042
435.000 8.570
440.000 8.324
445.000 7.693
450.000 6.878
455.000 6.468
460.000 5.613
465.000 5.087
470.000 4.277
475.000 3.551
480.000 3.262
485.000 2.750
490.000 2.548
495.000 2.178
500.000 1.914
505.000 1.813
510.000 1.653
515.000 1.611
520.000 1.516
525.000 1.426
530.000 1.364
535.000 1.320
540.000 1.276
545.000 1.204
550.000 1.147
555.000 1.100
560.000 1.042
565.000 0.976
570.000 0.940
575.000 0.897
580.000 0.865
585.000 0.828
590.000 0.784
595.000 0.757
600.000 0.732
605.000 0.716
610.000 0.687
615.000 0.667
620.000 0.644
625.000 0.613
630.000 0.607
635.000 0.587
640.000 0.577
645.000 0.563
650.000 0.553
655.000 0.533
660.000 0.517
665.000 0.513
670.000 0.506
675.000 0.485
680.000 0.487
685.000 0.479
690.000 0.464
695.000 0.447
700.000 0.448
705.000 0.449
710.000 0.425
715.000 0.429
720.000 0.421
725.000 0.415
730.000 0.406
735.000 0.403
740.000 0.402
745.000 0.397
750.000 0.386
755.000 0.396
760.000 0.387
765.000 0.383
770.000 0.377
775.000 0.375
780.000 0.372
785.000 0.372
790.000 0.370
795.000 0.351
800.000 0.370
805.000 0.371
810.000 0.360
815.000 0.359
820.000 0.351
825.000 0.371
830.000 0.349
835.000 0.341
840.000 0.345
845.000 0.336
850.000 0.344
855.000 0.339
860.000 0.339
865.000 0.335
870.000 0.341
875.000 0.333
880.000 0.335
885.000 0.330
890.000 0.327
895.000 0.330
900.000 0.329
905.000 0.325
910.000 0.329
915.000 0.317
920.000 0.321
925.000 0.323
930.000 0.332
935.000 0.318
940.000 0.325
945.000 0.327
950.000 0.326
955.000 0.322
960.000 0.314
965.000 0.318
970.000 0.327
975.000 0.323
980.000 0.324
985.000 0.322
990.000 0.328
995.000 0.319
1000.000 0.346
1005.000 0.330
1010.000 0.307
1015.000 0.321
1020.000 0.337
1025.000 0.321
1030.000 0.315
1035.000 0.323
1040.000 0.317
1045.000 0.317
1050.000 0.315
1055.000 0.333
1060.000 0.328
1065.000 0.317
1070.000 0.311
1075.000 0.313
1080.000 0.311
1085.000 0.316
1090.000 0.321
1095.000 0.316
1100.000 0.320
1105.000 0.318
1110.000 0.314
1115.000 0.319
1120.000 0.315
1125.000 0.321
1130.000 0.319
1135.000 0.317
1140.000 0.320
1145.000 0.320
1150.000 0.322
1155.000 0.321
1160.000 0.324
1165.000 0.322
1170.000 0.328
1175.000 0.324
1180.000 0.330
1185.000 0.327
1190.000 0.324
1195.000 0.325
1200.000 0.322
1205.000 0.326
1210.000 0.329
1215.000 0.323
1220.000 0.321
1225.000 0.324
1230.000 0.327
1235.000 0.326
1240.000 0.327
1245.000 0.330
1250.000 0.332
1255.000 0.331
1260.000 0.331
1265.000 0.331
1270.000 0.334
1275.000 0.336
1280.000 0.339
1285.000 0.336
1290.000 0.339
1295.000 0.343
1300.000 0.342
1305.000 0.340
1310.000 0.345
1315.000 0.345
1320.000 0.349
1325.000 0.352
1330.000 0.349
1335.000 0.355
1340.000 0.352
1345.000 0.349
1350.000 0.359
1355.000 0.359
1360.000 0.357
1365.000 0.358
1370.000 0.362
1375.000 0.356
1380.000 0.360
1385.000 0.363
1390.000 0.361
1395.000 0.364
1400.000 0.364
1405.000 0.364
1410.000 0.368
1415.000 0.362
1420.000 0.361
1425.000 0.364
1430.000 0.363
1435.000 0.358
1440.000 0.355
1445.000 0.356
1450.000 0.356
1455.000 0.345
1460.000 0.372
1465.000 0.375
1470.000 0.414
1475.000 0.393
1480.000 0.393
1485.000 0.390
1490.000 0.385
1495.000 0.392
1500.000 0.397
1505.000 0.402
1510.000 0.406
1515.000 0.411
1520.000 0.415
1525.000 0.421
1530.000 0.427
1535.000 0.435
1540.000 0.433
1545.000 0.436
1550.000 0.446
1555.000 0.449
1560.000 0.456
1565.000 0.461
1570.000 0.464
1575.000 0.471
1580.000 0.479
1585.000 0.482
1590.000 0.487
1595.000 0.494
1600.000 0.501
1605.000 0.508
1610.000 0.515
1615.000 0.520
1620.000 0.528
1625.000 0.533
1630.000 0.548
1635.000 0.550
1640.000 0.559
1645.000 0.570
1650.000 0.577
1655.000 0.590
1660.000 0.603
1665.000 0.606
1670.000 0.628
1675.000 0.634
1680.000 0.642
1685.000 0.658
1690.000 0.668
1695.000 0.682
1700.000 0.696
1705.000 0.712
1710.000 0.715
1715.000 0.738
1720.000 0.751
1725.000 0.762
1730.000 0.777
1735.000 0.797
1740.000 0.812
1745.000 0.835
1750.000 0.856
1755.000 0.870
1760.000 0.886
1765.000 0.899
1770.000 0.924
1775.000 0.938
1780.000 0.961
1785.000 0.970
1790.000 0.997
1795.000 1.016
1800.000 1.038
1805.000 1.053
1810.000 1.064
1815.000 1.083
1820.000 1.106
1825.000 1.114
1830.000 1.148
1835.000 1.151
1840.000 1.172
1845.000 1.187
1850.000 1.205
1855.000 1.212
1860.000 1.220
1865.000 1.232
1870.000 1.240
1875.000 1.252
1880.000 1.261
1885.000 1.267
1890.000 1.274
1895.000 1.269
1900.000 1.266
1905.000 1.266
1910.000 1.268
1915.000 1.274
1920.000 1.272
1925.000 1.266
1930.000 1.264
1935.000 1.259
1940.000 1.251
1945.000 1.242
1950.000 1.243
1955.000 1.236
1960.000 1.223
1965.000 1.218
1970.000 1.215
1975.000 1.208
1980.000 1.188
1985.000 1.192
1990.000 1.184
1995.000 1.183
2000.000 1.171
2005.000 1.173
2010.000 1.168
2015.000 1.168
2020.000 1.144
2025.000 1.156
2030.000 1.149
2035.000 1.138
2040.000 1.123
2045.000 1.114
2050.000 1.110
2055.000 1.113
2060.000 1.111
2065.000 1.109
2070.000 1.103
2075.000 1.101
2080.000 1.103
2085.000 1.102
2090.000 1.101
2095.000 1.101
2100.000 1.096
2105.000 1.100
2110.000 1.099
2115.000 1.104
2120.000 1.113
2125.000 1.118
2130.000 1.125
2135.000 1.122
2140.000 1.129
2145.000 1.140
2150.000 1.140
2155.000 1.148
2160.000 1.171
2165.000 1.181
2170.000 1.202
2175.000 1.208
2180.000 1.221
2185.000 1.237
2190.000 1.262
2195.000 1.302
2200.000 1.317
2205.000 1.358
2210.000 1.384
2215.000 1.397
2220.000 1.428
2225.000 1.483
2230.000 1.550
2235.000 1.632
2240.000 1.663
2245.000 1.713
2250.000 1.817
2255.000 1.951
2260.000 2.139
2265.000 2.259
2270.000 2.581
2275.000 2.794
2280.000 3.435
2285.000 4.559
2290.000 5.434
2295.000 6.621
2300.000 10.182
2305.000 15.017
2310.000 17.314
2315.000 19.828
2320.000 20.869
2325.000 13.390
2330.000 6.593
2335.000 5.138
2340.000 3.304
2345.000 2.744
2350.000 1.978
2355.000 1.483
2360.000 1.149
2365.000 1.023
2370.000 0.916
2375.000 0.743
2380.000 0.611
2385.000 0.558
2390.000 0.468
2395.000 0.397
2400.000 0.363
2405.000 0.312
2410.000 0.271
2415.000 0.249
2420.000 0.230
2425.000 0.201
2430.000 0.172
2435.000 0.148
2440.000 0.137
2445.000 0.117
2450.000 0.110
2455.000 0.094
2460.000 0.077
2465.000 0.072
2470.000 0.059
2475.000 0.052
2480.000 0.042
2485.000 0.031
2490.000 0.026
2495.000 0.022
2500.000 0.013
2505.000 0.007
2510.000 0.005
2515.000 0.008
2520.000 0.012
2525.000 0.017
2530.000 0.021
2535.000 0.024
2540.000 0.029
2545.000 0.034
2550.000 0.039
2555.000 0.041
2560.000 0.043
2565.000 0.047
2570.000 0.051
2575.000 0.052
2580.000 0.055
2585.000 0.058
2590.000 0.060
2595.000 0.060
2600.000 0.061
2605.000 0.065
2610.000 0.067
2615.000 0.069
2620.000 0.070
2625.000 0.074
2630.000 0.072
2635.000 0.073
2640.000 0.075
2645.000 0.076
2650.000 0.077
2655.000 0.077
2660.000 0.078
2665.000 0.079
2670.000 0.078
2675.000 0.079
2680.000 0.079
2685.000 0.079
2690.000 0.080
2695.000 0.079
2700.000 0.079
2705.000 0.079
2710.000 0.078
2715.000 0.078
2720.000 0.079
2725.000 0.077
2730.000 0.077
2735.000 0.078
2740.000 0.076
2745.000 0.078
2750.000 0.076
2755.000 0.076
2760.000 0.077
2765.000 0.074
2770.000 0.073
2775.000 0.074
2780.000 0.070
2785.000 0.070
2790.000 0.072
2795.000 0.070
2800.000 0.070
2805.000 0.069
2810.000 0.070
2815.000 0.069
2820.000 0.070
2825.000 0.070
2830.000 0.069
2835.000 0.068
2840.000 0.072
2845.000 0.072
2850.000 0.071
2855.000 0.073
2860.000 0.074
2865.000 0.077
2870.000 0.079
2875.000 0.081
2880.000 0.081
2885.000 0.084
2890.000 0.088
2895.000 0.089
2900.000 0.092
2905.000 0.097
2910.000 0.099
2915.000 0.105
2920.000 0.106
2925.000 0.112
2930.000 0.114
2935.000 0.116
2940.000 0.118
2945.000 0.119
2950.000 0.124
2955.000 0.128
2960.000 0.130
2965.000 0.135
2970.000 0.146
2975.000 0.140
2980.000 0.140
2985.000 0.148
2990.000 0.152
2995.000 0.157
3000.000 0.165
3005.000 0.159
3010.000 0.158
3015.000 0.162
3020.000 0.179
3025.000 0.169
3030.000 0.179
3035.000 0.178
3040.000 0.186
3045.000 0.186
3050.000 0.186
3055.000 0.184
3060.000 0.185
3065.000 0.191
3070.000 0.193
3075.000 0.193
3080.000 0.195
3085.000 0.201
3090.000 0.200
3095.000 0.205
3100.000 0.204
3105.000 0.204
3110.000 0.207
3115.000 0.209
3120.000 0.211
3125.000 0.212
3130.000 0.214
3135.000 0.215
3140.000 0.219
3145.000 0.219
3150.000 0.219
3155.000 0.219
3160.000 0.222
3165.000 0.223
3170.000 0.225
3175.000 0.225
3180.000 0.226
3185.000 0.226
3190.000 0.229
3195.000 0.227
3200.000 0.229
3205.000 0.231
3210.000 0.233
3215.000 0.234
3220.000 0.233
3225.000 0.236
3230.000 0.234
3235.000 0.235
3240.000 0.236
3245.000 0.238
3250.000 0.240
3255.000 0.240
3260.000 0.243
3265.000 0.243
3270.000 0.243
3275.000 0.247
3280.000 0.246
3285.000 0.247
3290.000 0.247
3295.000 0.246
3300.000 0.250
3305.000 0.250
3310.000 0.249
3315.000 0.251
3320.000 0.251
3325.000 0.251
3330.000 0.254
3335.000 0.253
3340.000 0.256
3345.000 0.255
3350.000 0.254
3355.000 0.257
3360.000 0.258
3365.000 0.258
3370.000 0.260
3375.000 0.259
3380.000 0.261
3385.000 0.262
3390.000 0.262
3395.000 0.262
3400.000 0.265
3405.000 0.264
3410.000 0.267
3415.000 0.266
3420.000 0.268
3425.000 0.267
3430.000 0.271
3435.000 0.270
3440.000 0.270
3445.000 0.270
3450.000 0.270
3455.000 0.272
3460.000 0.271
3465.000 0.274
3470.000 0.274
3475.000 0.275
3480.000 0.275
3485.000 0.280
3490.000 0.280
3495.000 0.281
3500.000 0.280
3505.000 0.284
3510.000 0.282
3515.000 0.282
3520.000 0.286
3525.000 0.283
3530.000 0.287
3535.000 0.287
3540.000 0.287
3545.000 0.288
3550.000 0.290
3555.000 0.291
3560.000 0.291
3565.000 0.296
3570.000 0.298
3575.000 0.297
3580.000 0.299
3585.000 0.303
3590.000 0.306
3595.000 0.305
3600.000 0.307
3605.000 0.307
3610.000 0.316
3615.000 0.316
3620.000 0.320
3625.000 0.323
3630.000 0.326
3635.000 0.334
3640.000 0.336
3645.000 0.341
3650.000 0.351
3655.000 0.357
3660.000 0.359
3665.000 0.361
3670.000 0.362
3675.000 0.347
3680.000 0.319
3685.000 0.227
3690.000 0.241
3695.000 2.298
3700.000 10.265
3705.000 14.625
3710.000 8.690
3715.000 3.458
3720.000 2.231
3725.000 1.385
3730.000 1.105
3735.000 0.782
3740.000 0.587
3745.000 0.521
3750.000 0.473
3755.000 0.402
3760.000 0.353
3765.000 0.318
3770.000 0.306
3775.000 0.296
3780.000 0.277
3785.000 0.264
3790.000 0.254
3795.000 0.252
3800.000 0.248
3805.000 0.244
3810.000 0.238
3815.000 0.234
3820.000 0.233
3825.000 0.230
3830.000 0.230
3835.000 0.226
3840.000 0.226
3845.000 0.228
3850.000 0.228
3855.000 0.226
3860.000 0.227
3865.000 0.227
3870.000 0.228
3875.000 0.228
3880.000 0.225
3885.000 0.228
3890.000 0.226
3895.000 0.228
3900.000 0.229
3905.000 0.226
3910.000 0.227
3915.000 0.228
3920.000 0.227
3925.000 0.231
3930.000 0.233
3935.000 0.229
3940.000 0.229
3945.000 0.226
3950.000 0.229
3955.000 0.233
3960.000 0.230
3965.000 0.235
3970.000 0.228
3975.000 0.237
3980.000 0.238
3985.000 0.231
3990.000 0.239
3995.000 0.227
4000.000 0.239
4005.000 0.231
4010.000 0.236
4015.000 0.233
4020.000 0.237
4025.000 0.242
4030.000 0.243
4035.000 0.233
4040.000 0.236
4045.000 0.236
4050.000 0.235
4055.000 0.245
4060.000 0.246
4065.000 0.242
4070.000 0.242
4075.000 0.247
4080.000 0.244
4085.000 0.246
4090.000 0.247
4095.000 0.247
4100.000 0.250
4105.000 0.250
4110.000 0.250
4115.000 0.252
4120.000 0.253
4125.000 0.255
4130.000 0.255
4135.000 0.258
4140.000 0.257
4145.000 0.259
4150.000 0.258
4155.000 0.259
4160.000 0.261
4165.000 0.261
4170.000 0.262
4175.000 0.263
4180.000 0.266
4185.000 0.265
4190.000 0.266
4195.000 0.267
4200.000 0.266
4205.000 0.267
4210.000 0.267
4215.000 0.268
4220.000 0.272
4225.000 0.271
4230.000 0.272
4235.000 0.273
4240.000 0.271
4245.000 0.272
4250.000 0.273
4255.000 0.273
4260.000 0.272
4265.000 0.271
4270.000 0.270
4275.000 0.272
4280.000 0.271
4285.000 0.272
4290.000 0.270
4295.000 0.276
4300.000 0.273
4305.000 0.277
4310.000 0.275
4315.000 0.274
4320.000 0.276
4325.000 0.278
4330.000 0.278
4335.000 0.278
4340.000 0.279
4345.000 0.279
4350.000 0.280
4355.000 0.281
4360.000 0.280
4365.000 0.280
4370.000 0.283
4375.000 0.284
4380.000 0.284
4385.000 0.285
4390.000 0.290
4395.000 0.288
4400.000 0.288
4405.000 0.289
4410.000 0.292
4415.000 0.290
4420.000 0.292
4425.000 0.291
4430.000 0.294
4435.000 0.296
4440.000 0.297
4445.000 0.298
4450.000 0.296
4455.000 0.301
4460.000 0.302
4465.000 0.302
4470.000 0.303
4475.000 0.305
4480.000 0.308
4485.000 0.306
4490.000 0.307
4495.000 0.310
4500.000 0.310
4505.000 0.309
4510.000 0.310
4515.000 0.312
4520.000 0.308
4525.000 0.315
4530.000 0.313
4535.000 0.314
4540.000 0.314
4545.000 0.315
4550.000 0.314
4555.000 0.316
4560.000 0.315
4565.000 0.319
4570.000 0.316
4575.000 0.316
4580.000 0.315
4585.000 0.323
4590.000 0.321
4595.000 0.319
4600.000 0.322
4605.000 0.321
4610.000 0.322
4615.000 0.320
4620.000 0.328
4625.000 0.326
4630.000 0.328
4635.000 0.328
4640.000 0.332
4645.000 0.332
4650.000 0.331
4655.000 0.335
4660.000 0.332
4665.000 0.333
4670.000 0.339
4675.000 0.337
4680.000 0.340
4685.000 0.344
4690.000 0.344
4695.000 0.346
4700.000 0.348
4705.000 0.352
4710.000 0.352
4715.000 0.355
4720.000 0.360
4725.000 0.361
4730.000 0.361
4735.000 0.365
4740.000 0.372
4745.000 0.385
4750.000 0.389
4755.000 0.388
4760.000 0.394
4765.000 0.399
4770.000 0.407
4775.000 0.410
4780.000 0.420
4785.000 0.423
4790.000 0.432
4795.000 0.441
4800.000 0.448
4805.000 0.458
4810.000 0.475
4815.000 0.482
4820.000 0.501
4825.000 0.510
4830.000 0.524
4835.000 0.533
4840.000 0.557
4845.000 0.579
4850.000 0.595
4855.000 0.624
4860.000 0.636
4865.000 0.677
4870.000 0.711
4875.000 0.729
4880.000 0.784
4885.000 0.812
4890.000 0.871
4895.000 0.916
4900.000 0.983
4905.000 1.081
4910.000 1.139
4915.000 1.256
4920.000 1.416
4925.000 1.523
4930.000 1.784
4935.000 1.961
4940.000 2.401
4945.000 3.130
4950.000 3.611
4955.000 5.085
4960.000 6.149
4965.000 9.152
4970.000 13.922
4975.000 16.033
4980.000 6.487
4985.000 19.977
4990.000 16.198
4995.000 21.831
5000.000 14.456
5005.000 8.501
5010.000 6.177
5015.000 5.448
5020.000 4.010
5025.000 3.534
5030.000 2.840
5035.000 2.583
5040.000 2.193
5045.000 2.043
5050.000 1.803
5055.000 1.611
5060.000 1.538
5065.000 1.400
5070.000 1.342
5075.000 1.238
5080.000 1.156
5085.000 1.125
5090.000 1.059
5095.000 1.033
5100.000 0.982
5105.000 0.946
5110.000 0.924
5115.000 0.895
5120.000 0.880
5125.000 0.857
5130.000 0.836
5135.000 0.818
5140.000 0.809
5145.000 0.801
5150.000 0.788
5155.000 0.777
5160.000 0.766
5165.000 0.757
5170.000 0.755
5175.000 0.743
5180.000 0.739
5185.000 0.732
5190.000 0.727
5195.000 0.720
5200.000 0.722
5205.000 0.710
5210.000 0.711
5215.000 0.703
5220.000 0.702
5225.000 0.699
5230.000 0.693
5235.000 0.689
5240.000 0.691
5245.000 0.685
5250.000 0.682
5255.000 0.680
5260.000 0.675
5265.000 0.677
5270.000 0.674
5275.000 0.670
5280.000 0.666
5285.000 0.666
5290.000 0.660
5295.000 0.660
5300.000 0.654
5305.000 0.651
5310.000 0.651
5315.000 0.651
5320.000 0.647
5325.000 0.647
5330.000 0.642
5335.000 0.642
5340.000 0.637
5345.000 0.636
5350.000 0.632
5355.000 0.631
5360.000 0.628
5365.000 0.623
5370.000 0.621
5375.000 0.616
5380.000 0.615
5385.000 0.613
5390.000 0.611
5395.000 0.609
5400.000 0.606
5405.000 0.599
5410.000 0.600
5415.000 0.594
5420.000 0.592
5425.000 0.588
5430.000 0.584
5435.000 0.580
5440.000 0.575
5445.000 0.573
5450.000 0.568
5455.000 0.564
5460.000 0.563
5465.000 0.560
5470.000 0.558
5475.000 0.555
5480.000 0.550
5485.000 0.550
5490.000 0.546
5495.000 0.545
5500.000 0.539
5505.000 0.540
5510.000 0.535
5515.000 0.530
5520.000 0.529
5525.000 0.534
5530.000 0.532
5535.000 0.526
5540.000 0.519
5545.000 0.515
5550.000 0.512
5555.000 0.507
5560.000 0.506
5565.000 0.505
5570.000 0.502
5575.000 0.498
5580.000 0.496
5585.000 0.492
5590.000 0.492
5595.000 0.491
5600.000 0.487
5605.000 0.484
5610.000 0.486
5615.000 0.486
5620.000 0.482
5625.000 0.481
5630.000 0.477
5635.000 0.478
5640.000 0.476
5645.000 0.473
5650.000 0.473
5655.000 0.474
5660.000 0.470
5665.000 0.472
5670.000 0.469
5675.000 0.467
5680.000 0.468
5685.000 0.466
5690.000 0.467
5695.000 0.467
5700.000 0.466
5705.000 0.465
5710.000 0.463
5715.000 0.465
5720.000 0.464
5725.000 0.464
5730.000 0.463
5735.000 0.464
5740.000 0.463
5745.000 0.463
5750.000 0.464
5755.000 0.464
5760.000 0.465
5765.000 0.466
5770.000 0.466
5775.000 0.468
5780.000 0.466
5785.000 0.470
5790.000 0.470
5795.000 0.469
5800.000 0.470
5805.000 0.473
5810.000 0.474
5815.000 0.476
5820.000 0.478
5825.000 0.479
5830.000 0.482
5835.000 0.483
5840.000 0.485
5845.000 0.486
5850.000 0.491
5855.000 0.490
5860.000 0.496
5865.000 0.498
5870.000 0.500
5875.000 0.507
5880.000 0.511
5885.000 0.513
5890.000 0.521
5895.000 0.523
5900.000 0.526
5905.000 0.527
5910.000 0.532
5915.000 0.542
5920.000 0.545
5925.000 0.548
5930.000 0.553
5935.000 0.563
5940.000 0.568
5945.000 0.577
5950.000 0.584
5955.000 0.588
5960.000 0.603
5965.000 0.618
5970.000 0.623
5975.000 0.632
5980.000 0.636
5985.000 0.651
5990.000 0.679
5995.000 0.681
6000.000 0.706
6005.000 0.704
6010.000 0.731
6015.000 0.751
6020.000 0.764
6025.000 0.829
6030.000 0.827
6035.000 0.841
6040.000 0.855
6045.000 0.855
6050.000 0.868
6055.000 0.869
6060.000 0.890
6065.000 0.913
6070.000 0.920
6075.000 0.955
6080.000 0.969
6085.000 1.009
6090.000 1.026
6095.000 1.078
6100.000 1.141
6105.000 1.163
6110.000 1.219
6115.000 1.236
6120.000 1.286
6125.000 1.373
6130.000 1.424
6135.000 1.515
6140.000 1.555
6145.000 1.636
6150.000 1.755
6155.000 1.892
6160.000 1.978
6165.000 2.079
6170.000 2.315
6175.000 2.631
6180.000 2.833
6185.000 3.366
6190.000 4.121
6195.000 4.652
6200.000 6.066
6205.000 8.255
6210.000 9.701
6215.000 11.416
6220.000 15.630
6225.000 20.698
6230.000 23.294
6235.000 26.931
6240.000 26.808
6245.000 21.154
6250.000 11.929
6255.000 9.468
6260.000 6.853
6265.000 5.892
6270.000 4.529
6275.000 3.613
6280.000 3.267
6285.000 2.732
6290.000 2.346
6295.000 2.192
6300.000 1.937
6305.000 1.828
6310.000 1.641
6315.000 1.566
6320.000 1.410
6325.000 1.288
6330.000 1.231
6335.000 1.140
6340.000 1.056
6345.000 1.021
6350.000 0.959
6355.000 0.904
6360.000 0.876
6365.000 0.854
6370.000 0.809
6375.000 0.772
6380.000 0.752
6385.000 0.719
6390.000 0.686
6395.000 0.677
6400.000 0.649
6405.000 0.637
6410.000 0.609
6415.000 0.603
6420.000 0.582
6425.000 0.569
6430.000 0.551
6435.000 0.530
6440.000 0.522
6445.000 0.504
6450.000 0.488
6455.000 0.478
6460.000 0.461
6465.000 0.452
6470.000 0.435
6475.000 0.426
6480.000 0.409
6485.000 0.389
6490.000 0.371
6495.000 0.359
6500.000 0.349
6505.000 0.328
6510.000 0.304
6515.000 0.293
6520.000 0.268
6525.000 0.254
6530.000 0.235
6535.000 0.226
6540.000 0.236
6545.000 0.301
6550.000 0.470
6555.000 0.623
6560.000 1.395
6565.000 2.596
6570.000 9.629
6575.000 13.234
6580.000 10.150
6585.000 7.450
6590.000 3.471
6595.000 2.782
6600.000 2.141
6605.000 1.651
6610.000 1.416
6615.000 1.189
6620.000 1.115
6625.000 1.046
6630.000 0.940
6635.000 0.869
6640.000 0.837
6645.000 0.788
6650.000 0.750
6655.000 0.735
6660.000 0.706
6665.000 0.690
6670.000 0.669
6675.000 0.660
6680.000 0.640
6685.000 0.628
6690.000 0.619
6695.000 0.617
6700.000 0.616
6705.000 0.601
6710.000 0.589
6715.000 0.582
6720.000 0.575
6725.000 0.567
6730.000 0.563
6735.000 0.557
6740.000 0.556
6745.000 0.549
6750.000 0.549
6755.000 0.543
6760.000 0.538
6765.000 0.535
6770.000 0.533
6775.000 0.531
6780.000 0.529
6785.000 0.525
6790.000 0.524
6795.000 0.522
6800.000 0.519
6805.000 0.518
6810.000 0.515
6815.000 0.510
6820.000 0.509
6825.000 0.509
6830.000 0.506
6835.000 0.506
6840.000 0.502
6845.000 0.501
6850.000 0.501
6855.000 0.503
6860.000 0.497
6865.000 0.501
6870.000 0.497
6875.000 0.496
6880.000 0.495
6885.000 0.493
6890.000 0.494
6895.000 0.491
6900.000 0.491
6905.000 0.490
6910.000 0.498
6915.000 0.497
6920.000 0.508
6925.000 0.505
6930.000 0.501
6935.000 0.495
6940.000 0.493
6945.000 0.493
6950.000 0.489
6955.000 0.485
6960.000 0.489
6965.000 0.485
6970.000 0.490
6975.000 0.481
6980.000 0.482
6985.000 0.486
6990.000 0.488
6995.000 0.496
7000.000 0.488
7005.000 0.496
7010.000 0.494
7015.000 0.492
7020.000 0.484
7025.000 0.488
7030.000 0.488
7035.000 0.482
7040.000 0.492
7045.000 0.495
7050.000 0.491
7055.000 0.490
7060.000 0.493
7065.000 0.491
7070.000 0.495
7075.000 0.494
7080.000 0.494
7085.000 0.494
7090.000 0.497
7095.000 0.500
7100.000 0.495
7105.000 0.496
7110.000 0.499
7115.000 0.500
7120.000 0.499
7125.000 0.500
7130.000 0.502
7135.000 0.504
7140.000 0.508
7145.000 0.510
7150.000 0.517
7155.000 0.516
7160.000 0.518
7165.000 0.520
7170.000 0.526
7175.000 0.525
7180.000 0.526
7185.000 0.526
7190.000 0.530
7195.000 0.532
7200.000 0.535
7205.000 0.534
7210.000 0.539
7215.000 0.541
7220.000 0.549
7225.000 0.549
7230.000 0.558
7235.000 0.561
7240.000 0.565
7245.000 0.571
7250.000 0.578
7255.000 0.588
7260.000 0.614
7265.000 0.614
7270.000 0.617
7275.000 0.625
7280.000 0.625
7285.000 0.630
7290.000 0.642
7295.000 0.656
7300.000 0.661
7305.000 0.671
7310.000 0.684
7315.000 0.690
7320.000 0.707
7325.000 0.731
7330.000 0.759
7335.000 0.782
7340.000 0.789
7345.000 0.821
7350.000 0.841
7355.000 0.883
7360.000 0.913
7365.000 0.970
7370.000 1.037
7375.000 1.072
7380.000 1.119
7385.000 1.156
7390.000 1.226
7395.000 1.306
7400.000 1.354
7405.000 1.469
7410.000 1.650
7415.000 1.774
7420.000 2.084
7425.000 2.310
7430.000 2.950
7435.000 3.896
7440.000 4.496
7445.000 5.616
7450.000 5.764
7455.000 4.423
7460.000 2.686
7465.000 2.261
7470.000 1.594
7475.000 1.530
7480.000 1.529
7485.000 1.251
7490.000 1.139
7495.000 0.887
7500.000 0.794
7505.000 0.646
7510.000 0.589
7515.000 0.497
7520.000 0.430
7525.000 0.404
7530.000 0.359
7535.000 0.328
7540.000 0.317
7545.000 0.295
7550.000 0.286
7555.000 0.274
7560.000 0.267
7565.000 0.262
7570.000 0.254
7575.000 0.252
7580.000 0.250
7585.000 0.252
7590.000 0.251
7595.000 0.250
7600.000 0.251
7605.000 0.252
7610.000 0.262
7615.000 0.261
7620.000 0.262
7625.000 0.264
7630.000 0.262
7635.000 0.263
7640.000 0.264
7645.000 0.267
7650.000 0.266
7655.000 0.270
7660.000 0.271
7665.000 0.271
7670.000 0.276
7675.000 0.276
7680.000 0.278
7685.000 0.278
7690.000 0.281
7695.000 0.281
7700.000 0.284
7705.000 0.288
7710.000 0.286
7715.000 0.290
7720.000 0.289
7725.000 0.292
7730.000 0.293
7735.000 0.295
7740.000 0.299
7745.000 0.298
7750.000 0.301
7755.000 0.304
7760.000 0.305
7765.000 0.306
7770.000 0.307
7775.000 0.308
7780.000 0.312
7785.000 0.314
7790.000 0.314
7795.000 0.317
7800.000 0.318
7805.000 0.318
7810.000 0.318
7815.000 0.320
7820.000 0.322
7825.000 0.323
7830.000 0.326
7835.000 0.326
7840.000 0.329
7845.000 0.333
7850.000 0.333
7855.000 0.333
7860.000 0.335
7865.000 0.337
7870.000 0.338
7875.000 0.339
7880.000 0.340
7885.000 0.342
7890.000 0.347
7895.000 0.343
7900.000 0.347
7905.000 0.349
7910.000 0.350
7915.000 0.351
7920.000 0.353
7925.000 0.357
7930.000 0.355
7935.000 0.358
7940.000 0.357
7945.000 0.359
7950.000 0.358
7955.000 0.369
7960.000 0.368
7965.000 0.372
7970.000 0.375
7975.000 0.376
7980.000 0.376
7985.000 0.377
7990.000 0.385
7995.000 0.378
8000.000 0.381
8005.000 0.391
8010.000 0.393
8015.000 0.395
8020.000 0.385
8025.000 0.389
8030.000 0.383
8035.000 0.375
8040.000 0.322
8045.000 0.223
8050.000 0.162
8055.000 1.177
8060.000 3.713
8065.000 8.186
8070.000 7.044
8075.000 1.444
8080.000 1.007
8085.000 0.224
8090.000 0.578
8095.000 0.483
8100.000 0.417
8105.000 0.410
8110.000 0.398
8115.000 0.385
8120.000 0.385
8125.000 0.381
8130.000 0.380
8135.000 0.379
8140.000 0.378
8145.000 0.378
8150.000 0.379
8155.000 0.379
8160.000 0.379
8165.000 0.385
8170.000 0.387
8175.000 0.391
8180.000 0.394
8185.000 0.401
8190.000 0.403
8195.000 0.407
8200.000 0.409
8205.000 0.407
8210.000 0.413
8215.000 0.415
8220.000 0.419
8225.000 0.424
8230.000 0.429
8235.000 0.434
8240.000 0.434
8245.000 0.440
8250.000 0.441
8255.000 0.445
8260.000 0.448
8265.000 0.452
8270.000 0.457
8275.000 0.459
8280.000 0.464
8285.000 0.468
8290.000 0.473
8295.000 0.475
8300.000 0.480
8305.000 0.480
8310.000 0.492
8315.000 0.498
8320.000 0.497
8325.000 0.506
8330.000 0.513
8335.000 0.519
8340.000 0.525
8345.000 0.528
8350.000 0.537
8355.000 0.547
8360.000 0.550
8365.000 0.558
8370.000 0.561
8375.000 0.572
8380.000 0.573
8385.000 0.583
8390.000 0.590
8395.000 0.596
8400.000 0.605
8405.000 0.608
8410.000 0.616
8415.000 0.626
8420.000 0.637
8425.000 0.641
8430.000 0.649
8435.000 0.659
8440.000 0.675
8445.000 0.681
8450.000 0.699
8455.000 0.706
8460.000 0.724
8465.000 0.747
8470.000 0.755
8475.000 0.783
8480.000 0.803
8485.000 0.833
8490.000 0.874
8495.000 0.891
8500.000 0.945
8505.000 1.017
8510.000 1.059
8515.000 1.180
8520.000 1.266
8525.000 1.556
8530.000 1.819
8535.000 2.914
8540.000 5.425
8545.000 6.631
8550.000 4.317
8555.000 1.748
8560.000 0.648
8565.000 0.962
8570.000 0.873
8575.000 0.901
8580.000 0.979
8585.000 1.164
8590.000 1.436
8595.000 1.583
8600.000 1.943
8605.000 2.163
8610.000 2.714
8615.000 3.473
8620.000 3.937
8625.000 5.075
8630.000 6.417
8635.000 7.111
8640.000 8.193
8645.000 8.382
8650.000 7.608
8655.000 6.719
8660.000 4.776
8665.000 3.250
8670.000 2.634
8675.000 1.689
8680.000 1.332
8685.000 0.722
8690.000 0.283
8695.000 0.321
8700.000 0.467
8705.000 0.504
8710.000 0.527
8715.000 0.510
8720.000 0.496
8725.000 0.458
8730.000 0.441
8735.000 0.417
8740.000 0.387
8745.000 0.378
8750.000 0.354
8755.000 0.342
8760.000 0.324
8765.000 0.316
8770.000 0.300
8775.000 0.285
8780.000 0.271
8785.000 0.266
8790.000 0.261
8795.000 0.252
8800.000 0.242
8805.000 0.237
8810.000 0.229
8815.000 0.224
8820.000 0.228
8825.000 0.200
8830.000 0.226
8835.000 0.189
8840.000 0.214
8845.000 0.206
8850.000 0.199
8855.000 0.196
8860.000 0.193
8865.000 0.192
8870.000 0.192
8875.000 0.189
8880.000 0.189
8885.000 0.185
8890.000 0.189
8895.000 0.189
8900.000 0.187
8905.000 0.188
8910.000 0.186
8915.000 0.186
8920.000 0.185
8925.000 0.186
8930.000 0.190
8935.000 0.186
8940.000 0.186
8945.000 0.190
8950.000 0.192
8955.000 0.194
8960.000 0.192
8965.000 0.189
8970.000 0.190
8975.000 0.192
8980.000 0.194
8985.000 0.190
8990.000 0.199
8995.000 0.192
9000.000 0.196
9005.000 0.195
9010.000 0.200
9015.000 0.196
9020.000 0.198
9025.000 0.196
9030.000 0.204
9035.000 0.200
9040.000 0.206
9045.000 0.209
9050.000 0.202
9055.000 0.206
9060.000 0.207
9065.000 0.206
9070.000 0.211
9075.000 0.209
9080.000 0.209
9085.000 0.210
9090.000 0.211
9095.000 0.215
9100.000 0.213
9105.000 0.213
9110.000 0.213
9115.000 0.213
9120.000 0.217
9125.000 0.218
9130.000 0.218
9135.000 0.218
9140.000 0.221
9145.000 0.219
9150.000 0.218
9155.000 0.221
9160.000 0.222
9165.000 0.223
9170.000 0.224
9175.000 0.225
9180.000 0.228
9185.000 0.226
9190.000 0.227
9195.000 0.227
9200.000 0.231
9205.000 0.230
9210.000 0.233
9215.000 0.233
9220.000 0.235
9225.000 0.237
9230.000 0.235
9235.000 0.236
9240.000 0.241
9245.000 0.239
9250.000 0.240
9255.000 0.243
9260.000 0.242
9265.000 0.243
9270.000 0.244
9275.000 0.247
9280.000 0.247
9285.000 0.250
9290.000 0.252
9295.000 0.251
9300.000 0.253
9305.000 0.255
9310.000 0.258
9315.000 0.257
9320.000 0.261
9325.000 0.266
9330.000 0.267
9335.000 0.273
9340.000 0.273
9345.000 0.278
9350.000 0.284
9355.000 0.289
9360.000 0.292
9365.000 0.299
9370.000 0.305
9375.000 0.309
9380.000 0.318
9385.000 0.329
9390.000 0.336
9395.000 0.348
9400.000 0.363
9405.000 0.371
9410.000 0.397
9415.000 0.426
9420.000 0.442
9425.000 0.456
9430.000 0.499
9435.000 0.554
9440.000 0.627
9445.000 0.680
9450.000 0.839
9455.000 0.965
9460.000 1.400
9465.000 2.341
9470.000 3.140
9475.000 4.149
9480.000 6.808
9485.000 8.319
9490.000 6.499
9495.000 0.601
9500.000 1.098
9505.000 0.919
9510.000 0.650
9515.000 0.512
9520.000 0.390
9525.000 0.313
9530.000 0.283
9535.000 0.240
9540.000 0.221
9545.000 0.196
9550.000 0.174
9555.000 0.167
9560.000 0.152
9565.000 0.144
9570.000 0.139
9575.000 0.137
9580.000 0.132
9585.000 0.128
9590.000 0.127
9595.000 0.127
9600.000 0.128
9605.000 0.129
9610.000 0.131
9615.000 0.133
9620.000 0.135
9625.000 0.138
9630.000 0.143
9635.000 0.152
9640.000 0.157
9645.000 0.166
9650.000 0.178
9655.000 0.183
9660.000 0.196
9665.000 0.204
9670.000 0.218
9675.000 0.237
9680.000 0.249
9685.000 0.273
9690.000 0.285
9695.000 0.316
9700.000 0.334
9705.000 0.373
9710.000 0.422
9715.000 0.453
9720.000 0.512
9725.000 0.544
9730.000 0.615
9735.000 0.660
9740.000 0.762
9745.000 0.886
9750.000 0.954
9755.000 1.122
9760.000 1.335
9765.000 1.476
9770.000 1.817
9775.000 2.034
9780.000 2.592
9785.000 2.935
9790.000 3.774
9795.000 4.835
9800.000 5.446
9805.000 6.823
9810.000 7.580
9815.000 9.014
9820.000 9.898
9825.000 9.926
9830.000 8.951
9835.000 8.118
9840.000 6.390
9845.000 4.917
9850.000 4.326
9855.000 3.364
9860.000 2.988
9865.000 2.395
9870.000 1.966
9875.000 1.691
9880.000 1.630
9885.000 1.568
9890.000 1.372
9895.000 1.235
9900.000 1.200
9905.000 1.182
9910.000 1.164
9915.000 1.135
9920.000 1.100
9925.000 1.080
9930.000 1.044
9935.000 1.014
9940.000 0.998
9945.000 0.959
9950.000 0.936
9955.000 0.928
9960.000 0.913
9965.000 0.894
9970.000 0.873
9975.000 0.865
9980.000 0.847
9985.000 0.825
9990.000 0.822
9995.000 0.800
10000.000 0.792
