105.000 0.078
110.000 0.992
115.000 2.834
120.000 4.398
125.000 5.147
130.000 5.366
135.000 5.581
140.000 5.851
145.000 5.498
150.000 4.947
155.000 4.605
160.000 3.800
165.000 3.595
170.000 3.411
175.000 3.456
180.000 3.438
185.000 3.532
190.000 3.722
195.000 4.014
200.000 4.410
205.000 4.775
210.000 5.902
215.000 6.674
220.000 9.451
225.000 11.270
230.000 17.195
235.000 25.036
240.000 29.465
245.000 37.828
250.000 41.097
255.000 42.525
260.000 31.949
265.000 26.626
270.000 19.457
275.000 16.867
280.000 13.003
285.000 10.331
290.000 9.296
295.000 7.998
300.000 7.496
305.000 6.617
310.000 6.034
315.000 5.796
320.000 5.474
325.000 5.372
330.000 5.216
335.000 5.027
340.000 5.043
345.000 5.159
350.000 5.279
355.000 5.656
360.000 6.171
365.000 6.401
370.000 7.183
375.000 7.640
380.000 8.833
385.000 10.509
390.000 11.544
395.000 13.914
400.000 15.264
405.000 18.337
410.000 22.033
415.000 24.123
420.000 28.823
425.000 31.282
430.000 36.097
435.000 40.442
440.000 42.461
445.000 46.369
450.000 48.325
455.000 52.493
460.000 57.126
465.000 59.704
470.000 65.817
475.000 69.319
480.000 72.243
485.000 72.341
490.000 71.930
495.000 69.987
500.000 64.473
505.000 41.916
510.000 30.773
515.000 26.527
520.000 20.982
525.000 18.775
530.000 15.297
535.000 12.451
540.000 11.283
545.000 9.504
550.000 8.667
555.000 7.387
560.000 6.465
565.000 6.027
570.000 5.360
575.000 5.056
580.000 4.573
585.000 4.170
590.000 3.993
595.000 3.679
600.000 3.558
605.000 3.329
610.000 3.144
615.000 3.027
620.000 2.875
625.000 2.802
630.000 2.691
635.000 2.615
640.000 2.578
645.000 2.537
650.000 2.520
655.000 2.518
660.000 2.561
665.000 2.597
670.000 2.712
675.000 2.782
680.000 3.021
685.000 3.381
690.000 3.629
695.000 4.356
700.000 4.903
705.000 6.878
710.000 11.405
715.000 15.019
720.000 21.193
725.000 21.373
730.000 12.252
735.000 6.861
740.000 5.499
745.000 3.861
750.000 3.325
755.000 2.546
760.000 2.019
765.000 1.831
770.000 1.521
775.000 1.412
780.000 1.203
785.000 1.079
790.000 1.017
795.000 0.917
800.000 0.882
805.000 0.817
810.000 0.752
815.000 0.717
820.000 0.671
825.000 0.647
830.000 0.615
835.000 0.592
840.000 0.564
845.000 0.547
850.000 0.546
855.000 0.519
860.000 0.532
865.000 0.519
870.000 0.519
875.000 0.520
880.000 0.526
885.000 0.532
890.000 0.546
895.000 0.571
900.000 0.594
905.000 0.637
910.000 0.661
915.000 0.734
920.000 0.835
925.000 0.905
930.000 1.091
935.000 1.229
940.000 1.609
945.000 2.208
950.000 2.577
955.000 3.018
960.000 2.729
965.000 1.545
970.000 1.055
975.000 0.905
980.000 0.770
985.000 0.685
990.000 0.574
995.000 0.497
1000.000 0.471
1005.000 0.420
1010.000 0.400
1015.000 0.383
1020.000 0.378
1025.000 0.334
1030.000 0.318
1035.000 0.318
1040.000 0.306
1045.000 0.301
1050.000 0.285
1055.000 0.282
1060.000 0.279
1065.000 0.277
1070.000 0.274
1075.000 0.275
1080.000 0.272
1085.000 0.274
1090.000 0.277
1095.000 0.284
1100.000 0.287
1105.000 0.295
1110.000 0.299
1115.000 0.312
1120.000 0.327
1125.000 0.335
1130.000 0.357
1135.000 0.366
1140.000 0.399
1145.000 0.438
1150.000 0.459
1155.000 0.516
1160.000 0.555
1165.000 0.653
1170.000 0.794
1175.000 0.891
1180.000 1.162
1185.000 1.351
1190.000 1.863
1195.000 2.377
1200.000 2.390
1205.000 1.640
1210.000 1.291
1215.000 0.943
1220.000 0.746
1225.000 0.676
1230.000 0.576
1235.000 0.538
1240.000 0.479
1245.000 0.436
1250.000 0.420
1255.000 0.393
1260.000 0.383
1265.000 0.363
1270.000 0.355
1275.000 0.351
1280.000 0.344
1285.000 0.340
1290.000 0.338
1295.000 0.334
1300.000 0.334
1305.000 0.346
1310.000 0.348
1315.000 0.355
1320.000 0.370
1325.000 0.378
1330.000 0.393
1335.000 0.402
1340.000 0.426
1345.000 0.455
1350.000 0.472
1355.000 0.512
1360.000 0.540
1365.000 0.594
1370.000 0.672
1375.000 0.715
1380.000 0.827
1385.000 0.896
1390.000 1.082
1395.000 1.364
1400.000 1.565
1405.000 2.304
1410.000 2.937
1415.000 5.091
1420.000 6.363
1425.000 7.581
1430.000 5.409
1435.000 4.230
1440.000 2.926
1445.000 2.511
1450.000 1.935
1455.000 1.568
1460.000 1.436
1465.000 1.232
1470.000 1.152
1475.000 1.008
1480.000 0.932
1485.000 0.895
1490.000 0.840
1495.000 0.812
1500.000 0.777
1505.000 0.742
1510.000 0.735
1515.000 0.719
1520.000 0.711
1525.000 0.706
1530.000 0.709
1535.000 0.705
1540.000 0.711
1545.000 0.715
1550.000 0.729
1555.000 0.749
1560.000 0.759
1565.000 0.796
1570.000 0.814
1575.000 0.859
1580.000 0.916
1585.000 0.950
1590.000 1.039
1595.000 1.090
1600.000 1.228
1605.000 1.429
1610.000 1.563
1615.000 1.961
1620.000 2.254
1625.000 3.122
1630.000 4.416
1635.000 5.129
1640.000 6.580
1645.000 7.120
1650.000 6.997
1655.000 5.022
1660.000 4.098
1665.000 2.907
1670.000 2.515
1675.000 2.000
1680.000 1.685
1685.000 1.571
1690.000 1.408
1695.000 1.340
1700.000 1.247
1705.000 1.173
1710.000 1.146
1715.000 1.102
1720.000 1.088
1725.000 1.058
1730.000 1.052
1735.000 1.053
1740.000 1.061
1745.000 1.067
1750.000 1.087
1755.000 1.114
1760.000 1.132
1765.000 1.179
1770.000 1.207
1775.000 1.283
1780.000 1.384
1785.000 1.446
1790.000 1.554
1795.000 1.608
1800.000 1.750
1805.000 1.941
1810.000 2.066
1815.000 2.402
1820.000 2.621
1825.000 3.218
1830.000 4.122
1835.000 4.737
1840.000 6.391
1845.000 7.447
1850.000 10.010
1855.000 13.015
1860.000 14.273
1865.000 14.252
1870.000 12.647
1875.000 8.882
1880.000 6.352
1885.000 5.458
1890.000 4.194
1895.000 3.744
1900.000 3.084
1905.000 2.625
1910.000 2.445
1915.000 2.163
1920.000 2.053
1925.000 1.910
1930.000 1.812
1935.000 1.771
1940.000 1.714
1945.000 1.690
1950.000 1.653
1955.000 1.622
1960.000 1.623
1965.000 1.621
1970.000 1.616
1975.000 1.636
1980.000 1.672
1985.000 1.690
1990.000 1.764
1995.000 1.788
2000.000 1.895
2005.000 1.959
2010.000 2.127
2015.000 2.358
2020.000 2.527
2025.000 3.030
2030.000 3.389
2035.000 4.408
2040.000 5.967
2045.000 6.883
2050.000 8.215
2055.000 8.108
2060.000 6.179
2065.000 4.000
2070.000 3.257
2075.000 2.270
2080.000 1.934
2085.000 1.452
2090.000 1.127
2095.000 0.995
2100.000 0.798
2105.000 0.719
2110.000 0.591
2115.000 0.490
2120.000 0.448
2125.000 0.380
2130.000 0.352
2135.000 0.302
2140.000 0.261
2145.000 0.244
2150.000 0.214
2155.000 0.199
2160.000 0.176
2165.000 0.157
2170.000 0.146
2175.000 0.131
2180.000 0.124
2185.000 0.112
2190.000 0.102
2195.000 0.096
2200.000 0.088
2205.000 0.086
2210.000 0.081
2215.000 0.075
2220.000 0.072
2225.000 0.071
2230.000 0.068
2235.000 0.067
2240.000 0.065
2245.000 0.067
2250.000 0.065
2255.000 0.066
2260.000 0.066
2265.000 0.065
2270.000 0.066
2275.000 0.067
2280.000 0.067
2285.000 0.068
2290.000 0.071
2295.000 0.071
2300.000 0.072
2305.000 0.072
2310.000 0.074
2315.000 0.075
2320.000 0.076
2325.000 0.078
2330.000 0.078
2335.000 0.080
2340.000 0.080
2345.000 0.081
2350.000 0.084
2355.000 0.084
2360.000 0.085
2365.000 0.089
2370.000 0.088
2375.000 0.091
2380.000 0.092
2385.000 0.093
2390.000 0.095
2395.000 0.097
2400.000 0.100
2405.000 0.101
2410.000 0.104
2415.000 0.107
2420.000 0.108
2425.000 0.111
2430.000 0.113
2435.000 0.120
2440.000 0.124
2445.000 0.126
2450.000 0.134
2455.000 0.137
2460.000 0.143
2465.000 0.153
2470.000 0.155
2475.000 0.166
2480.000 0.173
2485.000 0.186
2490.000 0.201
2495.000 0.207
2500.000 0.226
2505.000 0.238
2510.000 0.263
2515.000 0.293
2520.000 0.312
2525.000 0.354
2530.000 0.381
2535.000 0.446
2540.000 0.538
2545.000 0.597
2550.000 0.782
2555.000 0.923
2560.000 1.372
2565.000 2.166
2570.000 2.721
2575.000 4.214
2580.000 5.174
2585.000 7.469
2590.000 10.152
2595.000 11.419
2600.000 11.419
2605.000 10.009
2610.000 7.305
2615.000 6.447
2620.000 5.211
2625.000 4.336
2630.000 3.981
2635.000 3.397
2640.000 3.156
2645.000 2.779
2650.000 2.520
2655.000 2.425
2660.000 2.291
2665.000 2.258
2670.000 2.238
2675.000 2.305
2680.000 2.385
2685.000 2.634
2690.000 2.824
2695.000 3.391
2700.000 4.317
2705.000 5.018
2710.000 7.093
2715.000 8.490
2720.000 11.612
2725.000 13.815
2730.000 13.768
2735.000 10.478
2740.000 8.409
2745.000 5.537
2750.000 3.931
2755.000 3.399
2760.000 2.649
2765.000 2.381
2770.000 1.982
2775.000 1.716
2780.000 1.618
2785.000 1.490
2790.000 1.450
2795.000 1.382
2800.000 1.337
2805.000 1.315
2810.000 1.286
2815.000 1.276
2820.000 1.282
2825.000 1.304
2830.000 1.328
2835.000 1.371
2840.000 1.407
2845.000 1.488
2850.000 1.593
2855.000 1.666
2860.000 1.867
2865.000 2.014
2870.000 2.441
2875.000 3.167
2880.000 3.701
2885.000 5.316
2890.000 6.423
2895.000 9.160
2900.000 10.370
2905.000 11.522
2910.000 9.389
2915.000 7.623
2920.000 4.981
2925.000 4.114
2930.000 2.981
2935.000 2.286
2940.000 2.043
2945.000 1.675
2950.000 1.535
2955.000 1.330
2960.000 1.208
2965.000 1.148
2970.000 1.059
2975.000 1.013
2980.000 0.944
2985.000 0.906
2990.000 0.887
2995.000 0.858
3000.000 0.835
3005.000 0.832
3010.000 0.838
3015.000 0.845
3020.000 0.847
3025.000 0.874
3030.000 0.921
3035.000 0.969
3040.000 1.015
3045.000 1.129
3050.000 1.202
3055.000 1.376
3060.000 1.628
3065.000 1.816
3070.000 2.451
3075.000 2.933
3080.000 4.292
3085.000 5.813
3090.000 6.269
3095.000 5.613
3100.000 4.624
3105.000 2.869
3110.000 1.915
3115.000 1.610
3120.000 1.194
3125.000 1.054
3130.000 0.839
3135.000 0.698
3140.000 0.644
3145.000 0.565
3150.000 0.537
3155.000 0.492
3160.000 0.456
3165.000 0.441
3170.000 0.419
3175.000 0.411
3180.000 0.404
3185.000 0.402
3190.000 0.405
3195.000 0.412
3200.000 0.419
3205.000 0.440
3210.000 0.473
3215.000 0.500
3220.000 0.566
3225.000 0.617
3230.000 0.772
3235.000 1.064
3240.000 1.295
3245.000 1.953
3250.000 2.266
3255.000 2.252
3260.000 1.527
3265.000 1.212
3270.000 0.818
3275.000 0.695
3280.000 0.523
3285.000 0.420
3290.000 0.382
3295.000 0.330
3300.000 0.309
3305.000 0.279
3310.000 0.252
3315.000 0.242
3320.000 0.223
3325.000 0.215
3330.000 0.205
3335.000 0.194
3340.000 0.191
3345.000 0.183
3350.000 0.178
3355.000 0.176
3360.000 0.169
3365.000 0.169
3370.000 0.167
3375.000 0.165
3380.000 0.162
3385.000 0.160
3390.000 0.160
3395.000 0.156
3400.000 0.157
3405.000 0.155
3410.000 0.157
3415.000 0.153
3420.000 0.155
3425.000 0.154
3430.000 0.154
3435.000 0.156
3440.000 0.154
3445.000 0.155
3450.000 0.154
3455.000 0.154
3460.000 0.153
3465.000 0.153
3470.000 0.153
3475.000 0.152
3480.000 0.154
3485.000 0.153
3490.000 0.154
3495.000 0.154
3500.000 0.155
3505.000 0.157
3510.000 0.156
3515.000 0.154
3520.000 0.157
3525.000 0.158
3530.000 0.157
3535.000 0.159
3540.000 0.157
3545.000 0.160
3550.000 0.158
3555.000 0.158
3560.000 0.160
3565.000 0.159
3570.000 0.161
3575.000 0.160
3580.000 0.161
3585.000 0.160
3590.000 0.162
3595.000 0.159
3600.000 0.161
3605.000 0.160
3610.000 0.162
3615.000 0.161
3620.000 0.161
3625.000 0.161
3630.000 0.163
3635.000 0.162
3640.000 0.164
3645.000 0.166
3650.000 0.163
3655.000 0.164
3660.000 0.163
3665.000 0.167
3670.000 0.167
3675.000 0.167
3680.000 0.167
3685.000 0.166
3690.000 0.171
3695.000 0.169
3700.000 0.169
3705.000 0.169
3710.000 0.170
3715.000 0.170
3720.000 0.170
3725.000 0.170
3730.000 0.173
3735.000 0.174
3740.000 0.175
3745.000 0.178
3750.000 0.178
3755.000 0.179
3760.000 0.182
3765.000 0.184
3770.000 0.184
3775.000 0.184
3780.000 0.187
3785.000 0.189
3790.000 0.197
3795.000 0.200
3800.000 0.204
3805.000 0.212
3810.000 0.216
3815.000 0.228
3820.000 0.243
3825.000 0.250
3830.000 0.284
3835.000 0.309
3840.000 0.376
3845.000 0.481
3850.000 0.548
3855.000 0.700
3860.000 0.771
3865.000 0.921
3870.000 0.883
3875.000 0.812
3880.000 0.676
3885.000 0.623
3890.000 0.543
3895.000 0.490
3900.000 0.474
3905.000 0.455
3910.000 0.454
3915.000 0.459
3920.000 0.470
3925.000 0.485
3930.000 0.514
3935.000 0.532
3940.000 0.586
3945.000 0.662
3950.000 0.718
3955.000 0.872
3960.000 0.969
3965.000 1.307
3970.000 1.865
3975.000 2.241
3980.000 3.298
3985.000 3.969
3990.000 5.234
3995.000 5.631
4000.000 5.239
4005.000 3.717
4010.000 3.075
4015.000 2.159
4020.000 1.626
4025.000 1.437
4030.000 1.162
4035.000 1.073
4040.000 0.912
4045.000 0.816
4050.000 0.794
4055.000 0.735
4060.000 0.731
4065.000 0.699
4070.000 0.692
4075.000 0.687
4080.000 0.681
4085.000 0.691
4090.000 0.707
4095.000 0.721
4100.000 0.753
4105.000 0.806
4110.000 0.835
4115.000 0.912
4120.000 0.967
4125.000 1.132
4130.000 1.393
4135.000 1.591
4140.000 2.157
4145.000 2.534
4150.000 3.366
4155.000 3.728
4160.000 3.497
4165.000 2.475
4170.000 2.000
4175.000 1.378
4180.000 1.014
4185.000 0.890
4190.000 0.714
4195.000 0.647
4200.000 0.555
4205.000 0.493
4210.000 0.472
4215.000 0.438
4220.000 0.426
4225.000 0.404
4230.000 0.389
4235.000 0.386
4240.000 0.381
4245.000 0.376
4250.000 0.377
4255.000 0.383
4260.000 0.384
4265.000 0.395
4270.000 0.399
4275.000 0.415
4280.000 0.441
4285.000 0.462
4290.000 0.505
4295.000 0.535
4300.000 0.623
4305.000 0.772
4310.000 0.887
4315.000 1.251
4320.000 1.520
4325.000 2.200
4330.000 2.930
4335.000 3.128
4340.000 2.826
4345.000 2.414
4350.000 1.685
4355.000 1.219
4360.000 1.063
4365.000 0.851
4370.000 0.778
4375.000 0.651
4380.000 0.569
4385.000 0.542
4390.000 0.498
4395.000 0.473
4400.000 0.453
4405.000 0.434
4410.000 0.426
4415.000 0.413
4420.000 0.408
4425.000 0.406
4430.000 0.402
4435.000 0.398
4440.000 0.402
4445.000 0.407
4450.000 0.425
4455.000 0.434
4460.000 0.444
4465.000 0.478
4470.000 0.494
4475.000 0.538
4480.000 0.592
4485.000 0.617
4490.000 0.623
4495.000 0.591
4500.000 0.446
4505.000 0.260
4510.000 0.189
4515.000 0.104
4520.000 0.082
4525.000 0.069
4530.000 0.076
4535.000 0.081
4540.000 0.092
4545.000 0.095
4550.000 0.107
4555.000 0.118
4560.000 0.122
4565.000 0.133
4570.000 0.137
4575.000 0.145
4580.000 0.150
4585.000 0.154
4590.000 0.156
4595.000 0.159
4600.000 0.161
4605.000 0.164
4610.000 0.163
4615.000 0.170
4620.000 0.171
4625.000 0.174
4630.000 0.174
4635.000 0.176
4640.000 0.176
4645.000 0.175
4650.000 0.176
4655.000 0.180
4660.000 0.180
4665.000 0.178
4670.000 0.180
4675.000 0.184
4680.000 0.184
4685.000 0.183
4690.000 0.185
4695.000 0.185
4700.000 0.186
4705.000 0.188
4710.000 0.190
4715.000 0.190
4720.000 0.189
4725.000 0.189
4730.000 0.188
4735.000 0.188
4740.000 0.187
4745.000 0.188
4750.000 0.190
4755.000 0.188
4760.000 0.189
4765.000 0.192
4770.000 0.190
4775.000 0.190
4780.000 0.188
4785.000 0.187
4790.000 0.187
4795.000 0.188
4800.000 0.189
4805.000 0.188
4810.000 0.188
4815.000 0.188
4820.000 0.186
4825.000 0.184
4830.000 0.182
4835.000 0.180
4840.000 0.177
4845.000 0.176
4850.000 0.174
4855.000 0.174
4860.000 0.165
4865.000 0.163
4870.000 0.159
4875.000 0.152
4880.000 0.148
4885.000 0.135
4890.000 0.128
4895.000 0.117
4900.000 0.110
4905.000 0.100
4910.000 0.093
4915.000 0.107
4920.000 0.132
4925.000 0.242
4930.000 0.338
4935.000 0.633
4940.000 1.083
4945.000 1.392
4950.000 2.036
4955.000 2.245
4960.000 2.263
4965.000 1.979
4970.000 1.879
4975.000 1.680
4980.000 1.608
4985.000 1.479
4990.000 1.426
4995.000 1.383
5000.000 1.375
5005.000 1.338
5010.000 1.315
5015.000 1.346
5020.000 1.377
5025.000 1.360
5030.000 1.411
5035.000 1.412
5040.000 1.482
5045.000 1.526
5050.000 1.654
5055.000 1.756
5060.000 2.005
5065.000 2.355
5070.000 2.595
5075.000 3.285
5080.000 3.690
5085.000 4.651
5090.000 5.857
5095.000 6.472
5100.000 7.169
5105.000 7.197
5110.000 6.047
5115.000 4.382
5120.000 3.710
5125.000 2.726
5130.000 2.401
5135.000 1.882
5140.000 1.549
5145.000 1.430
5150.000 1.251
5155.000 1.186
5160.000 1.101
5165.000 1.056
5170.000 1.051
5175.000 1.062
5180.000 1.080
5185.000 1.126
5190.000 1.196
5195.000 1.256
5200.000 1.398
5205.000 1.482
5210.000 1.725
5215.000 2.113
5220.000 2.392
5225.000 3.216
5230.000 3.789
5235.000 5.386
5240.000 6.954
5245.000 7.376
5250.000 6.765
5255.000 5.872
5260.000 4.116
5265.000 2.921
5270.000 2.473
5275.000 1.915
5280.000 1.721
5285.000 1.425
5290.000 1.320
5295.000 1.152
5300.000 1.052
5305.000 1.017
5310.000 0.963
5315.000 0.944
5320.000 0.915
5325.000 0.894
5330.000 0.892
5335.000 0.895
5340.000 0.904
5345.000 0.924
5350.000 0.971
5355.000 1.004
5360.000 1.091
5365.000 1.154
5370.000 1.330
5375.000 1.601
5380.000 1.745
5385.000 1.881
5390.000 1.785
5395.000 1.412
5400.000 1.040
5405.000 0.893
5410.000 0.698
5415.000 0.637
5420.000 0.550
5425.000 0.479
5430.000 0.454
5435.000 0.419
5440.000 0.409
5445.000 0.393
5450.000 0.392
5455.000 0.399
5460.000 0.417
5465.000 0.439
5470.000 0.514
5475.000 0.622
5480.000 0.699
5485.000 0.830
5490.000 0.878
5495.000 0.814
5500.000 0.639
5505.000 0.552
5510.000 0.429
5515.000 0.386
5520.000 0.323
5525.000 0.285
5530.000 0.271
5535.000 0.247
5540.000 0.238
5545.000 0.225
5550.000 0.219
5555.000 0.216
5560.000 0.211
5565.000 0.210
5570.000 0.203
5575.000 0.201
5580.000 0.200
5585.000 0.195
5590.000 0.195
5595.000 0.194
5600.000 0.194
5605.000 0.194
5610.000 0.194
5615.000 0.193
5620.000 0.193
5625.000 0.194
5630.000 0.191
5635.000 0.193
5640.000 0.195
5645.000 0.195
5650.000 0.194
5655.000 0.194
5660.000 0.192
5665.000 0.193
5670.000 0.196
5675.000 0.194
5680.000 0.194
5685.000 0.195
5690.000 0.193
5695.000 0.196
5700.000 0.198
5705.000 0.196
5710.000 0.198
5715.000 0.199
5720.000 0.196
5725.000 0.197
5730.000 0.199
5735.000 0.200
5740.000 0.196
5745.000 0.201
5750.000 0.204
5755.000 0.204
5760.000 0.206
5765.000 0.220
5770.000 0.221
5775.000 0.215
5780.000 0.215
5785.000 0.212
5790.000 0.210
5795.000 0.212
5800.000 0.209
5805.000 0.207
5810.000 0.208
5815.000 0.209
5820.000 0.207
5825.000 0.209
5830.000 0.209
5835.000 0.211
5840.000 0.210
5845.000 0.210
5850.000 0.210
5855.000 0.211
5860.000 0.211
5865.000 0.210
5870.000 0.211
5875.000 0.212
5880.000 0.216
5885.000 0.218
5890.000 0.220
5895.000 0.220
5900.000 0.218
5905.000 0.217
5910.000 0.219
5915.000 0.219
5920.000 0.220
5925.000 0.222
5930.000 0.222
5935.000 0.226
5940.000 0.226
5945.000 0.229
5950.000 0.227
5955.000 0.226
5960.000 0.222
5965.000 0.231
5970.000 0.226
5975.000 0.229
5980.000 0.232
5985.000 0.225
5990.000 0.227
5995.000 0.223
6000.000 0.231
6005.000 0.226
6010.000 0.222
6015.000 0.222
6020.000 0.240
6025.000 0.223
6030.000 0.228
6035.000 0.240
6040.000 0.239
6045.000 0.238
6050.000 0.244
6055.000 0.232
6060.000 0.233
6065.000 0.237
6070.000 0.244
6075.000 0.241
6080.000 0.245
6085.000 0.243
6090.000 0.243
6095.000 0.246
6100.000 0.246
6105.000 0.246
6110.000 0.247
6115.000 0.250
6120.000 0.247
6125.000 0.249
6130.000 0.249
6135.000 0.253
6140.000 0.253
6145.000 0.250
6150.000 0.253
6155.000 0.256
6160.000 0.258
6165.000 0.256
6170.000 0.261
6175.000 0.261
6180.000 0.261
6185.000 0.261
6190.000 0.263
6195.000 0.264
6200.000 0.263
6205.000 0.263
6210.000 0.265
6215.000 0.264
6220.000 0.266
6225.000 0.268
6230.000 0.269
6235.000 0.269
6240.000 0.266
6245.000 0.263
6250.000 0.265
6255.000 0.268
6260.000 0.271
6265.000 0.267
6270.000 0.269
6275.000 0.267
6280.000 0.270
6285.000 0.273
6290.000 0.268
6295.000 0.273
6300.000 0.270
6305.000 0.277
6310.000 0.266
6315.000 0.276
6320.000 0.273
6325.000 0.272
6330.000 0.277
6335.000 0.273
6340.000 0.274
6345.000 0.273
6350.000 0.271
6355.000 0.273
6360.000 0.272
6365.000 0.275
6370.000 0.282
6375.000 0.276
6380.000 0.271
6385.000 0.271
6390.000 0.275
6395.000 0.271
6400.000 0.275
6405.000 0.274
6410.000 0.274
6415.000 0.269
6420.000 0.271
6425.000 0.274
6430.000 0.274
6435.000 0.272
6440.000 0.273
6445.000 0.272
6450.000 0.271
6455.000 0.273
6460.000 0.275
6465.000 0.274
6470.000 0.271
6475.000 0.272
6480.000 0.271
6485.000 0.275
6490.000 0.270
6495.000 0.274
6500.000 0.275
6505.000 0.273
6510.000 0.276
6515.000 0.273
6520.000 0.275
6525.000 0.276
6530.000 0.279
6535.000 0.279
6540.000 0.277
6545.000 0.276
6550.000 0.274
6555.000 0.267
6560.000 0.269
6565.000 0.267
6570.000 0.267
6575.000 0.265
6580.000 0.262
6585.000 0.263
6590.000 0.264
6595.000 0.260
6600.000 0.264
6605.000 0.260
6610.000 0.255
6615.000 0.251
6620.000 0.244
6625.000 0.244
6630.000 0.237
6635.000 0.233
6640.000 0.222
6645.000 0.209
6650.000 0.203
6655.000 0.183
6660.000 0.175
6665.000 0.151
6670.000 0.138
6675.000 0.144
6680.000 0.243
6685.000 0.387
6690.000 0.893
6695.000 1.735
6700.000 2.336
6705.000 3.630
6710.000 4.092
6715.000 4.442
6720.000 4.444
6725.000 4.502
6730.000 4.753
6735.000 4.956
6740.000 5.553
6745.000 6.433
6750.000 6.986
6755.000 8.197
6760.000 8.666
6765.000 8.841
6770.000 8.381
6775.000 6.773
6780.000 5.259
6785.000 4.685
6790.000 3.810
6795.000 3.490
6800.000 3.018
6805.000 2.729
6810.000 2.630
6815.000 2.483
6820.000 2.437
6825.000 2.452
6830.000 2.537
6835.000 2.629
6840.000 2.921
6845.000 3.140
6850.000 3.728
6855.000 4.604
6860.000 5.150
6865.000 6.319
6870.000 6.781
6875.000 7.203
6880.000 6.303
6885.000 5.553
6890.000 4.161
6895.000 3.620
6900.000 2.817
6905.000 2.275
6910.000 2.089
6915.000 1.815
6920.000 1.709
6925.000 1.559
6930.000 1.457
6935.000 1.422
6940.000 1.395
6945.000 1.393
6950.000 1.422
6955.000 1.456
6960.000 1.488
6965.000 1.563
6970.000 1.608
6975.000 1.761
6980.000 1.974
6985.000 2.115
6990.000 2.533
6995.000 2.813
7000.000 3.559
7005.000 4.630
7010.000 5.165
7015.000 5.902
7020.000 5.931
7025.000 4.963
7030.000 3.670
7035.000 3.122
7040.000 2.357
7045.000 2.078
7050.000 1.672
7055.000 1.402
7060.000 1.308
7065.000 1.182
7070.000 1.139
7075.000 1.047
7080.000 0.985
7085.000 0.959
7090.000 0.928
7095.000 0.908
7100.000 0.896
7105.000 0.892
7110.000 0.896
7115.000 0.910
7120.000 0.926
7125.000 0.959
7130.000 1.029
7135.000 1.074
7140.000 1.199
7145.000 1.288
7150.000 1.541
7155.000 1.940
7160.000 2.216
7165.000 2.894
7170.000 3.259
7175.000 3.839
7180.000 3.846
7185.000 3.503
7190.000 2.671
7195.000 2.316
7200.000 1.783
7205.000 1.433
7210.000 1.307
7215.000 1.123
7220.000 1.063
7225.000 0.968
7230.000 0.903
7235.000 0.878
7240.000 0.843
7245.000 0.828
7250.000 0.799
7255.000 0.789
7260.000 0.781
7265.000 0.772
7270.000 0.775
7275.000 0.773
7280.000 0.789
7285.000 0.796
7290.000 0.817
7295.000 0.830
7300.000 0.860
7305.000 0.903
7310.000 0.933
7315.000 0.997
7320.000 1.036
7325.000 1.139
7330.000 1.287
7335.000 1.378
7340.000 1.632
7345.000 1.797
7350.000 2.229
7355.000 2.469
7360.000 2.818
7365.000 2.907
7370.000 2.743
7375.000 2.178
7380.000 1.902
7385.000 1.453
7390.000 1.153
7395.000 1.038
7400.000 0.880
7405.000 0.814
7410.000 0.718
7415.000 0.644
7420.000 0.619
7425.000 0.577
7430.000 0.555
7435.000 0.518
7440.000 0.493
7445.000 0.479
7450.000 0.460
7455.000 0.451
7460.000 0.443
7465.000 0.440
7470.000 0.441
7475.000 0.448
7480.000 0.458
7485.000 0.484
7490.000 0.529
7495.000 0.549
7500.000 0.619
7505.000 0.662
7510.000 0.792
7515.000 0.999
7520.000 1.135
7525.000 1.465
7530.000 1.658
7535.000 2.032
7540.000 2.053
7545.000 1.911
7550.000 1.553
7555.000 1.391
7560.000 1.130
7565.000 0.950
7570.000 0.887
7575.000 0.792
7580.000 0.759
7585.000 0.703
7590.000 0.676
7595.000 0.669
7600.000 0.657
7605.000 0.654
7610.000 0.651
7615.000 0.658
7620.000 0.661
7625.000 0.672
7630.000 0.678
7635.000 0.709
7640.000 0.738
7645.000 0.755
7650.000 0.817
7655.000 0.852
7660.000 0.930
7665.000 1.051
7670.000 1.124
7675.000 1.286
7680.000 1.364
7685.000 1.471
7690.000 1.398
7695.000 1.287
7700.000 1.029
7705.000 0.906
7710.000 0.723
7715.000 0.595
7720.000 0.544
7725.000 0.467
7730.000 0.437
7735.000 0.387
7740.000 0.346
7745.000 0.327
7750.000 0.296
7755.000 0.283
7760.000 0.259
7765.000 0.239
7770.000 0.228
7775.000 0.212
7780.000 0.207
7785.000 0.190
7790.000 0.183
7795.000 0.178
7800.000 0.175
7805.000 0.181
7810.000 0.209
7815.000 0.282
7820.000 0.333
7825.000 0.430
7830.000 0.454
7835.000 0.472
7840.000 0.455
7845.000 0.443
7850.000 0.422
7855.000 0.414
7860.000 0.396
7865.000 0.389
7870.000 0.389
7875.000 0.392
7880.000 0.392
7885.000 0.404
7890.000 0.417
7895.000 0.425
7900.000 0.433
7905.000 0.438
7910.000 0.431
7915.000 0.394
7920.000 0.370
7925.000 0.322
7930.000 0.301
7935.000 0.279
7940.000 0.259
7945.000 0.257
7950.000 0.251
7955.000 0.247
7960.000 0.245
7965.000 0.241
7970.000 0.241
7975.000 0.240
7980.000 0.242
7985.000 0.249
7990.000 0.246
7995.000 0.249
8000.000 0.241
8005.000 0.247
8010.000 0.250
8015.000 0.256
8020.000 0.242
8025.000 0.249
8030.000 0.250
8035.000 0.253
8040.000 0.256
8045.000 0.257
8050.000 0.249
8055.000 0.253
8060.000 0.252
8065.000 0.252
8070.000 0.254
8075.000 0.251
8080.000 0.257
8085.000 0.253
8090.000 0.256
8095.000 0.256
8100.000 0.254
8105.000 0.254
8110.000 0.255
8115.000 0.258
8120.000 0.257
8125.000 0.259
8130.000 0.260
8135.000 0.261
8140.000 0.262
8145.000 0.261
8150.000 0.264
8155.000 0.261
8160.000 0.262
8165.000 0.261
8170.000 0.261
8175.000 0.264
8180.000 0.266
8185.000 0.264
8190.000 0.263
8195.000 0.265
8200.000 0.265
8205.000 0.265
8210.000 0.265
8215.000 0.269
8220.000 0.268
8225.000 0.266
8230.000 0.262
8235.000 0.263
8240.000 0.263
8245.000 0.267
8250.000 0.266
8255.000 0.267
8260.000 0.266
8265.000 0.266
8270.000 0.263
8275.000 0.265
8280.000 0.271
8285.000 0.270
8290.000 0.268
8295.000 0.266
8300.000 0.266
8305.000 0.265
8310.000 0.265
8315.000 0.264
8320.000 0.266
8325.000 0.266
8330.000 0.265
8335.000 0.268
8340.000 0.266
8345.000 0.265
8350.000 0.269
8355.000 0.272
8360.000 0.268
8365.000 0.270
8370.000 0.268
8375.000 0.270
8380.000 0.268
8385.000 0.268
8390.000 0.270
8395.000 0.267
8400.000 0.270
8405.000 0.267
8410.000 0.266
8415.000 0.269
8420.000 0.270
8425.000 0.269
8430.000 0.270
8435.000 0.272
8440.000 0.272
8445.000 0.271
8450.000 0.270
8455.000 0.269
8460.000 0.273
8465.000 0.274
8470.000 0.271
8475.000 0.271
8480.000 0.270
8485.000 0.273
8490.000 0.269
8495.000 0.270
8500.000 0.270
8505.000 0.270
8510.000 0.271
8515.000 0.272
8520.000 0.270
8525.000 0.271
8530.000 0.275
8535.000 0.277
8540.000 0.274
8545.000 0.275
8550.000 0.274
8555.000 0.271
8560.000 0.273
8565.000 0.273
8570.000 0.273
8575.000 0.274
8580.000 0.274
8585.000 0.273
8590.000 0.270
8595.000 0.269
8600.000 0.273
8605.000 0.274
8610.000 0.271
8615.000 0.274
8620.000 0.275
8625.000 0.276
8630.000 0.275
8635.000 0.274
8640.000 0.275
8645.000 0.277
8650.000 0.274
8655.000 0.278
8660.000 0.275
8665.000 0.277
8670.000 0.277
8675.000 0.275
8680.000 0.280
8685.000 0.278
8690.000 0.275
8695.000 0.273
8700.000 0.274
8705.000 0.278
8710.000 0.277
8715.000 0.277
8720.000 0.278
8725.000 0.278
8730.000 0.277
8735.000 0.277
8740.000 0.279
8745.000 0.279
8750.000 0.274
8755.000 0.278
8760.000 0.276
8765.000 0.277
8770.000 0.275
8775.000 0.277
8780.000 0.276
8785.000 0.277
8790.000 0.274
8795.000 0.282
8800.000 0.277
8805.000 0.279
8810.000 0.279
8815.000 0.274
8820.000 0.270
8825.000 0.285
8830.000 0.290
8835.000 0.287
8840.000 0.273
8845.000 0.279
8850.000 0.280
8855.000 0.280
8860.000 0.277
8865.000 0.276
8870.000 0.281
8875.000 0.278
8880.000 0.281
8885.000 0.279
8890.000 0.277
8895.000 0.281
8900.000 0.284
8905.000 0.277
8910.000 0.280
8915.000 0.279
8920.000 0.281
8925.000 0.281
8930.000 0.283
8935.000 0.282
8940.000 0.280
8945.000 0.276
8950.000 0.280
8955.000 0.281
8960.000 0.279
8965.000 0.276
8970.000 0.280
8975.000 0.276
8980.000 0.277
8985.000 0.285
8990.000 0.280
8995.000 0.284
9000.000 0.282
9005.000 0.276
9010.000 0.279
9015.000 0.275
9020.000 0.283
9025.000 0.284
9030.000 0.284
9035.000 0.286
9040.000 0.282
9045.000 0.281
9050.000 0.284
9055.000 0.277
9060.000 0.276
9065.000 0.278
9070.000 0.281
9075.000 0.275
9080.000 0.278
9085.000 0.277
9090.000 0.276
9095.000 0.277
9100.000 0.270
9105.000 0.275
9110.000 0.275
9115.000 0.274
9120.000 0.271
9125.000 0.269
9130.000 0.270
9135.000 0.267
9140.000 0.266
9145.000 0.263
9150.000 0.263
9155.000 0.262
9160.000 0.260
9165.000 0.254
9170.000 0.245
9175.000 0.239
9180.000 0.226
9185.000 0.218
9190.000 0.206
9195.000 0.209
9200.000 0.219
9205.000 0.303
9210.000 0.398
9215.000 0.746
9220.000 1.223
9225.000 1.372
9230.000 1.541
9235.000 1.602
9240.000 1.694
9245.000 1.835
9250.000 1.928
9255.000 2.064
9260.000 2.074
9265.000 1.856
9270.000 1.403
9275.000 1.177
9280.000 0.822
9285.000 0.701
9290.000 0.532
9295.000 0.434
9300.000 0.407
9305.000 0.388
9310.000 0.393
9315.000 0.451
9320.000 0.609
9325.000 0.736
9330.000 1.103
9335.000 1.306
9340.000 1.616
9345.000 1.702
9350.000 1.649
9355.000 1.430
9360.000 1.313
9365.000 1.119
9370.000 0.978
9375.000 0.923
9380.000 0.846
9385.000 0.822
9390.000 0.793
9395.000 0.801
9400.000 0.809
9405.000 0.849
9410.000 0.873
9415.000 0.913
9420.000 0.900
9425.000 0.864
9430.000 0.717
9435.000 0.628
9440.000 0.466
9445.000 0.403
9450.000 0.294
9455.000 0.220
9460.000 0.190
9465.000 0.139
9470.000 0.118
9475.000 0.078
9480.000 0.038
9485.000 0.032
9490.000 0.077
9495.000 0.115
9500.000 0.235
9505.000 0.393
9510.000 0.459
9515.000 0.518
9520.000 0.519
9525.000 0.501
9530.000 0.466
9535.000 0.440
9540.000 0.403
9545.000 0.387
9550.000 0.363
9555.000 0.338
9560.000 0.328
9565.000 0.317
9570.000 0.308
9575.000 0.297
9580.000 0.297
9585.000 0.296
9590.000 0.289
9595.000 0.290
9600.000 0.284
9605.000 0.287
9610.000 0.285
9615.000 0.285
9620.000 0.286
9625.000 0.282
9630.000 0.281
9635.000 0.283
9640.000 0.278
9645.000 0.285
9650.000 0.282
9655.000 0.281
9660.000 0.279
9665.000 0.277
9670.000 0.279
9675.000 0.279
9680.000 0.279
9685.000 0.279
9690.000 0.281
9695.000 0.281
9700.000 0.282
9705.000 0.280
9710.000 0.281
9715.000 0.282
9720.000 0.283
9725.000 0.279
9730.000 0.279
9735.000 0.278
9740.000 0.277
9745.000 0.277
9750.000 0.279
9755.000 0.278
9760.000 0.277
9765.000 0.279
9770.000 0.283
9775.000 0.281
9780.000 0.281
9785.000 0.282
9790.000 0.281
9795.000 0.281
9800.000 0.280
9805.000 0.281
9810.000 0.284
9815.000 0.283
9820.000 0.285
9825.000 0.281
9830.000 0.282
9835.000 0.278
9840.000 0.279
9845.000 0.279
9850.000 0.279
9855.000 0.278
9860.000 0.279
9865.000 0.278
9870.000 0.278
9875.000 0.275
9880.000 0.275
9885.000 0.277
9890.000 0.274
9895.000 0.275
9900.000 0.277
9905.000 0.278
9910.000 0.278
9915.000 0.278
9920.000 0.280
9925.000 0.278
9930.000 0.277
9935.000 0.279
9940.000 0.276
9945.000 0.273
9950.000 0.275
9955.000 0.279
9960.000 0.275
9965.000 0.274
9970.000 0.278
9975.000 0.280
9980.000 0.280
9985.000 0.279
9990.000 0.274
9995.000 0.281
10000.000 0.282
10005.000 0.277
10010.000 0.276
10015.000 0.282
10020.000 0.282
10025.000 0.280
10030.000 0.275
10035.000 0.276
10040.000 0.273
10045.000 0.274
10050.000 0.279
10055.000 0.286
10060.000 0.280
10065.000 0.279
10070.000 0.280
10075.000 0.280
10080.000 0.275
10085.000 0.277
10090.000 0.274
10095.000 0.277
10100.000 0.275
10105.000 0.276
10110.000 0.276
10115.000 0.281
10120.000 0.280
10125.000 0.279
10130.000 0.277
10135.000 0.277
10140.000 0.277
10145.000 0.278
10150.000 0.275
10155.000 0.278
10160.000 0.277
10165.000 0.280
10170.000 0.280
10175.000 0.280
10180.000 0.278
10185.000 0.273
10190.000 0.279
10195.000 0.276
10200.000 0.276
10205.000 0.277
10210.000 0.280
10215.000 0.279
10220.000 0.279
10225.000 0.280
10230.000 0.283
10235.000 0.283
10240.000 0.280
10245.000 0.280
10250.000 0.281
10255.000 0.282
10260.000 0.284
10265.000 0.286
10270.000 0.290
10275.000 0.288
10280.000 0.288
10285.000 0.289
10290.000 0.294
10295.000 0.293
10300.000 0.297
10305.000 0.298
10310.000 0.301
10315.000 0.306
10320.000 0.306
10325.000 0.313
10330.000 0.318
10335.000 0.320
10340.000 0.310
10345.000 0.309
10350.000 0.283
10355.000 0.263
10360.000 0.211
10365.000 0.159
10370.000 0.135
10375.000 0.090
10380.000 0.071
10385.000 0.049
10390.000 0.053
10395.000 0.064
10400.000 0.155
10405.000 0.222
10410.000 0.410
10415.000 0.675
10420.000 0.827
10425.000 1.088
10430.000 1.177
10435.000 1.262
10440.000 1.244
10445.000 1.220
10450.000 1.154
10455.000 1.136
10460.000 1.084
10465.000 1.042
10470.000 1.026
10475.000 1.006
10480.000 0.997
10485.000 0.993
10490.000 1.001
10495.000 1.009
10500.000 1.026
10505.000 1.029
10510.000 1.022
10515.000 0.955
10520.000 0.889
10525.000 0.706
10530.000 0.605
10535.000 0.418
10540.000 0.283
10545.000 0.233
10550.000 0.162
10555.000 0.133
10560.000 0.093
10565.000 0.067
10570.000 0.056
10575.000 0.041
10580.000 0.036
10585.000 0.033
10590.000 0.047
10595.000 0.059
10600.000 0.103
10605.000 0.140
10610.000 0.263
10615.000 0.435
10620.000 0.543
10625.000 0.732
10630.000 0.806
10635.000 0.901
10640.000 0.909
10645.000 0.893
10650.000 0.855
10655.000 0.832
10660.000 0.787
10665.000 0.766
10670.000 0.733
10675.000 0.697
10680.000 0.683
10685.000 0.650
10690.000 0.632
10695.000 0.598
10700.000 0.556
10705.000 0.526
10710.000 0.460
10715.000 0.417
10720.000 0.348
10725.000 0.298
10730.000 0.283
10735.000 0.269
10740.000 0.263
10745.000 0.257
10750.000 0.258
10755.000 0.255
10760.000 0.258
10765.000 0.261
10770.000 0.263
10775.000 0.264
10780.000 0.268
10785.000 0.265
10790.000 0.266
10795.000 0.268
10800.000 0.268
10805.000 0.272
10810.000 0.270
10815.000 0.267
10820.000 0.268
10825.000 0.266
10830.000 0.268
10835.000 0.273
10840.000 0.274
10845.000 0.269
10850.000 0.271
10855.000 0.271
10860.000 0.271
10865.000 0.271
10870.000 0.272
10875.000 0.273
10880.000 0.269
10885.000 0.270
10890.000 0.272
10895.000 0.275
10900.000 0.273
10905.000 0.273
10910.000 0.275
10915.000 0.272
10920.000 0.273
10925.000 0.271
10930.000 0.269
10935.000 0.270
10940.000 0.270
10945.000 0.271
10950.000 0.274
10955.000 0.274
10960.000 0.276
10965.000 0.271
10970.000 0.273
10975.000 0.269
10980.000 0.271
10985.000 0.274
10990.000 0.271
10995.000 0.276
11000.000 0.269
11005.000 0.272
11010.000 0.273
11015.000 0.275
11020.000 0.266
11025.000 0.271
11030.000 0.273
11035.000 0.277
11040.000 0.282
11045.000 0.280
11050.000 0.273
11055.000 0.274
11060.000 0.272
11065.000 0.272
11070.000 0.273
11075.000 0.275
11080.000 0.274
11085.000 0.271
11090.000 0.270
11095.000 0.271
11100.000 0.271
11105.000 0.273
11110.000 0.272
11115.000 0.272
11120.000 0.271
11125.000 0.267
11130.000 0.269
11135.000 0.271
11140.000 0.271
11145.000 0.266
11150.000 0.269
11155.000 0.266
11160.000 0.269
11165.000 0.266
11170.000 0.267
11175.000 0.271
11180.000 0.271
11185.000 0.271
11190.000 0.272
11195.000 0.267
11200.000 0.269
11205.000 0.268
11210.000 0.268
11215.000 0.266
11220.000 0.269
11225.000 0.265
11230.000 0.267
11235.000 0.267
11240.000 0.266
11245.000 0.267
11250.000 0.268
11255.000 0.268
11260.000 0.265
11265.000 0.265
11270.000 0.268
11275.000 0.265
11280.000 0.265
11285.000 0.265
11290.000 0.263
11295.000 0.263
11300.000 0.263
11305.000 0.265
11310.000 0.265
11315.000 0.264
11320.000 0.267
11325.000 0.266
11330.000 0.265
11335.000 0.263
11340.000 0.262
11345.000 0.264
11350.000 0.267
11355.000 0.267
11360.000 0.267
11365.000 0.264
11370.000 0.266
11375.000 0.268
11380.000 0.265
11385.000 0.262
11390.000 0.264
11395.000 0.261
11400.000 0.262
11405.000 0.261
11410.000 0.259
11415.000 0.262
11420.000 0.265
11425.000 0.260
11430.000 0.257
11435.000 0.257
11440.000 0.259
11445.000 0.259
11450.000 0.259
11455.000 0.257
11460.000 0.254
11465.000 0.254
11470.000 0.251
11475.000 0.251
11480.000 0.249
11485.000 0.246
11490.000 0.249
11495.000 0.252
11500.000 0.255
11505.000 0.273
11510.000 0.319
11515.000 0.349
11520.000 0.437
11525.000 0.477
11530.000 0.528
11535.000 0.541
11540.000 0.534
11545.000 0.517
11550.000 0.515
11555.000 0.503
11560.000 0.480
11565.000 0.470
11570.000 0.418
11575.000 0.381
11580.000 0.286
11585.000 0.187
11590.000 0.142
11595.000 0.075
11600.000 0.052
11605.000 0.030
11610.000 0.046
11615.000 0.061
11620.000 0.097
11625.000 0.129
11630.000 0.199
11635.000 0.299
11640.000 0.361
11645.000 0.493
11650.000 0.568
11655.000 0.714
11660.000 0.801
11665.000 0.820
11670.000 0.818
11675.000 0.804
11680.000 0.766
11685.000 0.727
11690.000 0.709
11695.000 0.683
11700.000 0.666
11705.000 0.642
11710.000 0.619
11715.000 0.608
11720.000 0.583
11725.000 0.563
11730.000 0.509
11735.000 0.422
11740.000 0.374
11745.000 0.276
11750.000 0.242
11755.000 0.191
11760.000 0.171
11765.000 0.170
11770.000 0.169
11775.000 0.173
11780.000 0.186
11785.000 0.191
11790.000 0.203
11795.000 0.223
11800.000 0.231
11805.000 0.254
11810.000 0.260
11815.000 0.269
11820.000 0.267
11825.000 0.268
11830.000 0.265
11835.000 0.265
11840.000 0.263
11845.000 0.260
11850.000 0.260
11855.000 0.261
11860.000 0.256
11865.000 0.257
11870.000 0.256
11875.000 0.259
11880.000 0.255
11885.000 0.257
11890.000 0.256
11895.000 0.258
11900.000 0.256
11905.000 0.253
11910.000 0.256
11915.000 0.253
11920.000 0.251
11925.000 0.252
11930.000 0.254
11935.000 0.254
11940.000 0.253
11945.000 0.252
11950.000 0.256
11955.000 0.254
11960.000 0.254
11965.000 0.253
11970.000 0.254
11975.000 0.251
11980.000 0.252
11985.000 0.252
11990.000 0.253
11995.000 0.254
12000.000 0.257
