105.000 0.552
110.000 0.609
115.000 13.952
120.000 17.139
125.000 18.065
130.000 19.345
135.000 19.407
140.000 22.095
145.000 24.843
150.000 27.901
155.000 30.202
160.000 31.225
165.000 32.157
170.000 32.334
175.000 32.173
180.000 32.392
185.000 32.078
190.000 32.418
195.000 32.523
200.000 32.784
205.000 33.074
210.000 33.202
215.000 33.596
220.000 33.691
225.000 33.601
230.000 33.549
235.000 33.432
240.000 32.803
245.000 32.371
250.000 32.467
255.000 32.591
260.000 32.702
265.000 32.937
270.000 32.751
275.000 33.351
280.000 33.497
285.000 33.576
290.000 33.781
295.000 34.072
300.000 34.364
305.000 34.903
310.000 35.145
315.000 35.883
320.000 36.189
325.000 36.816
330.000 37.206
335.000 37.793
340.000 38.464
345.000 38.644
350.000 39.178
355.000 39.712
360.000 40.040
365.000 40.870
370.000 41.258
375.000 42.188
380.000 43.326
385.000 43.921
390.000 45.210
395.000 45.815
400.000 47.186
405.000 48.586
410.000 49.286
415.000 50.772
420.000 51.461
425.000 52.793
430.000 53.860
435.000 54.315
440.000 55.051
445.000 55.212
450.000 55.239
455.000 54.664
460.000 53.923
465.000 51.911
470.000 50.722
475.000 48.042
480.000 44.974
485.000 43.257
490.000 39.579
495.000 37.667
500.000 33.873
505.000 30.415
510.000 28.776
515.000 26.068
520.000 24.836
525.000 22.677
530.000 20.620
535.000 19.594
540.000 17.666
545.000 16.791
550.000 15.250
555.000 13.816
560.000 13.074
565.000 11.868
570.000 11.299
575.000 10.263
580.000 9.245
585.000 8.819
590.000 8.108
595.000 7.839
600.000 7.321
605.000 6.797
610.000 6.564
615.000 6.127
620.000 5.885
625.000 5.536
630.000 5.123
635.000 4.949
640.000 4.774
645.000 4.448
650.000 4.182
655.000 3.919
660.000 3.815
665.000 3.622
670.000 3.434
675.000 3.285
680.000 3.198
685.000 2.966
690.000 2.776
695.000 2.679
700.000 2.479
705.000 2.422
710.000 2.264
715.000 2.140
720.000 2.087
725.000 1.959
730.000 1.876
735.000 1.831
740.000 1.741
745.000 1.695
750.000 1.618
755.000 1.545
760.000 1.506
765.000 1.473
770.000 1.413
775.000 1.364
780.000 1.316
785.000 1.294
790.000 1.251
795.000 1.234
800.000 1.200
805.000 1.154
810.000 1.128
815.000 1.079
820.000 1.056
825.000 1.006
830.000 0.981
835.000 0.936
840.000 0.897
845.000 0.876
850.000 0.843
855.000 0.813
860.000 0.803
865.000 0.782
870.000 0.752
875.000 0.725
880.000 0.711
885.000 0.684
890.000 0.657
895.000 0.647
900.000 0.628
905.000 0.617
910.000 0.597
915.000 0.587
920.000 0.565
925.000 0.545
930.000 0.536
935.000 0.517
940.000 0.512
945.000 0.499
950.000 0.483
955.000 0.474
960.000 0.462
965.000 0.448
970.000 0.436
975.000 0.424
980.000 0.416
985.000 0.408
990.000 0.400
995.000 0.394
1000.000 0.387
1005.000 0.377
1010.000 0.372
1015.000 0.369
1020.000 0.370
1025.000 0.358
1030.000 0.357
1035.000 0.346
1040.000 0.344
1045.000 0.341
1050.000 0.341
1055.000 0.340
1060.000 0.337
1065.000 0.333
1070.000 0.334
1075.000 0.334
1080.000 0.331
1085.000 0.331
1090.000 0.332
1095.000 0.331
1100.000 0.331
1105.000 0.336
1110.000 0.337
1115.000 0.337
1120.000 0.338
1125.000 0.341
1130.000 0.341
1135.000 0.339
1140.000 0.347
1145.000 0.348
1150.000 0.354
1155.000 0.354
1160.000 0.359
1165.000 0.360
1170.000 0.362
1175.000 0.367
1180.000 0.371
1185.000 0.374
1190.000 0.377
1195.000 0.379
1200.000 0.389
1205.000 0.391
1210.000 0.397
1215.000 0.405
1220.000 0.406
1225.000 0.407
1230.000 0.414
1235.000 0.420
1240.000 0.427
1245.000 0.430
1250.000 0.433
1255.000 0.438
1260.000 0.443
1265.000 0.450
1270.000 0.454
1275.000 0.460
1280.000 0.465
1285.000 0.472
1290.000 0.479
1295.000 0.483
1300.000 0.490
1305.000 0.493
1310.000 0.503
1315.000 0.509
1320.000 0.512
1325.000 0.519
1330.000 0.525
1335.000 0.534
1340.000 0.539
1345.000 0.545
1350.000 0.553
1355.000 0.558
1360.000 0.565
1365.000 0.573
1370.000 0.583
1375.000 0.593
1380.000 0.594
1385.000 0.611
1390.000 0.620
1395.000 0.629
1400.000 0.640
1405.000 0.646
1410.000 0.654
1415.000 0.667
1420.000 0.673
1425.000 0.689
1430.000 0.693
1435.000 0.709
1440.000 0.724
1445.000 0.730
1450.000 0.745
1455.000 0.753
1460.000 0.775
1465.000 0.781
1470.000 0.800
1475.000 0.816
1480.000 0.831
1485.000 0.839
1490.000 0.844
1495.000 0.857
1500.000 0.864
1505.000 0.871
1510.000 0.877
1515.000 0.879
1520.000 0.893
1525.000 0.903
1530.000 0.906
1535.000 0.909
1540.000 0.918
1545.000 0.923
1550.000 0.929
1555.000 0.932
1560.000 0.940
1565.000 0.942
1570.000 0.945
1575.000 0.949
1580.000 0.949
1585.000 0.948
1590.000 0.951
1595.000 0.947
1600.000 0.945
1605.000 0.941
1610.000 0.934
1615.000 0.930
1620.000 0.922
1625.000 0.908
1630.000 0.903
1635.000 0.886
1640.000 0.879
1645.000 0.865
1650.000 0.854
1655.000 0.851
1660.000 0.852
1665.000 0.854
1670.000 0.866
1675.000 0.881
1680.000 0.915
1685.000 0.938
1690.000 0.989
1695.000 1.046
1700.000 1.113
1705.000 1.151
1710.000 1.217
1715.000 1.249
1720.000 1.313
1725.000 1.378
1730.000 1.405
1735.000 1.463
1740.000 1.491
1745.000 1.540
1750.000 1.567
1755.000 1.616
1760.000 1.661
1765.000 1.678
1770.000 1.727
1775.000 1.750
1780.000 1.789
1785.000 1.830
1790.000 1.850
1795.000 1.890
1800.000 1.910
1805.000 1.952
1810.000 2.004
1815.000 2.027
1820.000 2.060
1825.000 2.089
1830.000 2.108
1835.000 2.137
1840.000 2.154
1845.000 2.184
1850.000 2.225
1855.000 2.239
1860.000 2.268
1865.000 2.286
1870.000 2.318
1875.000 2.355
1880.000 2.371
1885.000 2.405
1890.000 2.419
1895.000 2.464
1900.000 2.500
1905.000 2.513
1910.000 2.549
1915.000 2.571
1920.000 2.598
1925.000 2.627
1930.000 2.637
1935.000 2.671
1940.000 2.685
1945.000 2.711
1950.000 2.732
1955.000 2.737
1960.000 2.762
1965.000 2.768
1970.000 2.795
1975.000 2.824
1980.000 2.829
1985.000 2.855
1990.000 2.853
1995.000 2.870
2000.000 2.878
2005.000 2.892
2010.000 2.910
2015.000 2.911
2020.000 2.934
2025.000 2.950
2030.000 2.949
2035.000 2.944
2040.000 2.945
2045.000 2.949
2050.000 2.953
2055.000 2.959
2060.000 2.967
2065.000 2.972
2070.000 2.962
2075.000 2.957
2080.000 2.959
2085.000 2.954
2090.000 2.950
2095.000 2.950
2100.000 2.947
2105.000 2.945
2110.000 2.935
2115.000 2.931
2120.000 2.921
2125.000 2.907
2130.000 2.902
2135.000 2.883
2140.000 2.876
2145.000 2.864
2150.000 2.859
2155.000 4.405
2160.000 4.494
2165.000 4.281
2170.000 3.772
2175.000 3.571
2180.000 3.249
2185.000 3.124
2190.000 2.909
2195.000 2.759
2200.000 2.714
2205.000 2.682
2210.000 2.665
2215.000 2.639
2220.000 2.609
2225.000 2.593
2230.000 2.575
2235.000 2.548
2240.000 2.536
2245.000 2.525
2250.000 2.503
2255.000 2.482
2260.000 2.456
2265.000 2.443
2270.000 2.449
2275.000 2.428
2280.000 2.412
2285.000 2.397
2290.000 2.375
2295.000 2.352
2300.000 2.343
2305.000 2.323
2310.000 2.306
2315.000 2.296
2320.000 2.275
2325.000 2.267
2330.000 2.247
2335.000 2.229
2340.000 2.221
2345.000 2.192
2350.000 2.181
2355.000 2.173
2360.000 2.163
2365.000 2.146
2370.000 2.124
2375.000 2.113
2380.000 2.097
2385.000 2.085
2390.000 2.071
2395.000 2.069
2400.000 2.052
2405.000 2.035
2410.000 2.028
2415.000 2.008
2420.000 1.996
2425.000 1.993
2430.000 1.974
2435.000 1.974
2440.000 1.961
2445.000 1.947
2450.000 1.941
2455.000 1.928
2460.000 1.922
2465.000 1.911
2470.000 1.895
2475.000 1.888
2480.000 1.882
2485.000 1.877
2490.000 1.863
2495.000 1.847
2500.000 1.844
2505.000 1.834
2510.000 1.827
2515.000 1.816
2520.000 1.767
2525.000 1.764
2530.000 1.756
2535.000 1.752
2540.000 1.745
2545.000 1.735
2550.000 1.729
2555.000 1.722
2560.000 1.718
2565.000 1.711
2570.000 1.701
2575.000 1.699
2580.000 1.692
2585.000 1.687
2590.000 1.682
2595.000 1.677
2600.000 1.672
2605.000 1.669
2610.000 1.669
2615.000 1.658
2620.000 1.652
2625.000 1.652
2630.000 1.645
2635.000 1.643
2640.000 1.643
2645.000 1.641
2650.000 1.641
2655.000 1.635
2660.000 1.635
2665.000 1.630
2670.000 1.623
2675.000 1.619
2680.000 1.619
2685.000 1.615
2690.000 1.621
2695.000 1.619
2700.000 1.614
2705.000 1.615
2710.000 1.612
2715.000 1.612
2720.000 1.607
2725.000 1.605
2730.000 1.610
2735.000 1.603
2740.000 1.609
2745.000 1.604
2750.000 1.602
2755.000 1.604
2760.000 1.605
2765.000 1.610
2770.000 1.612
2775.000 1.608
2780.000 1.606
2785.000 1.595
2790.000 1.602
2795.000 1.605
2800.000 1.604
2805.000 1.600
2810.000 1.584
2815.000 1.597
2820.000 1.603
2825.000 1.603
2830.000 1.600
2835.000 1.601
2840.000 1.603
2845.000 1.607
2850.000 1.607
2855.000 1.612
2860.000 1.613
2865.000 1.621
2870.000 1.621
2875.000 1.627
2880.000 1.629
2885.000 1.631
2890.000 1.631
2895.000 1.642
2900.000 1.641
2905.000 1.646
2910.000 1.648
2915.000 1.654
2920.000 1.658
2925.000 1.661
2930.000 1.662
2935.000 1.671
2940.000 1.680
2945.000 1.685
2950.000 1.691
2955.000 1.694
2960.000 1.700
2965.000 1.702
2970.000 1.698
2975.000 1.717
2980.000 1.731
2985.000 1.725
2990.000 1.741
2995.000 1.743
3000.000 1.739
3005.000 1.762
3010.000 1.769
3015.000 1.782
3020.000 1.773
3025.000 1.803
3030.000 1.793
3035.000 1.817
3040.000 1.814
3045.000 1.819
3050.000 1.840
3055.000 1.842
3060.000 1.859
3065.000 1.874
3070.000 1.883
3075.000 1.894
3080.000 1.911
3085.000 1.920
3090.000 1.928
3095.000 1.946
3100.000 1.964
3105.000 1.986
3110.000 1.998
3115.000 2.007
3120.000 2.020
3125.000 2.042
3130.000 2.060
3135.000 2.070
3140.000 2.095
3145.000 2.109
3150.000 2.138
3155.000 2.167
3160.000 2.177
3165.000 2.215
3170.000 2.225
3175.000 2.249
3180.000 2.276
3185.000 2.289
3190.000 2.324
3195.000 2.340
3200.000 2.379
3205.000 2.418
3210.000 2.437
3215.000 2.476
3220.000 2.499
3225.000 2.543
3230.000 2.575
3235.000 2.622
3240.000 2.647
3245.000 2.711
3250.000 2.767
3255.000 2.822
3260.000 2.857
3265.000 2.888
3270.000 2.949
3275.000 3.020
3280.000 3.094
3285.000 3.133
3290.000 3.208
3295.000 3.247
3300.000 3.342
3305.000 3.381
3310.000 3.476
3315.000 3.585
3320.000 3.644
3325.000 3.767
3330.000 3.895
3335.000 3.966
3340.000 4.107
3345.000 4.182
3350.000 4.357
3355.000 4.539
3360.000 4.640
3365.000 4.842
3370.000 4.952
3375.000 5.192
3380.000 5.448
3385.000 5.585
3390.000 5.901
3395.000 6.073
3400.000 6.471
3405.000 6.651
3410.000 7.139
3415.000 7.396
3420.000 8.013
3425.000 8.703
3430.000 9.551
3435.000 10.053
3440.000 10.612
3445.000 11.887
3450.000 13.368
3455.000 15.057
3460.000 15.949
3465.000 17.654
3470.000 18.383
3475.000 19.330
3480.000 19.234
3485.000 18.668
3490.000 16.930
3495.000 15.939
3500.000 14.009
3505.000 12.393
3510.000 11.696
3515.000 10.568
3520.000 10.070
3525.000 9.220
3530.000 8.448
3535.000 8.060
3540.000 7.426
3545.000 7.150
3550.000 6.621
3555.000 6.385
3560.000 5.955
3565.000 5.768
3570.000 5.405
3575.000 5.091
3580.000 4.948
3585.000 4.671
3590.000 4.425
3595.000 4.309
3600.000 4.091
3605.000 3.997
3610.000 3.809
3615.000 3.636
3620.000 3.552
3625.000 3.398
3630.000 3.335
3635.000 3.235
3640.000 3.102
3645.000 3.029
3650.000 2.870
3655.000 2.794
3660.000 2.655
3665.000 2.587
3670.000 2.469
3675.000 2.359
3680.000 2.317
3685.000 2.221
3690.000 2.104
3695.000 2.049
3700.000 1.952
3705.000 1.905
3710.000 1.821
3715.000 1.783
3720.000 1.714
3725.000 1.639
3730.000 1.608
3735.000 1.554
3740.000 1.496
3745.000 1.473
3750.000 1.432
3755.000 1.407
3760.000 1.363
3765.000 1.325
3770.000 1.308
3775.000 1.272
3780.000 1.251
3785.000 1.218
3790.000 1.184
3795.000 1.169
3800.000 1.137
3805.000 1.124
3810.000 1.097
3815.000 1.071
3820.000 1.057
3825.000 1.034
3830.000 1.021
3835.000 1.001
3840.000 0.978
3845.000 0.971
3850.000 0.952
3855.000 0.940
3860.000 0.920
3865.000 0.909
3870.000 0.891
3875.000 0.885
3880.000 0.867
3885.000 0.849
3890.000 0.835
3895.000 0.826
3900.000 0.812
3905.000 0.806
3910.000 0.792
3915.000 0.778
3920.000 0.768
3925.000 0.757
3930.000 0.751
3935.000 0.735
3940.000 0.725
3945.000 0.721
3950.000 0.710
3955.000 0.702
3960.000 0.691
3965.000 0.681
3970.000 0.671
3975.000 0.661
3980.000 0.656
3985.000 0.649
3990.000 0.646
3995.000 0.635
4000.000 0.632
4005.000 0.620
4010.000 0.605
4015.000 0.599
4020.000 0.605
4025.000 0.587
4030.000 0.580
4035.000 0.570
4040.000 0.560
4045.000 0.553
4055.000 0.562
4060.000 0.550
4065.000 0.547
4070.000 0.533
4075.000 0.523
4080.000 0.519
4085.000 0.514
4090.000 0.506
4095.000 0.500
4100.000 0.492
4105.000 0.489
4110.000 0.481
4115.000 0.480
4120.000 0.474
4125.000 0.468
4130.000 0.465
4135.000 0.459
4140.000 0.456
4145.000 0.449
4150.000 0.447
4155.000 0.441
4160.000 0.435
4165.000 0.432
4170.000 0.427
4175.000 0.424
4180.000 0.420
4185.000 0.419
4190.000 0.413
4195.000 0.410
4200.000 0.404
4205.000 0.400
4210.000 0.398
4215.000 0.395
4220.000 0.392
4225.000 0.389
4230.000 0.386
4235.000 0.384
4240.000 0.377
4245.000 0.371
4250.000 0.370
4255.000 0.365
4260.000 0.357
4265.000 0.356
4270.000 0.346
4275.000 0.343
4280.000 0.333
4285.000 0.329
4290.000 0.320
4295.000 0.313
4300.000 0.305
4305.000 0.303
4310.000 0.300
4315.000 0.296
4320.000 0.291
4325.000 0.286
4330.000 0.284
4335.000 0.281
4345.000 0.299
4350.000 0.290
4355.000 0.287
4360.000 0.279
4365.000 0.276
4370.000 0.270
4375.000 0.264
4380.000 0.263
4385.000 0.257
4390.000 0.258
4395.000 0.255
4400.000 0.250
4405.000 0.249
4410.000 0.246
4415.000 0.245
4420.000 0.242
4425.000 0.238
4430.000 0.238
4435.000 0.234
4440.000 0.234
4445.000 0.232
4450.000 0.230
4455.000 0.226
4460.000 0.226
4465.000 0.222
4470.000 0.219
4475.000 0.217
4480.000 0.215
4485.000 0.214
4490.000 0.212
4495.000 0.211
4500.000 0.209
4505.000 0.210
4510.000 0.209
4515.000 0.207
4520.000 0.205
4525.000 0.203
4530.000 0.202
4535.000 0.204
4540.000 0.205
4545.000 0.205
4550.000 0.202
4555.000 0.200
4560.000 0.199
4565.000 0.196
4570.000 0.198
4575.000 0.196
4580.000 0.194
4585.000 0.195
4590.000 0.194
4595.000 0.195
4600.000 0.194
4605.000 0.195
4610.000 0.197
4615.000 0.198
4620.000 0.199
4625.000 0.202
4630.000 0.201
4635.000 0.205
4640.000 0.206
4645.000 0.209
4650.000 0.209
4655.000 0.215
4660.000 0.215
4665.000 0.217
4670.000 0.219
4675.000 0.219
4680.000 0.221
4685.000 0.223
4690.000 0.225
4695.000 0.225
4700.000 0.225
4705.000 0.226
4710.000 0.226
4715.000 0.223
4720.000 0.221
4725.000 0.220
4730.000 0.217
4735.000 0.213
4740.000 0.211
4745.000 0.206
4750.000 0.198
4755.000 0.196
4760.000 0.188
4765.000 0.182
4770.000 0.175
4775.000 0.167
4780.000 0.163
4785.000 0.153
4790.000 0.151
4795.000 0.141
4800.000 0.133
4805.000 0.127
4810.000 0.121
4815.000 0.116
4820.000 0.107
4825.000 0.100
4830.000 0.094
4835.000 0.092
4840.000 0.085
4845.000 0.078
4850.000 0.075
4855.000 0.072
4860.000 0.073
4865.000 0.073
4870.000 0.073
4875.000 0.077
4880.000 0.078
4885.000 0.084
4890.000 0.090
4895.000 0.098
4900.000 0.099
4905.000 0.112
4910.000 0.121
4915.000 0.128
4920.000 0.140
4925.000 0.154
4930.000 0.159
4935.000 0.172
4940.000 0.178
4945.000 0.196
4950.000 0.209
4955.000 0.219
4960.000 0.246
4965.000 0.252
4970.000 0.279
4975.000 0.289
4980.000 0.312
4985.000 0.348
4990.000 0.352
4995.000 0.387
5000.000 0.413
5005.000 0.429
5010.000 0.445
5015.000 0.464
5020.000 0.491
5025.000 0.507
5030.000 0.520
5035.000 0.538
5040.000 0.549
5045.000 0.577
5050.000 0.593
5055.000 0.610
5060.000 0.627
5065.000 0.652
5070.000 0.662
5075.000 0.678
5080.000 0.698
5085.000 0.724
5090.000 0.733
5095.000 0.757
5100.000 0.764
5105.000 0.784
5110.000 0.809
5115.000 0.822
5120.000 0.836
5125.000 0.840
5130.000 0.859
5135.000 0.882
5140.000 0.890
5145.000 0.895
5150.000 0.905
5155.000 0.911
5160.000 0.917
5165.000 0.926
5170.000 0.927
5175.000 0.934
5180.000 0.942
5185.000 0.946
5190.000 0.949
5195.000 0.958
5200.000 0.962
5205.000 0.965
5210.000 0.966
5215.000 0.967
5220.000 0.966
5225.000 0.965
5230.000 0.969
5235.000 0.967
5240.000 0.965
5245.000 0.960
5250.000 0.961
5255.000 0.967
5260.000 0.963
5265.000 0.961
5270.000 0.955
5275.000 0.952
5280.000 0.950
5285.000 0.948
5290.000 0.951
5295.000 0.947
5300.000 0.947
5305.000 0.942
5310.000 0.934
5315.000 0.930
5320.000 0.929
5325.000 0.922
5330.000 0.915
5335.000 0.915
5340.000 0.916
5345.000 0.906
5350.000 0.909
5355.000 0.912
5360.000 0.907
5365.000 0.909
5370.000 0.897
5375.000 0.897
5380.000 0.891
5385.000 0.888
5390.000 0.877
5395.000 0.879
5400.000 0.875
5405.000 0.872
5410.000 0.870
5415.000 0.871
5420.000 0.862
5425.000 0.858
5430.000 0.857
5435.000 0.856
5440.000 0.853
5445.000 0.853
5450.000 0.849
5455.000 0.849
5460.000 0.849
5465.000 0.845
5470.000 0.846
5475.000 0.840
5480.000 0.841
5485.000 0.843
5490.000 0.835
5495.000 0.831
5500.000 0.829
5505.000 0.825
5510.000 0.832
5515.000 0.838
5520.000 0.839
5525.000 0.832
5530.000 0.837
5535.000 0.835
5540.000 0.828
5545.000 0.824
5550.000 0.814
5555.000 0.812
5560.000 0.811
5565.000 0.814
5570.000 0.808
5575.000 0.810
5580.000 0.804
5585.000 0.803
5590.000 0.804
5595.000 0.804
5600.000 0.804
5605.000 0.801
5610.000 0.800
5615.000 0.803
5620.000 0.804
5625.000 0.805
5630.000 0.802
5635.000 0.801
5640.000 0.799
5645.000 0.799
5650.000 0.799
5655.000 0.804
5660.000 0.798
5665.000 0.798
5670.000 0.802
5675.000 0.799
5680.000 0.798
5685.000 0.799
5690.000 0.797
5695.000 0.796
5700.000 0.795
5705.000 0.797
5710.000 0.793
5715.000 0.798
5720.000 0.793
5725.000 0.798
5730.000 0.801
5735.000 0.798
5740.000 0.800
5745.000 0.796
5750.000 0.797
5755.000 0.805
5760.000 0.798
5765.000 0.807
5770.000 0.806
5775.000 0.797
5780.000 0.806
5785.000 0.806
5790.000 0.803
5795.000 0.803
5800.000 0.803
5805.000 0.803
5810.000 0.804
5815.000 0.801
5820.000 0.803
5825.000 0.804
5830.000 0.806
5835.000 0.806
5840.000 0.806
5845.000 0.808
5850.000 0.806
5855.000 0.808
5860.000 0.812
5865.000 0.813
5870.000 0.811
5875.000 0.816
5880.000 0.816
5885.000 0.813
5890.000 0.818
5895.000 0.819
5900.000 0.820
5905.000 0.822
5910.000 0.823
5915.000 0.828
5920.000 0.826
5925.000 0.832
5930.000 0.829
5935.000 0.833
5940.000 0.833
5945.000 0.835
5950.000 0.837
5955.000 0.841
5960.000 0.837
5965.000 0.838
5970.000 0.855
5975.000 0.853
5980.000 0.851
5985.000 0.855
5990.000 0.843
5995.000 0.845
6000.000 0.865
6005.000 0.861
6010.000 0.851
6015.000 0.861
6020.000 0.870
6025.000 0.870
6030.000 0.879
6035.000 0.870
6040.000 0.884
6045.000 0.886
6050.000 0.880
6055.000 0.892
6060.000 0.886
6065.000 0.893
6070.000 0.877
6075.000 0.881
6080.000 0.888
6085.000 0.896
6090.000 0.899
6095.000 0.897
6100.000 0.902
6105.000 0.904
6110.000 0.902
6115.000 0.907
6120.000 0.921
6125.000 0.919
6130.000 0.915
6135.000 0.920
6140.000 0.925
6145.000 0.925
6150.000 0.935
6155.000 0.934
6160.000 0.937
6165.000 0.947
6170.000 0.951
6175.000 0.955
6180.000 0.964
6185.000 0.965
6190.000 0.971
6195.000 0.968
6200.000 0.976
6205.000 0.983
6210.000 0.983
6215.000 0.998
6220.000 1.002
6225.000 1.006
6230.000 1.012
6235.000 1.014
6240.000 1.017
6245.000 1.019
6250.000 1.028
6255.000 1.041
6260.000 1.048
6265.000 1.046
6270.000 1.049
6275.000 1.057
6280.000 1.064
6285.000 1.072
6290.000 1.077
6295.000 1.086
6300.000 1.093
6305.000 1.105
6310.000 1.128
6315.000 1.140
6320.000 1.133
6325.000 1.134
6330.000 1.135
6335.000 1.141
6340.000 1.140
6345.000 1.146
6350.000 1.155
6355.000 1.164
6360.000 1.174
6365.000 1.180
6370.000 1.188
6375.000 1.200
6380.000 1.210
6385.000 1.215
6390.000 1.226
6395.000 1.228
6400.000 1.238
6405.000 1.254
6410.000 1.257
6415.000 1.268
6420.000 1.277
6425.000 1.290
6430.000 1.297
6435.000 1.315
6440.000 1.326
6445.000 1.336
6450.000 1.354
6455.000 1.363
6460.000 1.376
6465.000 1.389
6470.000 1.396
6475.000 1.411
6480.000 1.439
6485.000 1.450
6490.000 1.462
6495.000 1.469
6500.000 1.487
6505.000 1.500
6510.000 1.519
6515.000 1.542
6520.000 1.556
6525.000 1.574
6530.000 1.596
6535.000 1.616
6540.000 1.625
6545.000 1.646
6550.000 1.674
6555.000 1.700
6560.000 1.711
6565.000 1.723
6570.000 1.752
6575.000 1.783
6580.000 1.797
6585.000 1.832
6590.000 1.859
6595.000 1.876
6600.000 1.917
6605.000 1.931
6610.000 1.970
6615.000 2.011
6620.000 2.032
6625.000 2.076
6630.000 2.118
6635.000 2.138
6640.000 2.164
6645.000 2.209
6650.000 2.264
6655.000 2.315
6660.000 2.345
6665.000 2.405
6670.000 2.433
6675.000 2.495
6680.000 2.556
6685.000 2.596
6690.000 2.664
6695.000 2.711
6700.000 2.796
6705.000 2.838
6710.000 2.924
6715.000 3.025
6720.000 3.080
6725.000 3.200
6730.000 3.241
6735.000 3.363
6740.000 3.487
6745.000 3.553
6750.000 3.697
6755.000 3.771
6760.000 3.944
6765.000 4.122
6770.000 4.221
6775.000 4.422
6780.000 4.532
6785.000 4.805
6790.000 4.944
6795.000 5.245
6800.000 5.406
6805.000 5.765
6810.000 6.178
6815.000 6.664
6820.000 6.953
6825.000 7.637
6830.000 8.038
6835.000 8.987
6840.000 10.166
6845.000 10.909
6850.000 11.707
6855.000 13.522
6860.000 15.701
6865.000 18.080
6870.000 19.279
6875.000 20.387
6880.000 21.949
6885.000 22.126
6890.000 20.293
6895.000 18.921
6900.000 17.484
6905.000 14.656
6910.000 12.302
6915.000 11.308
6920.000 9.699
6925.000 8.677
6930.000 8.269
6935.000 7.535
6940.000 7.202
6945.000 6.624
6950.000 6.116
6955.000 5.886
6960.000 5.492
6965.000 5.131
6970.000 4.973
6975.000 4.661
6980.000 4.527
6985.000 4.283
6990.000 4.042
6995.000 3.949
7000.000 3.824
7005.000 3.645
7010.000 3.465
7015.000 3.307
7020.000 3.217
7025.000 3.091
7030.000 3.008
7035.000 2.863
7040.000 2.776
7045.000 2.608
7050.000 2.458
7055.000 2.380
7060.000 2.251
7065.000 2.201
7070.000 2.077
7075.000 2.017
7080.000 1.910
7085.000 1.813
7090.000 1.767
7095.000 1.689
7100.000 1.620
7105.000 1.580
7110.000 1.511
7115.000 1.483
7120.000 1.427
7125.000 1.374
7130.000 1.352
7135.000 1.307
7140.000 1.262
7145.000 1.239
7150.000 1.200
7155.000 1.180
7160.000 1.145
7165.000 1.110
7170.000 1.097
7175.000 1.067
7180.000 1.050
7185.000 1.025
7190.000 1.007
7195.000 0.981
7200.000 0.968
7205.000 0.945
7210.000 0.923
7215.000 0.912
7220.000 0.890
7225.000 0.872
7230.000 0.860
7235.000 0.841
7240.000 0.821
7245.000 0.815
7250.000 0.801
7255.000 0.794
7260.000 0.776
7265.000 0.768
7270.000 0.752
7275.000 0.736
7280.000 0.730
7285.000 0.717
7290.000 0.702
7295.000 0.696
7300.000 0.684
7305.000 0.676
7310.000 0.667
7315.000 0.653
7320.000 0.648
7325.000 0.642
7330.000 0.634
7335.000 0.623
7340.000 0.616
7345.000 0.607
7350.000 0.598
7355.000 0.591
7360.000 0.587
7365.000 0.579
7370.000 0.571
7375.000 0.563
7380.000 0.559
7385.000 0.549
7390.000 0.543
7395.000 0.534
7400.000 0.527
7405.000 0.524
7410.000 0.521
7415.000 0.512
7420.000 0.507
7425.000 0.495
7430.000 0.493
7435.000 0.486
7440.000 0.483
7445.000 0.476
7450.000 0.473
7455.000 0.467
7460.000 0.460
7465.000 0.457
7470.000 0.451
7475.000 0.445
7480.000 0.443
7485.000 0.440
7490.000 0.435
7495.000 0.430
7500.000 0.426
7505.000 0.422
7510.000 0.419
7515.000 0.416
7520.000 0.411
7525.000 0.404
7530.000 0.401
7535.000 0.397
7540.000 0.395
7545.000 0.389
7550.000 0.385
7555.000 0.387
7560.000 0.380
7565.000 0.377
7570.000 0.372
7575.000 0.370
7580.000 0.368
7585.000 0.364
7590.000 0.363
7595.000 0.358
7600.000 0.355
7605.000 0.353
7610.000 0.350
7615.000 0.348
7620.000 0.343
7625.000 0.340
7630.000 0.339
7635.000 0.337
7640.000 0.334
7645.000 0.331
7650.000 0.329
7655.000 0.327
7660.000 0.323
7665.000 0.321
7670.000 0.317
7675.000 0.318
7680.000 0.313
7685.000 0.311
7690.000 0.312
7695.000 0.306
7700.000 0.304
7705.000 0.304
7710.000 0.300
7715.000 0.300
7720.000 0.297
7725.000 0.294
7730.000 0.292
7735.000 0.290
7740.000 0.290
7745.000 0.287
7750.000 0.286
7755.000 0.284
7760.000 0.279
7765.000 0.279
7770.000 0.277
7775.000 0.276
7780.000 0.273
7785.000 0.272
7790.000 0.270
7795.000 0.270
7800.000 0.269
7805.000 0.267
7810.000 0.265
7815.000 0.262
7820.000 0.258
7825.000 0.260
7830.000 0.258
7835.000 0.253
7840.000 0.252
7845.000 0.252
7850.000 0.251
7855.000 0.249
7860.000 0.246
7865.000 0.247
7870.000 0.244
7875.000 0.243
7880.000 0.242
7885.000 0.240
7890.000 0.238
7895.000 0.240
7900.000 0.237
7905.000 0.236
7910.000 0.234
7915.000 0.232
7920.000 0.234
7925.000 0.232
7930.000 0.231
7935.000 0.229
7940.000 0.230
7945.000 0.231
7950.000 0.231
7955.000 0.229
7960.000 0.234
7965.000 0.239
7970.000 0.240
7975.000 0.253
7980.000 0.255
7985.000 0.245
7990.000 0.238
7995.000 0.234
8000.000 0.237
8005.000 0.226
8010.000 0.220
8015.000 0.221
8020.000 0.224
8025.000 0.217
8030.000 0.217
8035.000 0.221
8040.000 0.221
8045.000 0.219
8050.000 0.218
8055.000 0.213
8060.000 0.218
8065.000 0.214
8070.000 0.215
8075.000 0.212
8080.000 0.208
8085.000 0.203
8090.000 0.204
8095.000 0.201
8100.000 0.201
8105.000 0.199
8110.000 0.198
8115.000 0.198
8120.000 0.197
8125.000 0.198
8130.000 0.196
8135.000 0.198
8140.000 0.196
8145.000 0.196
8150.000 0.196
8155.000 0.196
8160.000 0.196
8165.000 0.195
8170.000 0.194
8175.000 0.195
8180.000 0.193
8185.000 0.195
8190.000 0.194
8195.000 0.193
8200.000 0.191
8205.000 0.191
8210.000 0.190
8215.000 0.189
8220.000 0.190
8225.000 0.191
8230.000 0.189
8235.000 0.189
8240.000 0.185
8245.000 0.182
8250.000 0.183
8255.000 0.183
8260.000 0.182
8265.000 0.182
8270.000 0.181
8275.000 0.179
8280.000 0.180
8285.000 0.182
8290.000 0.180
8295.000 0.180
8300.000 0.179
8305.000 0.180
8310.000 0.179
8315.000 0.178
8320.000 0.179
8325.000 0.178
8330.000 0.179
8335.000 0.177
8340.000 0.179
8345.000 0.178
8350.000 0.178
8355.000 0.177
8360.000 0.176
8365.000 0.175
8370.000 0.175
8375.000 0.174
8380.000 0.175
8385.000 0.173
8390.000 0.170
8395.000 0.171
8400.000 0.169
8405.000 0.171
8410.000 0.170
8415.000 0.171
8420.000 0.169
8425.000 0.168
8430.000 0.166
8435.000 0.162
8440.000 0.165
8445.000 0.164
8450.000 0.167
8455.000 0.166
8460.000 0.165
8465.000 0.165
8470.000 0.163
8475.000 0.162
8480.000 0.161
8485.000 0.158
8490.000 0.158
8495.000 0.155
8500.000 0.155
8505.000 0.153
8510.000 0.152
8515.000 0.150
8520.000 0.152
8525.000 0.153
8530.000 0.152
8535.000 0.153
8540.000 0.152
8545.000 0.150
8550.000 0.150
8555.000 0.151
8560.000 0.148
8565.000 0.151
8570.000 0.151
8575.000 0.149
8580.000 0.147
8585.000 0.148
8590.000 0.145
8595.000 0.146
8600.000 0.147
8605.000 0.146
8610.000 0.145
8615.000 0.145
8620.000 0.143
8625.000 0.147
8630.000 0.148
8635.000 0.146
8640.000 0.146
8645.000 0.144
8650.000 0.144
8655.000 0.142
8660.000 0.144
8665.000 0.142
8670.000 0.143
8675.000 0.141
8680.000 0.140
8685.000 0.138
8690.000 0.135
8695.000 0.127
8700.000 0.124
8705.000 0.119
8710.000 0.116
8715.000 0.116
8720.000 0.117
8725.000 0.118
8730.000 0.117
8735.000 0.126
8740.000 0.126
8745.000 0.126
8750.000 0.124
8755.000 0.123
8760.000 0.124
8765.000 0.124
8770.000 0.123
8775.000 0.124
8780.000 0.124
8785.000 0.124
8790.000 0.123
8795.000 0.125
8800.000 0.125
8805.000 0.123
8810.000 0.124
8815.000 0.127
8820.000 0.118
8825.000 0.136
8830.000 0.113
8835.000 0.128
8840.000 0.131
8845.000 0.128
8850.000 0.123
8855.000 0.121
8860.000 0.119
8865.000 0.119
8870.000 0.120
8875.000 0.120
8880.000 0.121
8885.000 0.120
8890.000 0.120
8895.000 0.116
8900.000 0.116
8905.000 0.115
8910.000 0.116
8915.000 0.118
8920.000 0.116
8925.000 0.116
8930.000 0.118
8935.000 0.117
8940.000 0.116
8945.000 0.116
8950.000 0.114
8955.000 0.109
8960.000 0.113
8965.000 0.115
8970.000 0.114
8975.000 0.111
8980.000 0.110
8985.000 0.108
8990.000 0.114
8995.000 0.109
9000.000 0.115
9005.000 0.109
9010.000 0.110
9015.000 0.104
9020.000 0.107
9025.000 0.108
9030.000 0.103
9035.000 0.108
9040.000 0.111
9045.000 0.109
9050.000 0.106
9055.000 0.103
9060.000 0.104
9065.000 0.104
9070.000 0.105
9075.000 0.104
9080.000 0.104
9085.000 0.106
9090.000 0.103
9095.000 0.102
9100.000 0.104
9105.000 0.103
9110.000 0.102
9115.000 0.101
9120.000 0.102
9125.000 0.103
9130.000 0.101
9135.000 0.103
9140.000 0.102
9145.000 0.100
9150.000 0.101
9155.000 0.103
9160.000 0.101
9165.000 0.100
9170.000 0.099
9175.000 0.101
9180.000 0.098
9185.000 0.100
9190.000 0.098
9195.000 0.096
9200.000 0.097
9205.000 0.098
9210.000 0.099
9215.000 0.097
9220.000 0.096
9225.000 0.097
9230.000 0.096
9235.000 0.097
9240.000 0.095
9245.000 0.095
9250.000 0.095
9255.000 0.094
9260.000 0.096
9265.000 0.094
9270.000 0.094
9275.000 0.094
9280.000 0.095
9285.000 0.095
9290.000 0.095
9295.000 0.093
9300.000 0.094
9305.000 0.093
9310.000 0.094
9315.000 0.093
9320.000 0.094
9325.000 0.093
9330.000 0.094
9335.000 0.092
9340.000 0.093
9345.000 0.092
9350.000 0.094
9355.000 0.092
9360.000 0.094
9365.000 0.093
9370.000 0.092
9375.000 0.092
9380.000 0.093
9385.000 0.095
9390.000 0.091
9395.000 0.091
9400.000 0.093
9405.000 0.091
9410.000 0.091
9415.000 0.092
9420.000 0.093
9425.000 0.092
9430.000 0.094
9435.000 0.093
9440.000 0.092
9445.000 0.096
9450.000 0.095
9455.000 0.095
9460.000 0.094
9465.000 0.093
9470.000 0.095
9475.000 0.095
9480.000 0.095
9485.000 0.097
9490.000 0.098
9495.000 0.097
9500.000 0.097
9505.000 0.098
9510.000 0.099
9515.000 0.099
9520.000 0.101
9525.000 0.101
9530.000 0.099
9535.000 0.100
9540.000 0.103
9545.000 0.101
9550.000 0.102
9555.000 0.104
9560.000 0.105
9565.000 0.105
9570.000 0.107
9575.000 0.108
9580.000 0.105
9585.000 0.106
9590.000 0.110
9595.000 0.110
9600.000 0.110
9605.000 0.112
9610.000 0.112
9615.000 0.114
9620.000 0.114
9625.000 0.116
9630.000 0.116
9635.000 0.116
9640.000 0.118
9645.000 0.120
9650.000 0.122
9655.000 0.122
9660.000 0.123
9665.000 0.125
9670.000 0.125
9675.000 0.126
9680.000 0.129
9685.000 0.132
9690.000 0.133
9695.000 0.134
9700.000 0.137
9705.000 0.138
9710.000 0.139
9715.000 0.141
9720.000 0.142
9725.000 0.144
9730.000 0.146
9735.000 0.147
9740.000 0.151
9745.000 0.152
9750.000 0.154
9755.000 0.155
9760.000 0.161
9765.000 0.166
9770.000 0.167
9775.000 0.168
9780.000 0.169
9785.000 0.175
9790.000 0.177
9795.000 0.179
9800.000 0.184
9805.000 0.183
9810.000 0.190
9815.000 0.198
9820.000 0.198
9825.000 0.200
9830.000 0.202
9835.000 0.207
9840.000 0.208
9845.000 0.214
9850.000 0.220
9855.000 0.219
9860.000 0.225
9865.000 0.228
9870.000 0.235
9875.000 0.243
9880.000 0.243
9885.000 0.251
9890.000 0.257
9895.000 0.264
9900.000 0.277
9905.000 0.277
9910.000 0.282
9915.000 0.287
9920.000 0.297
9925.000 0.302
9930.000 0.318
9935.000 0.328
9940.000 0.332
9945.000 0.343
9950.000 0.346
9955.000 0.350
9960.000 0.363
9965.000 0.363
9970.000 0.379
9975.000 0.379
9980.000 0.385
9985.000 0.405
9990.000 0.416
9995.000 0.421
10000.000 0.420
10005.000 0.444
10010.000 0.454
10015.000 0.464
10020.000 0.477
10025.000 0.483
10030.000 0.499
10035.000 0.520
10040.000 0.528
10045.000 0.547
10050.000 0.557
10055.000 0.567
10060.000 0.578
10065.000 0.593
10070.000 0.606
10075.000 0.631
10080.000 0.645
10085.000 0.670
10090.000 0.692
10095.000 0.723
10100.000 0.744
10105.000 0.765
10110.000 0.805
10115.000 0.820
10120.000 0.856
10125.000 0.900
10130.000 0.921
10135.000 0.972
10140.000 0.998
10145.000 1.061
10150.000 1.087
10155.000 1.138
10160.000 1.165
10165.000 1.236
10170.000 1.312
10175.000 1.387
10180.000 1.436
10185.000 1.528
10190.000 1.588
10195.000 1.699
10200.000 1.823
10205.000 1.888
10210.000 2.036
10215.000 2.115
10220.000 2.300
10225.000 2.526
10230.000 2.651
10235.000 2.939
10240.000 3.107
10245.000 3.491
10250.000 3.933
10255.000 4.198
10260.000 4.775
10265.000 5.066
10270.000 5.754
10275.000 6.438
10280.000 6.714
10285.000 6.900
10290.000 7.176
10295.000 7.121
10300.000 6.670
10305.000 6.326
10310.000 5.665
10315.000 5.337
10320.000 4.722
10325.000 4.453
10330.000 3.969
10335.000 3.665
10340.000 3.525
10345.000 3.244
10350.000 3.118
10355.000 2.897
10360.000 2.810
10365.000 2.639
10370.000 2.493
10375.000 2.353
10380.000 2.297
10385.000 2.179
10390.000 2.124
10395.000 2.020
10400.000 1.928
10405.000 1.886
10410.000 1.804
10415.000 1.764
10420.000 1.700
10425.000 1.633
10430.000 1.600
10435.000 1.545
10440.000 1.515
10445.000 1.466
10450.000 1.440
10455.000 1.393
10460.000 1.373
10465.000 1.320
10470.000 1.280
10475.000 1.248
10480.000 1.231
10485.000 1.203
10490.000 1.187
10495.000 1.163
10500.000 1.147
10505.000 1.124
10510.000 1.112
10515.000 1.086
10520.000 1.069
10525.000 1.047
10530.000 1.039
10535.000 1.020
10540.000 1.014
10545.000 0.992
10550.000 0.964
10555.000 0.951
10560.000 0.934
10565.000 0.926
10570.000 0.912
10575.000 0.895
10580.000 0.888
10585.000 0.883
10590.000 0.870
10595.000 0.858
10600.000 0.850
10605.000 0.847
10610.000 0.833
10615.000 0.833
10620.000 0.816
10625.000 0.811
10630.000 0.800
10635.000 0.796
10640.000 0.785
10645.000 0.779
10650.000 0.767
10655.000 0.758
10660.000 0.752
10665.000 0.747
10670.000 0.738
10675.000 0.732
10680.000 0.724
10685.000 0.717
10690.000 0.712
10695.000 0.695
10700.000 0.687
10705.000 0.677
10710.000 0.674
10715.000 0.668
10720.000 0.664
10725.000 0.662
10730.000 0.658
10735.000 0.657
10740.000 0.649
10745.000 0.644
10750.000 0.642
10755.000 0.636
10760.000 0.633
10765.000 0.628
10770.000 0.626
10775.000 0.623
10780.000 0.616
10785.000 0.612
10790.000 0.610
10795.000 0.603
10800.000 0.600
10805.000 0.588
10810.000 0.586
10815.000 0.583
10820.000 0.577
10825.000 0.575
10830.000 0.570
10835.000 0.560
10840.000 0.560
10845.000 0.553
10850.000 0.554
10855.000 0.546
10860.000 0.542
10865.000 0.536
10870.000 0.530
10875.000 0.527
10880.000 0.524
10885.000 0.527
10890.000 0.523
10895.000 0.518
10900.000 0.516
10905.000 0.523
10910.000 0.518
10915.000 0.508
10920.000 0.508
10925.000 0.504
10930.000 0.501
10935.000 0.497
10940.000 0.489
10945.000 0.479
10950.000 0.479
10955.000 0.480
10960.000 0.480
10965.000 0.475
10970.000 0.472
10975.000 0.472
10980.000 0.465
10985.000 0.465
10990.000 0.467
10995.000 0.467
11000.000 0.459
11005.000 0.466
11010.000 0.469
11015.000 0.470
11020.000 0.460
11025.000 0.467
11030.000 0.456
11035.000 0.451
11040.000 0.436
11045.000 0.445
11050.000 0.449
11055.000 0.442
11060.000 0.445
11065.000 0.448
11070.000 0.445
11075.000 0.443
11080.000 0.445
11085.000 0.448
11090.000 0.445
11095.000 0.447
11100.000 0.442
11105.000 0.442
11110.000 0.441
11115.000 0.437
11120.000 0.434
11125.000 0.438
11130.000 0.434
11135.000 0.434
11140.000 0.433
11145.000 0.436
11150.000 0.438
11155.000 0.432
11160.000 0.433
11165.000 0.432
11170.000 0.432
11175.000 0.428
11180.000 0.425
11185.000 0.425
11190.000 0.423
11195.000 0.424
11200.000 0.421
11205.000 0.418
11210.000 0.421
11215.000 0.419
11220.000 0.417
11225.000 0.421
11230.000 0.417
11235.000 0.416
11240.000 0.415
11245.000 0.413
11250.000 0.413
11255.000 0.415
11260.000 0.416
11265.000 0.418
11270.000 0.416
11275.000 0.416
11280.000 0.411
11285.000 0.412
11290.000 0.412
11295.000 0.411
11300.000 0.409
11305.000 0.410
11310.000 0.408
11315.000 0.399
11320.000 0.401
11325.000 0.402
11330.000 0.401
11335.000 0.399
11340.000 0.395
11345.000 0.397
11350.000 0.396
11355.000 0.394
11360.000 0.395
11365.000 0.393
11370.000 0.392
11375.000 0.387
11380.000 0.391
11385.000 0.389
11390.000 0.383
11395.000 0.382
11400.000 0.378
11405.000 0.382
11410.000 0.379
11415.000 0.380
11420.000 0.384
11425.000 0.378
11430.000 0.380
11435.000 0.381
11440.000 0.377
11445.000 0.373
11450.000 0.376
11455.000 0.377
11460.000 0.376
11465.000 0.373
11470.000 0.374
11475.000 0.373
11480.000 0.372
11485.000 0.374
11490.000 0.369
11495.000 0.366
11500.000 0.366
11505.000 0.364
11510.000 0.364
11515.000 0.368
11520.000 0.368
11525.000 0.366
11530.000 0.368
11535.000 0.363
11540.000 0.367
11545.000 0.367
11550.000 0.369
11555.000 0.368
11560.000 0.366
11565.000 0.364
11570.000 0.364
11575.000 0.364
11580.000 0.362
11585.000 0.366
11590.000 0.362
11595.000 0.362
11600.000 0.364
11605.000 0.364
11610.000 0.360
11615.000 0.363
11620.000 0.367
11625.000 0.361
11630.000 0.362
11635.000 0.362
11640.000 0.361
11645.000 0.361
11650.000 0.359
11655.000 0.359
11660.000 0.362
11665.000 0.357
11670.000 0.356
11675.000 0.357
11680.000 0.355
11685.000 0.358
11690.000 0.358
11695.000 0.357
11700.000 0.359
11705.000 0.361
11710.000 0.359
11715.000 0.357
11720.000 0.354
11725.000 0.355
11730.000 0.355
11735.000 0.354
11740.000 0.356
11745.000 0.358
11750.000 0.354
11755.000 0.352
11760.000 0.354
11765.000 0.351
11770.000 0.350
11775.000 0.353
11780.000 0.351
11785.000 0.350
11790.000 0.351
11795.000 0.353
11800.000 0.351
11805.000 0.350
11810.000 0.350
11815.000 0.348
11820.000 0.347
11825.000 0.349
11830.000 0.348
11835.000 0.342
11840.000 0.344
11845.000 0.344
11850.000 0.341
11855.000 0.343
11860.000 0.343
11865.000 0.344
11870.000 0.344
11875.000 0.342
11880.000 0.344
11885.000 0.343
11890.000 0.339
11895.000 0.337
11900.000 0.338
11905.000 0.332
11910.000 0.334
11915.000 0.335
11920.000 0.334
11925.000 0.333
11930.000 0.334
11935.000 0.336
11940.000 0.335
11945.000 0.329
11950.000 0.335
11955.000 0.334
11960.000 0.331
11965.000 0.329
11970.000 0.334
11975.000 0.332
11980.000 0.332
11985.000 0.334
11990.000 0.328
11995.000 0.334
12000.000 0.336
