105.000 0.048
110.000 0.052
115.000 2.088
120.000 2.553
125.000 2.939
130.000 3.310
135.000 3.396
140.000 3.699
145.000 3.836
150.000 3.854
155.000 3.966
160.000 3.777
165.000 3.793
170.000 3.691
175.000 3.608
180.000 3.573
185.000 3.575
190.000 3.646
195.000 3.691
200.000 3.819
205.000 4.063
210.000 4.287
215.000 4.691
220.000 5.164
225.000 5.494
230.000 5.603
235.000 5.579
240.000 5.285
245.000 5.159
250.000 5.137
255.000 5.680
260.000 6.155
265.000 7.202
270.000 8.574
275.000 9.209
280.000 10.765
285.000 11.547
290.000 13.099
295.000 15.039
300.000 16.090
305.000 18.674
310.000 20.414
315.000 24.530
320.000 30.396
325.000 33.846
330.000 41.171
335.000 44.896
340.000 52.834
345.000 61.363
350.000 65.365
355.000 70.223
360.000 70.507
365.000 68.645
370.000 57.720
375.000 52.610
380.000 46.729
385.000 44.943
390.000 42.875
395.000 42.186
400.000 41.548
405.000 40.987
410.000 42.225
415.000 42.318
420.000 41.481
425.000 41.298
430.000 41.994
435.000 42.279
440.000 39.919
445.000 39.804
450.000 38.150
455.000 36.272
460.000 34.875
465.000 31.880
470.000 30.288
475.000 27.221
480.000 24.380
485.000 23.125
490.000 20.767
495.000 19.746
500.000 17.876
505.000 16.333
510.000 15.672
515.000 14.449
520.000 13.888
525.000 12.900
530.000 11.961
535.000 11.525
540.000 10.633
545.000 10.190
550.000 9.380
555.000 8.619
560.000 8.285
565.000 7.660
570.000 7.399
575.000 6.930
580.000 6.518
585.000 6.367
590.000 6.079
595.000 5.945
600.000 5.863
605.000 5.849
610.000 5.839
615.000 5.853
620.000 5.701
625.000 5.983
630.000 6.062
635.000 6.179
640.000 6.419
645.000 6.539
650.000 6.937
655.000 7.595
660.000 8.061
665.000 9.471
670.000 10.475
675.000 13.631
680.000 19.002
685.000 22.651
690.000 31.719
695.000 35.719
700.000 38.567
705.000 26.803
710.000 19.938
715.000 12.595
720.000 10.387
725.000 7.554
730.000 5.843
735.000 5.206
740.000 4.266
745.000 3.873
750.000 3.236
755.000 2.769
760.000 2.550
765.000 2.248
770.000 2.102
775.000 1.861
780.000 1.708
785.000 1.627
790.000 1.496
795.000 1.435
800.000 1.344
805.000 1.245
810.000 1.202
815.000 1.120
820.000 1.081
825.000 1.004
830.000 0.945
835.000 0.919
840.000 0.877
845.000 0.853
850.000 0.819
855.000 0.785
860.000 0.773
865.000 0.748
870.000 0.738
875.000 0.718
880.000 0.699
885.000 0.691
890.000 0.681
895.000 0.676
900.000 0.666
905.000 0.658
910.000 0.658
915.000 0.657
920.000 0.657
925.000 0.658
930.000 0.660
935.000 0.666
940.000 0.674
945.000 0.682
950.000 0.695
955.000 0.722
960.000 0.732
965.000 0.771
970.000 0.793
975.000 0.835
980.000 0.897
985.000 0.932
990.000 1.048
995.000 1.115
1000.000 1.303
1005.000 1.440
1010.000 1.825
1015.000 2.478
1020.000 3.014
1025.000 4.350
1030.000 5.012
1035.000 5.057
1040.000 3.372
1045.000 2.659
1050.000 1.780
1055.000 1.499
1060.000 1.119
1065.000 0.877
1070.000 0.788
1075.000 0.646
1080.000 0.592
1085.000 0.511
1090.000 0.444
1095.000 0.419
1100.000 0.381
1105.000 0.366
1110.000 0.339
1115.000 0.322
1120.000 0.317
1125.000 0.307
1130.000 0.301
1135.000 0.298
1140.000 0.297
1145.000 0.301
1150.000 0.305
1155.000 0.310
1160.000 0.320
1165.000 0.320
1170.000 0.329
1175.000 0.337
1180.000 0.344
1185.000 0.358
1190.000 0.379
1195.000 0.390
1200.000 0.413
1205.000 0.427
1210.000 0.460
1215.000 0.502
1220.000 0.522
1225.000 0.583
1230.000 0.617
1235.000 0.705
1240.000 0.813
1245.000 0.870
1250.000 1.011
1255.000 1.097
1260.000 1.331
1265.000 1.666
1270.000 1.886
1275.000 2.576
1280.000 2.995
1285.000 4.316
1290.000 6.358
1295.000 7.688
1300.000 9.584
1305.000 9.223
1310.000 6.494
1315.000 4.372
1320.000 3.670
1325.000 2.698
1330.000 2.356
1335.000 1.853
1340.000 1.519
1345.000 1.393
1350.000 1.193
1355.000 1.116
1360.000 0.996
1365.000 0.918
1370.000 0.885
1375.000 0.827
1380.000 0.804
1385.000 0.759
1390.000 0.729
1395.000 0.711
1400.000 0.687
1405.000 0.676
1410.000 0.657
1415.000 0.637
1420.000 0.632
1425.000 0.611
1430.000 0.610
1435.000 0.593
1440.000 0.585
1445.000 0.581
1450.000 0.578
1455.000 0.575
1460.000 0.571
1465.000 0.570
1470.000 0.571
1475.000 0.570
1480.000 0.573
1485.000 0.578
1490.000 0.578
1495.000 0.582
1500.000 0.587
1505.000 0.590
1510.000 0.592
1515.000 0.601
1520.000 0.608
1525.000 0.617
1530.000 0.638
1535.000 0.664
1540.000 0.659
1545.000 0.675
1550.000 0.675
1555.000 0.681
1560.000 0.702
1565.000 0.721
1570.000 0.738
1575.000 0.760
1580.000 0.773
1585.000 0.803
1590.000 0.820
1595.000 0.851
1600.000 0.885
1605.000 0.904
1610.000 0.948
1615.000 0.968
1620.000 1.020
1625.000 1.075
1630.000 1.115
1635.000 1.193
1640.000 1.242
1645.000 1.369
1650.000 1.576
1655.000 1.735
1660.000 2.242
1665.000 2.503
1670.000 3.368
1675.000 4.831
1680.000 5.827
1685.000 8.611
1690.000 10.220
1695.000 13.213
1700.000 13.118
1705.000 11.576
1710.000 8.360
1715.000 7.149
1720.000 5.373
1725.000 4.181
1730.000 3.741
1735.000 3.081
1740.000 2.830
1745.000 2.435
1750.000 2.145
1755.000 2.024
1760.000 1.855
1765.000 1.800
1770.000 1.685
1775.000 1.622
1780.000 1.592
1785.000 1.541
1790.000 1.517
1795.000 1.476
1800.000 1.445
1805.000 1.430
1810.000 1.405
1815.000 1.396
1820.000 1.397
1825.000 1.391
1830.000 1.392
1835.000 1.397
1840.000 1.400
1845.000 1.433
1850.000 1.448
1855.000 1.460
1860.000 1.486
1865.000 1.500
1870.000 1.540
1875.000 1.580
1880.000 1.606
1885.000 1.666
1890.000 1.702
1895.000 1.781
1900.000 1.825
1905.000 1.928
1910.000 2.056
1915.000 2.122
1920.000 2.294
1925.000 2.401
1930.000 2.664
1935.000 3.005
1940.000 3.225
1945.000 3.816
1950.000 4.192
1955.000 5.207
1960.000 6.731
1965.000 7.743
1970.000 10.619
1975.000 12.147
1980.000 15.377
1985.000 17.609
1990.000 17.732
1995.000 15.397
2000.000 13.494
2005.000 9.951
2010.000 7.375
2015.000 6.431
2020.000 5.057
2025.000 4.546
2030.000 3.765
2035.000 3.206
2040.000 2.990
2045.000 2.677
2050.000 2.561
2055.000 2.378
2060.000 2.223
2065.000 2.157
2070.000 2.039
2075.000 1.991
2080.000 1.895
2085.000 1.821
2090.000 1.785
2095.000 1.727
2100.000 1.701
2105.000 1.656
2110.000 1.615
2115.000 1.605
2120.000 1.581
2125.000 1.568
2130.000 1.556
2135.000 1.550
2140.000 1.551
2145.000 1.561
2150.000 1.566
2155.000 1.595
2160.000 1.622
2165.000 1.643
2170.000 1.700
2175.000 1.732
2180.000 1.815
2185.000 1.938
2190.000 2.018
2195.000 2.230
2200.000 2.368
2205.000 2.775
2210.000 3.424
2215.000 3.855
2220.000 4.922
2225.000 5.446
2230.000 5.940
2235.000 5.004
2240.000 4.154
2245.000 2.725
2250.000 2.236
2255.000 1.566
2260.000 1.149
2265.000 0.994
2270.000 0.761
2275.000 0.670
2280.000 0.532
2285.000 0.425
2290.000 0.383
2295.000 0.314
2300.000 0.285
2305.000 0.239
2310.000 0.198
2315.000 0.184
2320.000 0.156
2325.000 0.143
2330.000 0.124
2335.000 0.110
2340.000 0.106
2345.000 0.099
2350.000 0.093
2355.000 0.090
2360.000 0.085
2365.000 0.084
2370.000 0.081
2375.000 0.083
2380.000 0.084
2385.000 0.083
2390.000 0.083
2395.000 0.086
2400.000 0.085
2405.000 0.089
2410.000 0.089
2415.000 0.092
2420.000 0.093
2425.000 0.093
2430.000 0.095
2435.000 0.099
2440.000 0.101
2445.000 0.102
2450.000 0.103
2455.000 0.102
2460.000 0.106
2465.000 0.108
2470.000 0.107
2475.000 0.108
2480.000 0.110
2485.000 0.111
2490.000 0.111
2495.000 0.113
2500.000 0.115
2505.000 0.115
2510.000 0.114
2515.000 0.117
2520.000 0.117
2525.000 0.116
2530.000 0.118
2535.000 0.119
2540.000 0.119
2545.000 0.121
2550.000 0.121
2555.000 0.122
2560.000 0.121
2565.000 0.121
2570.000 0.124
2575.000 0.123
2580.000 0.124
2585.000 0.125
2590.000 0.126
2595.000 0.126
2600.000 0.127
2605.000 0.126
2610.000 0.129
2615.000 0.128
2620.000 0.128
2625.000 0.130
2630.000 0.131
2635.000 0.128
2640.000 0.131
2645.000 0.130
2650.000 0.131
2655.000 0.132
2660.000 0.130
2665.000 0.132
2670.000 0.134
2675.000 0.133
2680.000 0.133
2685.000 0.131
2690.000 0.132
2695.000 0.133
2700.000 0.135
2705.000 0.133
2710.000 0.134
2715.000 0.135
2720.000 0.138
2725.000 0.136
2730.000 0.136
2735.000 0.135
2740.000 0.136
2745.000 0.136
2750.000 0.135
2755.000 0.137
2760.000 0.137
2765.000 0.138
2770.000 0.137
2775.000 0.141
2780.000 0.137
2785.000 0.139
2790.000 0.140
2795.000 0.138
2800.000 0.141
2805.000 0.139
2810.000 0.140
2815.000 0.139
2820.000 0.138
2825.000 0.140
2830.000 0.141
2835.000 0.140
2840.000 0.142
2845.000 0.139
2850.000 0.140
2855.000 0.141
2860.000 0.140
2865.000 0.142
2870.000 0.139
2875.000 0.139
2880.000 0.140
2885.000 0.140
2890.000 0.141
2895.000 0.141
2900.000 0.141
2905.000 0.140
2910.000 0.141
2915.000 0.140
2920.000 0.139
2925.000 0.139
2930.000 0.138
2935.000 0.141
2940.000 0.140
2945.000 0.142
2950.000 0.137
2955.000 0.146
2960.000 0.143
2965.000 0.142
2970.000 0.138
2975.000 0.139
2980.000 0.140
2985.000 0.139
2990.000 0.148
2995.000 0.148
3000.000 0.142
3005.000 0.142
3010.000 0.146
3015.000 0.138
3020.000 0.146
3025.000 0.145
3030.000 0.142
3035.000 0.151
3040.000 0.142
3045.000 0.143
3050.000 0.146
3055.000 0.139
3060.000 0.145
3065.000 0.143
3070.000 0.141
3075.000 0.145
3080.000 0.139
3085.000 0.141
3090.000 0.141
3095.000 0.145
3100.000 0.142
3105.000 0.144
3110.000 0.143
3115.000 0.144
3120.000 0.145
3125.000 0.144
3130.000 0.144
3135.000 0.144
3140.000 0.144
3145.000 0.146
3150.000 0.149
3155.000 0.147
3160.000 0.145
3165.000 0.148
3170.000 0.150
3175.000 0.149
3180.000 0.150
3185.000 0.152
3190.000 0.152
3195.000 0.153
3200.000 0.156
3205.000 0.158
3210.000 0.159
3215.000 0.164
3220.000 0.166
3225.000 0.169
3230.000 0.176
3235.000 0.179
3240.000 0.189
3245.000 0.191
3250.000 0.201
3255.000 0.213
3260.000 0.217
3265.000 0.236
3270.000 0.244
3275.000 0.269
3280.000 0.295
3285.000 0.309
3290.000 0.348
3295.000 0.376
3300.000 0.435
3305.000 0.516
3310.000 0.576
3315.000 0.736
3320.000 0.853
3325.000 1.201
3330.000 1.775
3335.000 2.155
3340.000 3.122
3345.000 3.703
3350.000 5.155
3355.000 7.164
3360.000 8.418
3365.000 11.180
3370.000 12.105
3375.000 11.979
3380.000 9.693
3385.000 8.696
3390.000 7.233
3395.000 6.672
3400.000 5.795
3405.000 5.128
3410.000 4.866
3415.000 4.476
3420.000 4.341
3425.000 4.169
3430.000 4.143
3435.000 4.231
3440.000 4.549
3445.000 4.801
3450.000 5.534
3455.000 6.651
3460.000 7.419
3465.000 9.448
3470.000 10.737
3475.000 13.547
3480.000 15.735
3485.000 16.007
3490.000 13.885
3495.000 11.884
3500.000 8.274
3505.000 5.856
3510.000 5.016
3515.000 3.825
3520.000 3.405
3525.000 2.781
3530.000 2.352
3535.000 2.191
3540.000 1.958
3545.000 1.878
3550.000 1.759
3555.000 1.666
3560.000 1.634
3565.000 1.566
3570.000 1.545
3575.000 1.506
3580.000 1.477
3585.000 1.469
3590.000 1.465
3595.000 1.463
3600.000 1.472
3605.000 1.491
3610.000 1.504
3615.000 1.549
3620.000 1.574
3625.000 1.644
3630.000 1.718
3635.000 1.757
3640.000 1.866
3645.000 1.935
3650.000 2.101
3655.000 2.343
3660.000 2.502
3665.000 2.965
3670.000 3.263
3675.000 4.107
3680.000 4.706
3685.000 6.336
3690.000 8.778
3695.000 10.202
3700.000 12.915
3705.000 13.734
3710.000 13.328
3715.000 10.187
3720.000 8.557
3725.000 6.021
3730.000 5.129
3735.000 3.876
3740.000 3.069
3745.000 2.775
3750.000 2.321
3755.000 2.148
3760.000 1.896
3765.000 1.742
3770.000 1.672
3775.000 1.571
3780.000 1.526
3785.000 1.450
3790.000 1.384
3795.000 1.359
3800.000 1.304
3805.000 1.288
3810.000 1.240
3815.000 1.206
3820.000 1.194
3825.000 1.173
3830.000 1.165
3835.000 1.156
3840.000 1.156
3845.000 1.159
3850.000 1.170
3855.000 1.184
3860.000 1.203
3865.000 1.234
3870.000 1.258
3875.000 1.310
3880.000 1.341
3885.000 1.396
3890.000 1.469
3895.000 1.510
3900.000 1.613
3905.000 1.674
3910.000 1.834
3915.000 2.055
3920.000 2.200
3925.000 2.586
3930.000 2.852
3935.000 3.577
3940.000 4.716
3945.000 5.487
3950.000 7.483
3955.000 8.651
3960.000 10.786
3965.000 11.151
3970.000 10.426
3975.000 7.869
3980.000 6.647
3985.000 4.775
3990.000 3.594
3995.000 3.182
4000.000 2.581
4005.000 2.345
4010.000 1.991
4015.000 1.785
4020.000 1.717
4025.000 1.618
4030.000 1.564
4035.000 1.493
4040.000 1.441
4045.000 1.425
4050.000 1.420
4055.000 1.417
4060.000 1.423
4065.000 1.441
4070.000 1.472
4075.000 1.539
4080.000 1.573
4085.000 1.674
4090.000 1.814
4095.000 1.921
4100.000 2.216
4105.000 2.421
4110.000 3.019
4115.000 3.909
4120.000 4.464
4125.000 5.441
4130.000 5.622
4135.000 4.968
4140.000 3.645
4145.000 3.063
4150.000 2.210
4155.000 1.911
4160.000 1.474
4165.000 1.195
4170.000 1.096
4175.000 0.939
4180.000 0.873
4185.000 0.766
4190.000 0.687
4195.000 0.645
4200.000 0.571
4205.000 0.540
4210.000 0.483
4215.000 0.438
4220.000 0.419
4225.000 0.387
4230.000 0.373
4235.000 0.348
4240.000 0.328
4245.000 0.319
4250.000 0.303
4255.000 0.295
4260.000 0.281
4265.000 0.275
4270.000 0.272
4275.000 0.263
4280.000 0.258
4285.000 0.250
4290.000 0.247
4295.000 0.242
4300.000 0.238
4305.000 0.236
4310.000 0.235
4315.000 0.232
4320.000 0.232
4325.000 0.236
4330.000 0.234
4335.000 0.233
4340.000 0.233
4345.000 0.230
4350.000 0.229
4355.000 0.229
4360.000 0.228
4365.000 0.227
4370.000 0.226
4375.000 0.226
4380.000 0.226
4385.000 0.227
4390.000 0.227
4395.000 0.229
4400.000 0.230
4405.000 0.230
4410.000 0.231
4415.000 0.232
4420.000 0.234
4425.000 0.239
4430.000 0.240
4435.000 0.251
4440.000 0.253
4445.000 0.255
4450.000 0.259
4455.000 0.260
4460.000 0.267
4465.000 0.268
4470.000 0.277
4475.000 0.287
4480.000 0.294
4485.000 0.307
4490.000 0.317
4495.000 0.343
4500.000 0.369
4505.000 0.394
4510.000 0.436
4515.000 0.465
4520.000 0.546
4525.000 0.651
4530.000 0.720
4535.000 0.875
4540.000 0.947
4545.000 1.001
4550.000 0.856
4555.000 0.723
4560.000 0.498
4565.000 0.418
4570.000 0.300
4575.000 0.228
4580.000 0.201
4585.000 0.163
4590.000 0.149
4595.000 0.131
4600.000 0.120
4605.000 0.117
4610.000 0.110
4615.000 0.109
4620.000 0.107
4625.000 0.104
4630.000 0.106
4635.000 0.108
4640.000 0.106
4645.000 0.111
4650.000 0.115
4655.000 0.118
4660.000 0.122
4665.000 0.125
4670.000 0.131
4675.000 0.136
4680.000 0.141
4685.000 0.148
4690.000 0.154
4695.000 0.164
4700.000 0.178
4705.000 0.187
4710.000 0.210
4715.000 0.220
4720.000 0.251
4725.000 0.298
4730.000 0.336
4735.000 0.431
4740.000 0.496
4745.000 0.663
4750.000 0.883
4755.000 1.019
4760.000 1.266
4765.000 1.327
4770.000 1.197
4775.000 0.927
4780.000 0.809
4785.000 0.636
4790.000 0.571
4795.000 0.483
4800.000 0.421
4805.000 0.404
4810.000 0.370
4815.000 0.359
4820.000 0.344
4825.000 0.332
4830.000 0.328
4835.000 0.321
4840.000 0.321
4845.000 0.318
4850.000 0.317
4855.000 0.319
4860.000 0.319
4865.000 0.322
4870.000 0.329
4875.000 0.335
4880.000 0.341
4885.000 0.355
4890.000 0.361
4895.000 0.374
4900.000 0.386
4905.000 0.407
4910.000 0.423
4915.000 0.437
4920.000 0.421
4925.000 0.393
4930.000 0.311
4935.000 0.212
4940.000 0.180
4945.000 0.141
4950.000 0.131
4955.000 0.118
4960.000 0.122
4965.000 0.121
4970.000 0.130
4975.000 0.132
4980.000 0.136
4985.000 0.139
4990.000 0.132
4995.000 0.140
5000.000 0.151
5005.000 0.143
5010.000 0.150
5015.000 0.148
5020.000 0.168
5025.000 0.162
5030.000 0.162
5035.000 0.172
5040.000 0.168
5045.000 0.172
5050.000 0.178
5055.000 0.172
5060.000 0.179
5065.000 0.183
5070.000 0.182
5075.000 0.182
5080.000 0.185
5085.000 0.184
5090.000 0.189
5095.000 0.190
5100.000 0.189
5105.000 0.194
5110.000 0.193
5115.000 0.198
5120.000 0.199
5125.000 0.200
5130.000 0.201
5135.000 0.202
5140.000 0.203
5145.000 0.205
5150.000 0.207
5155.000 0.207
5160.000 0.208
5165.000 0.210
5170.000 0.211
5175.000 0.212
5180.000 0.212
5185.000 0.211
5190.000 0.213
5195.000 0.213
5200.000 0.214
5205.000 0.215
5210.000 0.215
5215.000 0.215
5220.000 0.218
5225.000 0.216
5230.000 0.218
5235.000 0.218
5240.000 0.219
5245.000 0.220
5250.000 0.217
5255.000 0.216
5260.000 0.214
5265.000 0.216
5270.000 0.217
5275.000 0.221
5280.000 0.222
5285.000 0.219
5290.000 0.219
5295.000 0.221
5300.000 0.220
5305.000 0.219
5310.000 0.224
5315.000 0.220
5320.000 0.221
5325.000 0.221
5330.000 0.223
5335.000 0.219
5340.000 0.225
5345.000 0.223
5350.000 0.223
5355.000 0.222
5360.000 0.222
5365.000 0.220
5370.000 0.224
5375.000 0.223
5380.000 0.223
5385.000 0.222
5390.000 0.222
5395.000 0.224
5400.000 0.224
5405.000 0.228
5410.000 0.225
5415.000 0.227
5420.000 0.225
5425.000 0.228
5430.000 0.227
5435.000 0.228
5440.000 0.229
5445.000 0.227
5450.000 0.231
5455.000 0.231
5460.000 0.229
5465.000 0.231
5470.000 0.231
5475.000 0.235
5480.000 0.233
5485.000 0.234
5490.000 0.234
5495.000 0.236
5500.000 0.235
5505.000 0.235
5510.000 0.233
5515.000 0.234
5520.000 0.237
5525.000 0.241
5530.000 0.234
5535.000 0.233
5540.000 0.233
5545.000 0.234
5550.000 0.238
5555.000 0.237
5560.000 0.239
5565.000 0.235
5570.000 0.234
5575.000 0.231
5580.000 0.233
5585.000 0.234
5590.000 0.234
5595.000 0.236
5600.000 0.235
5605.000 0.235
5610.000 0.234
5615.000 0.234
5620.000 0.233
5625.000 0.235
5630.000 0.234
5635.000 0.229
5640.000 0.232
5645.000 0.232
5650.000 0.233
5655.000 0.232
5660.000 0.229
5665.000 0.233
5670.000 0.233
5675.000 0.232
5680.000 0.230
5685.000 0.233
5690.000 0.234
5695.000 0.234
5700.000 0.234
5705.000 0.234
5710.000 0.235
5715.000 0.232
5720.000 0.233
5725.000 0.233
5730.000 0.232
5735.000 0.236
5740.000 0.237
5745.000 0.231
5750.000 0.229
5755.000 0.237
5760.000 0.235
5765.000 0.235
5770.000 0.236
5775.000 0.242
5780.000 0.240
5785.000 0.239
5790.000 0.237
5795.000 0.240
5800.000 0.242
5805.000 0.241
5810.000 0.239
5815.000 0.239
5820.000 0.240
5825.000 0.243
5830.000 0.239
5835.000 0.240
5840.000 0.240
5845.000 0.238
5850.000 0.241
5855.000 0.239
5860.000 0.240
5865.000 0.245
5870.000 0.244
5875.000 0.240
5880.000 0.244
5885.000 0.242
5890.000 0.241
5895.000 0.244
5900.000 0.245
5905.000 0.242
5910.000 0.243
5915.000 0.248
5920.000 0.250
5925.000 0.251
5930.000 0.246
5935.000 0.244
5940.000 0.250
5945.000 0.249
5950.000 0.244
5955.000 0.248
5960.000 0.244
5965.000 0.241
5970.000 0.271
5975.000 0.283
5980.000 0.277
5985.000 0.274
5990.000 0.258
5995.000 0.273
6000.000 0.267
6005.000 0.256
6010.000 0.251
6015.000 0.251
6020.000 0.262
6025.000 0.251
6030.000 0.253
6035.000 0.249
6040.000 0.256
6045.000 0.253
6050.000 0.249
6055.000 0.248
6060.000 0.249
6065.000 0.253
6070.000 0.255
6075.000 0.249
6080.000 0.251
6085.000 0.252
6090.000 0.254
6095.000 0.254
6100.000 0.254
6105.000 0.253
6110.000 0.250
6115.000 0.251
6120.000 0.254
6125.000 0.253
6130.000 0.255
6135.000 0.255
6140.000 0.259
6145.000 0.261
6150.000 0.258
6155.000 0.259
6160.000 0.259
6165.000 0.265
6170.000 0.265
6175.000 0.281
6180.000 0.274
6185.000 0.273
6190.000 0.268
6195.000 0.265
6200.000 0.267
6205.000 0.266
6210.000 0.262
6215.000 0.259
6220.000 0.260
6225.000 0.256
6230.000 0.256
6235.000 0.273
6240.000 0.283
6245.000 0.278
6250.000 0.272
6255.000 0.267
6260.000 0.262
6265.000 0.263
6270.000 0.269
6275.000 0.267
6280.000 0.262
6285.000 0.261
6290.000 0.259
6295.000 0.258
6300.000 0.259
6305.000 0.260
6310.000 0.252
6315.000 0.254
6320.000 0.261
6325.000 0.257
6330.000 0.257
6335.000 0.254
6340.000 0.268
6345.000 0.275
6350.000 0.275
6355.000 0.274
6360.000 0.267
6365.000 0.267
6370.000 0.264
6375.000 0.263
6380.000 0.262
6385.000 0.260
6390.000 0.262
6395.000 0.261
6400.000 0.261
6405.000 0.263
6410.000 0.260
6415.000 0.259
6420.000 0.260
6425.000 0.261
6430.000 0.262
6435.000 0.263
6440.000 0.262
6445.000 0.262
6450.000 0.264
6455.000 0.261
6460.000 0.262
6465.000 0.262
6470.000 0.265
6475.000 0.266
6480.000 0.266
6485.000 0.265
6490.000 0.266
6495.000 0.267
6500.000 0.275
6505.000 0.276
6510.000 0.275
6515.000 0.274
6520.000 0.272
6525.000 0.274
6530.000 0.277
6535.000 0.271
6540.000 0.273
6545.000 0.274
6550.000 0.272
6555.000 0.272
6560.000 0.277
6565.000 0.281
6570.000 0.279
6575.000 0.285
6580.000 0.293
6585.000 0.304
6590.000 0.302
6595.000 0.304
6600.000 0.313
6605.000 0.313
6610.000 0.319
6615.000 0.327
6620.000 0.334
6625.000 0.350
6630.000 0.363
6635.000 0.389
6640.000 0.420
6645.000 0.443
6650.000 0.497
6655.000 0.527
6660.000 0.630
6665.000 0.790
6670.000 0.905
6675.000 1.252
6680.000 1.495
6685.000 2.227
6690.000 3.168
6695.000 3.706
6700.000 4.857
6705.000 5.245
6710.000 5.188
6715.000 4.389
6720.000 3.998
6725.000 3.376
6730.000 3.147
6735.000 2.826
6740.000 2.690
6745.000 2.682
6750.000 2.823
6755.000 2.982
6760.000 3.506
6765.000 4.357
6770.000 4.905
6775.000 6.266
6780.000 6.999
6785.000 8.216
6790.000 8.519
6795.000 8.015
6800.000 6.292
6805.000 5.462
6810.000 4.177
6815.000 3.323
6820.000 2.995
6825.000 2.517
6830.000 2.348
6835.000 2.107
6840.000 1.946
6845.000 1.888
6850.000 1.820
6855.000 1.804
6860.000 1.813
6865.000 1.845
6870.000 1.866
6875.000 1.927
6880.000 1.969
6885.000 2.073
6890.000 2.231
6895.000 2.325
6900.000 2.590
6905.000 2.769
6910.000 3.264
6915.000 4.043
6920.000 4.549
6925.000 5.841
6930.000 6.630
6935.000 8.189
6940.000 8.728
6945.000 8.662
6950.000 7.060
6955.000 6.148
6960.000 4.601
6965.000 4.031
6970.000 3.171
6975.000 2.597
6980.000 2.390
6985.000 2.078
6990.000 1.977
6995.000 1.805
7000.000 1.697
7005.000 1.634
7010.000 1.568
7015.000 1.529
7020.000 1.495
7025.000 1.440
7030.000 1.426
7035.000 1.404
7040.000 1.399
7045.000 1.402
7050.000 1.435
7055.000 1.453
7060.000 1.500
7065.000 1.535
7070.000 1.605
7075.000 1.705
7080.000 1.764
7085.000 1.920
7090.000 2.024
7095.000 2.329
7100.000 2.737
7105.000 3.020
7110.000 3.764
7115.000 4.266
7120.000 5.601
7125.000 7.297
7130.000 8.195
7135.000 9.824
7140.000 10.290
7145.000 10.084
7150.000 8.437
7155.000 7.526
7160.000 5.961
7165.000 5.330
7170.000 4.388
7175.000 3.752
7180.000 3.519
7185.000 3.222
7190.000 3.106
7195.000 2.986
7200.000 2.993
7205.000 3.019
7210.000 3.121
7215.000 3.187
7220.000 3.390
7225.000 3.664
7230.000 3.845
7235.000 4.151
7240.000 4.240
7245.000 4.201
7250.000 3.827
7255.000 3.521
7260.000 2.832
7265.000 2.515
7270.000 2.002
7275.000 1.617
7280.000 1.462
7285.000 1.212
7290.000 1.114
7295.000 0.948
7300.000 0.803
7305.000 0.740
7310.000 0.634
7315.000 0.593
7320.000 0.519
7325.000 0.457
7330.000 0.435
7335.000 0.392
7340.000 0.374
7345.000 0.341
7350.000 0.313
7355.000 0.301
7360.000 0.280
7365.000 0.270
7370.000 0.258
7375.000 0.244
7380.000 0.240
7385.000 0.229
7390.000 0.227
7395.000 0.214
7400.000 0.210
7405.000 0.208
7410.000 0.203
7415.000 0.211
7420.000 0.208
7425.000 0.205
7430.000 0.205
7435.000 0.203
7440.000 0.200
7445.000 0.195
7450.000 0.190
7455.000 0.187
7460.000 0.184
7465.000 0.182
7470.000 0.179
7475.000 0.177
7480.000 0.174
7485.000 0.172
7490.000 0.172
7495.000 0.168
7500.000 0.168
7505.000 0.166
7510.000 0.165
7515.000 0.166
7520.000 0.163
7525.000 0.160
7530.000 0.162
7535.000 0.161
7540.000 0.162
7545.000 0.165
7550.000 0.165
7555.000 0.170
7560.000 0.177
7565.000 0.184
7570.000 0.210
7575.000 0.228
7580.000 0.281
7585.000 0.354
7590.000 0.401
7595.000 0.537
7600.000 0.632
7605.000 0.805
7610.000 0.852
7615.000 0.816
7620.000 0.715
7625.000 0.666
7630.000 0.587
7635.000 0.530
7640.000 0.507
7645.000 0.477
7650.000 0.465
7655.000 0.442
7660.000 0.428
7665.000 0.418
7670.000 0.408
7675.000 0.406
7680.000 0.407
7685.000 0.413
7690.000 0.412
7695.000 0.410
7700.000 0.414
7705.000 0.421
7710.000 0.431
7715.000 0.435
7720.000 0.457
7725.000 0.471
7730.000 0.503
7735.000 0.538
7740.000 0.566
7745.000 0.641
7750.000 0.677
7755.000 0.761
7760.000 0.824
7765.000 0.861
7770.000 0.876
7775.000 0.859
7780.000 0.753
7785.000 0.616
7790.000 0.549
7795.000 0.441
7800.000 0.397
7805.000 0.332
7810.000 0.286
7815.000 0.268
7820.000 0.242
7825.000 0.229
7830.000 0.213
7835.000 0.201
7840.000 0.193
7845.000 0.184
7850.000 0.176
7855.000 0.164
7860.000 0.153
7865.000 0.147
7870.000 0.131
7875.000 0.121
7880.000 0.098
7885.000 0.071
7890.000 0.062
7895.000 0.078
7900.000 0.098
7905.000 0.158
7910.000 0.193
7915.000 0.205
7920.000 0.216
7925.000 0.218
7930.000 0.217
7935.000 0.220
7940.000 0.218
7945.000 0.222
7950.000 0.222
7955.000 0.227
7960.000 0.225
7965.000 0.228
7970.000 0.228
7975.000 0.224
7980.000 0.219
7985.000 0.222
7990.000 0.227
7995.000 0.224
8000.000 0.216
8005.000 0.219
8010.000 0.221
8015.000 0.222
8020.000 0.212
8025.000 0.221
8030.000 0.222
8035.000 0.214
8040.000 0.216
8045.000 0.224
8050.000 0.224
8055.000 0.223
8060.000 0.221
8065.000 0.228
8070.000 0.225
8075.000 0.222
8080.000 0.221
8085.000 0.221
8090.000 0.219
8095.000 0.220
8100.000 0.217
8105.000 0.223
8110.000 0.229
8115.000 0.233
8120.000 0.229
8125.000 0.229
8130.000 0.227
8135.000 0.227
8140.000 0.225
8145.000 0.223
8150.000 0.223
8155.000 0.221
8160.000 0.221
8165.000 0.222
8170.000 0.219
8175.000 0.222
8180.000 0.222
8185.000 0.225
8190.000 0.228
8195.000 0.226
8200.000 0.227
8205.000 0.224
8210.000 0.223
8215.000 0.224
8220.000 0.226
8225.000 0.226
8230.000 0.226
8235.000 0.226
8240.000 0.222
8245.000 0.224
8250.000 0.223
8255.000 0.226
8260.000 0.224
8265.000 0.226
8270.000 0.224
8275.000 0.227
8280.000 0.227
8285.000 0.228
8290.000 0.227
8295.000 0.229
8300.000 0.236
8305.000 0.238
8310.000 0.236
8315.000 0.235
8320.000 0.234
8325.000 0.233
8330.000 0.233
8335.000 0.232
8340.000 0.234
8345.000 0.231
8350.000 0.232
8355.000 0.231
8360.000 0.231
8365.000 0.231
8370.000 0.235
8375.000 0.233
8380.000 0.242
8385.000 0.246
8390.000 0.240
8395.000 0.240
8400.000 0.241
8405.000 0.235
8410.000 0.233
8415.000 0.234
8420.000 0.231
8425.000 0.232
8430.000 0.234
8435.000 0.232
8440.000 0.232
8445.000 0.232
8450.000 0.234
8455.000 0.235
8460.000 0.237
8465.000 0.234
8470.000 0.233
8475.000 0.234
8480.000 0.236
8485.000 0.232
8490.000 0.234
8495.000 0.233
8500.000 0.236
8505.000 0.237
8510.000 0.240
8515.000 0.250
8520.000 0.248
8525.000 0.244
8530.000 0.248
8535.000 0.247
8540.000 0.243
8545.000 0.243
8550.000 0.240
8555.000 0.242
8560.000 0.241
8565.000 0.243
8570.000 0.241
8575.000 0.240
8580.000 0.243
8585.000 0.241
8590.000 0.243
8595.000 0.242
8600.000 0.243
8605.000 0.242
8610.000 0.242
8615.000 0.244
8620.000 0.246
8625.000 0.245
8630.000 0.243
8635.000 0.246
8640.000 0.246
8645.000 0.243
8650.000 0.244
8655.000 0.248
8660.000 0.245
8665.000 0.247
8670.000 0.249
8675.000 0.247
8680.000 0.246
8685.000 0.247
8690.000 0.247
8695.000 0.250
8700.000 0.249
8705.000 0.249
8710.000 0.250
8715.000 0.252
8720.000 0.252
8725.000 0.251
8730.000 0.255
8735.000 0.254
8740.000 0.251
8745.000 0.253
8750.000 0.254
8755.000 0.253
8760.000 0.255
8765.000 0.261
8770.000 0.261
8775.000 0.259
8780.000 0.260
8785.000 0.259
8790.000 0.257
8795.000 0.260
8800.000 0.260
8805.000 0.261
8810.000 0.260
8815.000 0.259
8820.000 0.257
8825.000 0.272
8830.000 0.266
8835.000 0.255
8840.000 0.273
8845.000 0.267
8850.000 0.265
8855.000 0.265
8860.000 0.269
8865.000 0.268
8870.000 0.269
8875.000 0.266
8880.000 0.268
8885.000 0.271
8890.000 0.268
8895.000 0.267
8900.000 0.272
8905.000 0.270
8910.000 0.266
8915.000 0.267
8920.000 0.265
8925.000 0.264
8930.000 0.262
8935.000 0.263
8940.000 0.260
8945.000 0.264
8950.000 0.260
8955.000 0.264
8960.000 0.267
8965.000 0.265
8970.000 0.266
8975.000 0.261
8980.000 0.269
8985.000 0.271
8990.000 0.275
8995.000 0.264
9000.000 0.273
9005.000 0.266
9010.000 0.266
9015.000 0.263
9020.000 0.266
9025.000 0.267
9030.000 0.274
9035.000 0.268
9040.000 0.275
9045.000 0.276
9050.000 0.268
9055.000 0.265
9060.000 0.263
9065.000 0.264
9070.000 0.259
9075.000 0.266
9080.000 0.268
9085.000 0.268
9090.000 0.267
9095.000 0.264
9100.000 0.270
9105.000 0.273
9110.000 0.272
9115.000 0.266
9120.000 0.267
9125.000 0.266
9130.000 0.265
9135.000 0.264
9140.000 0.267
9145.000 0.264
9150.000 0.264
9155.000 0.266
9160.000 0.262
9165.000 0.262
9170.000 0.262
9175.000 0.264
9180.000 0.263
9185.000 0.262
9190.000 0.267
9195.000 0.265
9200.000 0.264
9205.000 0.265
9210.000 0.274
9215.000 0.275
9220.000 0.272
9225.000 0.274
9230.000 0.274
9235.000 0.273
9240.000 0.271
9245.000 0.271
9250.000 0.270
9255.000 0.272
9260.000 0.270
9265.000 0.270
9270.000 0.269
9275.000 0.269
9280.000 0.272
9285.000 0.278
9290.000 0.278
9295.000 0.278
9300.000 0.277
9305.000 0.274
9310.000 0.268
9315.000 0.270
9320.000 0.268
9325.000 0.267
9330.000 0.265
9335.000 0.266
9340.000 0.267
9345.000 0.267
9350.000 0.266
9355.000 0.268
9360.000 0.267
9365.000 0.272
9370.000 0.269
9375.000 0.271
9380.000 0.269
9385.000 0.271
9390.000 0.270
9395.000 0.269
9400.000 0.265
9405.000 0.267
9410.000 0.267
9415.000 0.269
9420.000 0.271
9425.000 0.274
9430.000 0.276
9435.000 0.276
9440.000 0.274
9445.000 0.272
9450.000 0.269
9455.000 0.269
9460.000 0.268
9465.000 0.267
9470.000 0.272
9475.000 0.270
9480.000 0.271
9485.000 0.269
9490.000 0.270
9495.000 0.272
9500.000 0.268
9505.000 0.273
9510.000 0.276
9515.000 0.275
9520.000 0.275
9525.000 0.274
9530.000 0.271
9535.000 0.272
9540.000 0.275
9545.000 0.272
9550.000 0.275
9555.000 0.279
9560.000 0.277
9565.000 0.276
9570.000 0.276
9575.000 0.277
9580.000 0.275
9585.000 0.271
9590.000 0.275
9595.000 0.274
9600.000 0.270
9605.000 0.272
9610.000 0.278
9615.000 0.278
9620.000 0.277
9625.000 0.275
9630.000 0.273
9635.000 0.272
9640.000 0.275
9645.000 0.277
9650.000 0.272
9655.000 0.280
9660.000 0.277
9665.000 0.277
9670.000 0.274
9675.000 0.278
9680.000 0.276
9685.000 0.276
9690.000 0.275
9695.000 0.276
9700.000 0.276
9705.000 0.278
9710.000 0.279
9715.000 0.280
9720.000 0.279
9725.000 0.276
9730.000 0.272
9735.000 0.273
9740.000 0.274
9745.000 0.273
9750.000 0.271
9755.000 0.272
9760.000 0.277
9765.000 0.280
9770.000 0.277
9775.000 0.276
9780.000 0.276
9785.000 0.275
9790.000 0.277
9795.000 0.276
9800.000 0.276
9805.000 0.275
9810.000 0.281
9815.000 0.280
9820.000 0.286
9825.000 0.282
9830.000 0.279
9835.000 0.278
9840.000 0.279
9845.000 0.282
9850.000 0.279
9855.000 0.278
9860.000 0.277
9865.000 0.279
9870.000 0.280
9875.000 0.282
9880.000 0.288
9885.000 0.289
9890.000 0.290
9895.000 0.290
9900.000 0.293
9905.000 0.292
9910.000 0.300
9915.000 0.303
9920.000 0.308
9925.000 0.309
9930.000 0.312
9935.000 0.321
9940.000 0.327
9945.000 0.337
9950.000 0.351
9955.000 0.365
9960.000 0.387
9965.000 0.407
9970.000 0.438
9975.000 0.486
9980.000 0.501
9985.000 0.499
9990.000 0.475
9995.000 0.386
10000.000 0.289
10005.000 0.254
10010.000 0.208
10015.000 0.196
10020.000 0.187
10025.000 0.208
10030.000 0.233
10035.000 0.293
10040.000 0.351
10045.000 0.529
10050.000 0.810
10055.000 1.011
10060.000 1.470
10065.000 1.711
10070.000 2.189
10075.000 2.454
10080.000 2.502
10085.000 2.372
10090.000 2.273
10095.000 2.011
10100.000 1.758
10105.000 1.640
10110.000 1.436
10115.000 1.348
10120.000 1.193
10125.000 1.087
10130.000 1.043
10135.000 0.971
10140.000 0.938
10145.000 0.898
10150.000 0.883
10155.000 0.888
10160.000 0.915
10165.000 0.933
10170.000 0.983
10175.000 1.075
10180.000 1.135
10185.000 1.247
10190.000 1.321
10195.000 1.485
10200.000 1.667
10205.000 1.765
10210.000 1.778
10215.000 1.714
10220.000 1.494
10225.000 1.357
10230.000 1.096
10235.000 0.895
10240.000 0.811
10245.000 0.672
10250.000 0.619
10255.000 0.527
10260.000 0.459
10265.000 0.432
10270.000 0.392
10275.000 0.375
10280.000 0.346
10285.000 0.326
10290.000 0.319
10295.000 0.313
10300.000 0.311
10305.000 0.314
10310.000 0.324
10315.000 0.333
10320.000 0.349
10325.000 0.364
10330.000 0.399
10335.000 0.446
10340.000 0.479
10345.000 0.561
10350.000 0.612
10355.000 0.743
10360.000 0.943
10365.000 1.069
10370.000 1.417
10375.000 1.624
10380.000 2.137
10385.000 2.737
10390.000 3.087
10395.000 3.632
10400.000 3.893
10405.000 4.197
10410.000 4.229
10415.000 4.145
10420.000 3.832
10425.000 3.647
10430.000 3.251
10435.000 2.904
10440.000 2.749
10445.000 2.489
10450.000 2.387
10455.000 2.229
10460.000 2.121
10465.000 2.083
10470.000 2.024
10475.000 2.004
10480.000 1.947
10485.000 1.853
10490.000 1.775
10495.000 1.546
10500.000 1.391
10505.000 1.121
10510.000 0.869
10515.000 0.762
10520.000 0.590
10525.000 0.518
10530.000 0.403
10535.000 0.317
10540.000 0.281
10545.000 0.214
10550.000 0.190
10555.000 0.149
10560.000 0.119
10565.000 0.109
10570.000 0.092
10575.000 0.084
10580.000 0.077
10585.000 0.073
10590.000 0.074
10595.000 0.073
10600.000 0.073
10605.000 0.077
10610.000 0.081
10615.000 0.082
10620.000 0.086
10625.000 0.089
10630.000 0.094
10635.000 0.097
10640.000 0.099
10645.000 0.101
10650.000 0.102
10655.000 0.102
10660.000 0.103
10665.000 0.104
10670.000 0.100
10675.000 0.105
10680.000 0.101
10685.000 0.101
10690.000 0.100
10695.000 0.098
10700.000 0.098
10705.000 0.094
10710.000 0.092
10715.000 0.089
10720.000 0.087
10725.000 0.089
10730.000 0.088
10735.000 0.093
10740.000 0.101
10745.000 0.121
10750.000 0.134
10755.000 0.180
10760.000 0.262
10765.000 0.323
10770.000 0.505
10775.000 0.620
10780.000 0.826
10785.000 0.942
10790.000 0.968
10795.000 0.943
10800.000 0.912
10805.000 0.854
10810.000 0.816
10815.000 0.740
10820.000 0.672
10825.000 0.637
10830.000 0.589
10835.000 0.565
10840.000 0.525
10845.000 0.493
10850.000 0.478
10855.000 0.451
10860.000 0.446
10865.000 0.430
10870.000 0.427
10875.000 0.426
10880.000 0.425
10885.000 0.428
10890.000 0.432
10895.000 0.437
10900.000 0.439
10905.000 0.446
10910.000 0.447
10915.000 0.443
10920.000 0.434
10925.000 0.420
10930.000 0.393
10935.000 0.371
10940.000 0.316
10945.000 0.260
10950.000 0.236
10955.000 0.191
10960.000 0.178
10965.000 0.159
10970.000 0.147
10975.000 0.148
10980.000 0.147
10985.000 0.147
10990.000 0.152
10995.000 0.158
11000.000 0.156
11005.000 0.170
11010.000 0.170
11015.000 0.175
11020.000 0.175
11025.000 0.184
11030.000 0.203
11035.000 0.209
11040.000 0.232
11045.000 0.263
11050.000 0.275
11055.000 0.292
11060.000 0.295
11065.000 0.295
11070.000 0.286
11075.000 0.275
11080.000 0.275
11085.000 0.273
11090.000 0.269
11095.000 0.268
11100.000 0.270
11105.000 0.268
11110.000 0.267
11115.000 0.266
11120.000 0.261
11125.000 0.260
11130.000 0.263
11135.000 0.261
11140.000 0.258
11145.000 0.260
11150.000 0.256
11155.000 0.259
11160.000 0.257
11165.000 0.253
11170.000 0.256
11175.000 0.257
11180.000 0.256
11185.000 0.254
11190.000 0.253
11195.000 0.254
11200.000 0.252
11205.000 0.254
11210.000 0.256
11215.000 0.255
11220.000 0.260
11225.000 0.259
11230.000 0.259
11235.000 0.259
11240.000 0.259
11245.000 0.260
11250.000 0.254
11255.000 0.257
11260.000 0.257
11265.000 0.253
11270.000 0.258
11275.000 0.256
11280.000 0.256
11285.000 0.254
11290.000 0.257
11295.000 0.255
11300.000 0.254
11305.000 0.253
11310.000 0.254
11315.000 0.261
11320.000 0.255
11325.000 0.252
11330.000 0.257
11335.000 0.256
11340.000 0.250
11345.000 0.253
11350.000 0.250
11355.000 0.243
11360.000 0.251
11365.000 0.251
11370.000 0.251
11375.000 0.251
11380.000 0.249
11385.000 0.251
11390.000 0.251
11395.000 0.249
11400.000 0.252
11405.000 0.253
11410.000 0.251
11415.000 0.251
11420.000 0.250
11425.000 0.251
11430.000 0.253
11435.000 0.250
11440.000 0.250
11445.000 0.252
11450.000 0.251
11455.000 0.249
11460.000 0.251
11465.000 0.257
11470.000 0.253
11475.000 0.254
11480.000 0.253
11485.000 0.252
11490.000 0.256
11495.000 0.256
11500.000 0.253
11505.000 0.252
11510.000 0.249
11515.000 0.250
11520.000 0.251
11525.000 0.251
11530.000 0.254
11535.000 0.254
11540.000 0.247
11545.000 0.248
11550.000 0.253
11555.000 0.250
11560.000 0.252
11565.000 0.250
11570.000 0.251
11575.000 0.249
11580.000 0.249
11585.000 0.249
11590.000 0.251
11595.000 0.249
11600.000 0.250
11605.000 0.251
11610.000 0.249
11615.000 0.249
11620.000 0.253
11625.000 0.250
11630.000 0.248
11635.000 0.250
11640.000 0.248
11645.000 0.250
11650.000 0.249
11655.000 0.251
11660.000 0.250
11665.000 0.251
11670.000 0.250
11675.000 0.247
11680.000 0.245
11685.000 0.246
11690.000 0.243
11695.000 0.248
11700.000 0.248
11705.000 0.246
11710.000 0.246
11715.000 0.248
11720.000 0.248
11725.000 0.247
11730.000 0.247
11735.000 0.247
11740.000 0.250
11745.000 0.248
11750.000 0.247
11755.000 0.248
11760.000 0.247
11765.000 0.247
11770.000 0.250
11775.000 0.251
11780.000 0.249
11785.000 0.249
11790.000 0.248
11795.000 0.245
11800.000 0.245
11805.000 0.248
11810.000 0.243
11815.000 0.246
11820.000 0.245
11825.000 0.248
11830.000 0.246
11835.000 0.247
11840.000 0.245
11845.000 0.242
11850.000 0.244
11855.000 0.246
11860.000 0.247
11865.000 0.242
11870.000 0.246
11875.000 0.245
11880.000 0.245
11885.000 0.244
11890.000 0.246
11895.000 0.246
11900.000 0.242
11905.000 0.245
11910.000 0.244
11915.000 0.241
11920.000 0.242
11925.000 0.241
11930.000 0.241
11935.000 0.244
11940.000 0.246
11945.000 0.243
11950.000 0.245
11955.000 0.243
11960.000 0.246
11965.000 0.244
11970.000 0.244
11975.000 0.245
11980.000 0.246
11985.000 0.244
11990.000 0.243
11995.000 0.242
12000.000 0.241
