1801.000 0.003
1802.000 0.007
1803.000 2.689
1804.000 2.705
1805.000 2.711
1806.000 2.713
1807.000 2.703
1808.000 2.691
1809.000 2.691
1810.000 2.704
1811.000 2.704
1812.000 2.722
1813.000 2.744
1814.000 2.767
1815.000 2.788
1816.000 2.824
1817.000 2.821
1818.000 2.820
1819.000 2.824
1820.000 2.835
1821.000 2.829
1822.000 2.828
1823.000 2.842
1824.000 2.858
1825.000 2.853
1826.000 2.865
1827.000 2.866
1828.000 2.885
1829.000 2.879
1830.000 2.884
1831.000 2.894
1832.000 2.893
1833.000 2.890
1834.000 2.877
1835.000 2.882
1836.000 2.866
1837.000 2.865
1838.000 2.828
1839.000 2.812
1840.000 2.843
1841.000 2.866
1842.000 2.827
1843.000 2.782
1844.000 2.787
1845.000 2.723
1846.000 2.625
1847.000 2.592
1848.000 2.541
1849.000 2.519
1850.000 2.459
1851.000 2.409
1852.000 2.378
1853.000 2.335
1854.000 2.320
1855.000 2.371
1856.000 2.370
1857.000 2.380
1858.000 2.380
1859.000 2.362
1860.000 2.359
1861.000 2.348
1862.000 2.329
1863.000 2.310
1864.000 2.314
1865.000 2.290
1866.000 2.274
1867.000 2.255
1868.000 2.261
1869.000 2.402
1870.000 2.342
1871.000 2.219
1872.000 2.152
1873.000 2.147
1874.000 2.101
1875.000 1.985
1876.000 1.872
1877.000 1.803
1878.000 1.701
1879.000 1.656
1880.000 1.570
1881.000 1.505
1882.000 1.471
1883.000 1.435
1884.000 1.427
1885.000 1.425
1886.000 1.429
1887.000 1.433
1888.000 1.438
1889.000 1.444
1890.000 1.439
1891.000 1.449
1892.000 1.448
1893.000 1.455
1894.000 1.456
1895.000 1.472
1896.000 1.483
1897.000 1.504
1898.000 1.495
1899.000 1.535
1900.000 1.561
1901.000 1.539
1902.000 1.528
1903.000 1.538
1904.000 1.529
1905.000 1.526
1906.000 1.548
1907.000 1.562
1908.000 1.541
1909.000 1.536
1910.000 1.533
1911.000 1.576
1912.000 1.587
1913.000 1.563
1914.000 1.553
1915.000 1.566
1916.000 1.559
1917.000 1.554
1918.000 1.565
1919.000 1.576
1920.000 1.587
1921.000 1.693
1922.000 1.687
1923.000 1.667
1924.000 1.648
1925.000 1.620
1926.000 1.616
1927.000 1.642
1928.000 1.624
1929.000 1.625
1930.000 1.655
1931.000 1.669
1932.000 1.653
1933.000 1.629
1934.000 1.624
1935.000 1.621
1936.000 1.622
1937.000 1.625
1938.000 1.631
1939.000 1.631
1940.000 1.635
1941.000 1.721
1942.000 1.731
1943.000 1.699
1944.000 1.697
1945.000 1.717
1946.000 1.688
1947.000 1.688
1948.000 1.843
1949.000 1.846
1950.000 1.795
1951.000 1.800
1952.000 1.807
1953.000 1.835
1954.000 1.840
1955.000 1.799
1956.000 1.782
1957.000 1.767
1958.000 1.770
1959.000 1.749
1960.000 1.751
1961.000 1.737
1962.000 1.762
1963.000 1.750
1964.000 1.752
1965.000 1.867
1966.000 1.867
1967.000 1.827
1968.000 1.813
1969.000 1.809
1970.000 1.824
1971.000 1.888
1972.000 1.887
1973.000 1.869
1974.000 1.867
1975.000 1.869
1976.000 1.859
1977.000 1.862
1978.000 1.896
1979.000 1.900
1980.000 1.914
1981.000 1.895
1982.000 1.907
1983.000 1.912
1984.000 1.910
1985.000 1.917
1986.000 1.917
1987.000 1.927
1988.000 1.947
1989.000 1.947
1990.000 1.969
1991.000 1.993
1992.000 2.075
1993.000 2.120
1994.000 2.096
1995.000 2.089
1996.000 2.096
1997.000 2.070
1998.000 2.097
1999.000 2.131
2000.000 2.122
2001.000 2.130
2002.000 2.139
2003.000 2.288
2004.000 2.323
2005.000 2.285
2006.000 2.281
2007.000 2.258
2008.000 2.252
2009.000 2.254
2010.000 2.243
2011.000 2.274
2012.000 2.306
2013.000 2.318
2014.000 2.317
2015.000 2.338
2016.000 2.357
2017.000 2.368
2018.000 2.402
2019.000 2.418
2020.000 2.432
2021.000 2.462
2022.000 2.481
2023.000 2.507
2024.000 2.546
2025.000 2.548
2026.000 2.566
2027.000 2.594
2028.000 2.632
2029.000 2.662
2030.000 2.693
2031.000 2.713
2032.000 2.736
2033.000 2.783
2034.000 2.881
2035.000 2.890
2036.000 2.924
2037.000 3.213
2038.000 3.280
2039.000 3.320
2040.000 3.196
2041.000 3.197
2042.000 3.203
2043.000 3.277
2044.000 3.270
2045.000 3.329
2046.000 3.381
2047.000 3.434
2048.000 3.534
2049.000 3.557
2050.000 3.570
2051.000 3.714
2052.000 3.769
2053.000 3.905
2054.000 3.904
2055.000 3.963
2056.000 4.070
2057.000 4.159
2058.000 4.231
2059.000 4.286
2060.000 4.491
2061.000 4.606
2062.000 4.680
2063.000 4.799
2064.000 4.860
2065.000 5.084
2066.000 5.142
2067.000 5.237
2068.000 5.478
2069.000 5.682
2070.000 6.077
2071.000 5.970
2072.000 6.276
2073.000 6.945
2074.000 6.858
2075.000 7.115
2076.000 7.265
2077.000 7.769
2078.000 7.890
2079.000 8.266
2080.000 8.709
2081.000 8.913
2082.000 9.636
2083.000 9.823
2084.000 10.394
2085.000 11.191
2086.000 11.570
2087.000 12.455
2088.000 12.828
2089.000 13.598
2090.000 14.352
2091.000 14.688
2092.000 15.260
2093.000 15.408
2094.000 15.588
2095.000 15.704
2096.000 15.639
2097.000 15.283
2098.000 14.999
2099.000 14.216
2100.000 13.351
2101.000 12.853
2102.000 11.923
2103.000 11.476
2104.000 10.687
2105.000 9.918
2106.000 9.559
2107.000 8.940
2108.000 8.643
2109.000 8.247
2110.000 7.815
2111.000 7.571
2112.000 7.148
2113.000 6.885
2114.000 6.572
2115.000 6.220
2116.000 6.058
2117.000 5.759
2118.000 5.636
2119.000 5.443
2120.000 5.167
2121.000 5.048
2122.000 4.844
2123.000 4.792
2124.000 4.607
2125.000 4.406
2126.000 4.323
2127.000 4.179
2128.000 4.115
2129.000 3.973
2130.000 3.828
2131.000 3.781
2132.000 3.657
2133.000 3.603
2134.000 3.485
2135.000 3.385
2136.000 3.334
2137.000 3.259
2138.000 3.232
2139.000 3.153
2140.000 3.076
2141.000 3.028
2142.000 2.955
2143.000 2.920
2144.000 2.861
2145.000 2.798
2146.000 2.768
2147.000 2.701
2148.000 2.674
2149.000 2.612
2150.000 2.560
2151.000 2.546
2152.000 2.600
2153.000 2.578
2154.000 2.495
2155.000 2.442
2156.000 2.422
2157.000 2.403
2158.000 2.352
2159.000 2.300
2160.000 2.265
2161.000 2.219
2162.000 2.142
2163.000 2.115
2164.000 2.057
2165.000 2.014
2166.000 1.987
2167.000 1.956
2168.000 1.944
2169.000 2.044
2170.000 1.984
2171.000 1.951
2172.000 1.905
2173.000 1.927
2174.000 1.915
2175.000 1.890
2176.000 1.884
2177.000 1.847
2178.000 1.832
2179.000 1.796
2180.000 1.775
2181.000 1.780
2182.000 1.793
2183.000 1.792
2184.000 1.768
2185.000 1.776
2186.000 1.787
2187.000 1.790
2188.000 1.803
2189.000 1.785
2190.000 1.765
2191.000 1.756
2192.000 1.739
2193.000 1.733
2194.000 1.738
2195.000 1.736
2196.000 1.752
2197.000 1.762
2198.000 1.770
2199.000 1.766
2200.000 1.771
2201.000 1.786
2202.000 1.798
2203.000 1.805
2204.000 1.818
2205.000 1.827
2206.000 1.843
2207.000 1.859
2208.000 1.862
2209.000 1.873
2210.000 1.876
2211.000 1.889
2212.000 1.909
2213.000 1.913
2214.000 1.932
2215.000 1.940
2216.000 1.964
2217.000 1.985
2218.000 1.998
2219.000 2.029
2220.000 2.038
2221.000 2.078
2222.000 2.104
2223.000 2.123
2224.000 2.152
2225.000 2.167
2226.000 2.196
2227.000 2.236
2228.000 2.282
2229.000 2.389
2230.000 2.397
2231.000 2.411
2232.000 2.468
2233.000 2.495
2234.000 2.547
2235.000 2.576
2236.000 2.636
2237.000 2.704
2238.000 2.769
2239.000 2.843
2240.000 2.896
2241.000 2.970
2242.000 3.090
2243.000 3.176
2244.000 3.269
2245.000 3.329
2246.000 3.462
2247.000 3.603
2248.000 3.694
2249.000 3.885
2250.000 3.966
2251.000 4.174
2252.000 4.416
2253.000 4.642
2254.000 5.113
2255.000 5.353
2256.000 5.654
2257.000 6.118
2258.000 6.365
2259.000 6.869
2260.000 7.132
2261.000 7.750
2262.000 8.443
2263.000 8.792
2264.000 9.452
2265.000 9.712
2266.000 10.003
2267.000 9.851
2268.000 9.746
2269.000 9.183
2270.000 8.887
2271.000 8.188
2272.000 7.442
2273.000 7.083
2274.000 6.462
2275.000 6.086
2276.000 5.523
2277.000 5.061
2278.000 4.818
2279.000 4.448
2280.000 4.282
2281.000 3.941
2282.000 3.649
2283.000 3.523
2284.000 3.304
2285.000 3.188
2286.000 2.981
2287.000 2.817
2288.000 2.751
2289.000 2.574
2290.000 2.512
2291.000 2.469
2292.000 2.331
2293.000 2.270
2294.000 2.182
2295.000 2.140
2296.000 2.034
2297.000 1.947
2298.000 1.897
2299.000 1.810
2300.000 1.763
2301.000 1.744
2302.000 1.669
2303.000 1.625
2304.000 1.556
2305.000 1.521
2306.000 1.448
2307.000 1.385
2308.000 1.336
2309.000 1.287
2310.000 1.251
2311.000 1.191
2312.000 1.137
2313.000 1.128
2314.000 1.117
2315.000 1.094
2316.000 1.054
2317.000 1.036
2318.000 0.997
2319.000 0.962
2320.000 0.944
2321.000 0.918
2322.000 0.905
2323.000 0.872
2324.000 0.843
2325.000 0.829
2326.000 0.830
2327.000 0.819
2328.000 0.796
2329.000 0.774
2330.000 0.777
2331.000 0.790
2332.000 0.786
2333.000 0.756
2334.000 0.734
2335.000 0.722
2336.000 0.703
2337.000 0.695
2338.000 0.686
2339.000 0.668
2340.000 0.662
2341.000 0.643
2342.000 0.637
2343.000 0.631
2344.000 0.624
2345.000 0.616
2346.000 0.611
2347.000 0.620
2348.000 0.611
2349.000 0.607
2350.000 0.599
2351.000 0.586
2352.000 0.577
2353.000 0.570
2354.000 0.561
2355.000 0.557
2356.000 0.548
2357.000 0.543
2358.000 0.539
2359.000 0.531
2360.000 0.528
2361.000 0.524
2362.000 0.520
2363.000 0.515
2364.000 0.506
2365.000 0.503
2366.000 0.494
2367.000 0.492
2368.000 0.487
2369.000 0.491
2370.000 0.494
2371.000 0.486
2372.000 0.482
2373.000 0.477
2374.000 0.473
2375.000 0.493
2376.000 0.520
2377.000 0.513
2378.000 0.500
2379.000 0.494
2380.000 0.488
2381.000 0.477
2382.000 0.474
2383.000 0.477
2384.000 0.476
2385.000 0.468
2386.000 0.460
2387.000 0.458
2388.000 0.453
2389.000 0.448
2390.000 0.445
2391.000 0.439
2392.000 0.438
2393.000 0.430
2394.000 0.430
2395.000 0.427
2396.000 0.421
2397.000 0.422
2398.000 0.419
2399.000 0.422
2400.000 0.420
2401.000 0.476
2402.000 0.477
2403.000 0.465
2404.000 0.455
2405.000 0.442
2406.000 0.433
2407.000 0.436
2408.000 0.435
2409.000 0.429
2410.000 0.422
2411.000 0.415
2412.000 0.418
2413.000 0.430
2414.000 0.424
2415.000 0.418
2416.000 0.409
2417.000 0.407
2418.000 0.402
2419.000 0.399
2420.000 0.416
2421.000 0.425
2422.000 0.420
2423.000 0.416
2424.000 0.421
2425.000 0.415
2426.000 0.415
2427.000 0.409
2428.000 0.417
2429.000 0.413
2430.000 0.404
2431.000 0.410
2432.000 0.406
2433.000 0.402
2434.000 0.397
2435.000 0.396
2436.000 0.416
2437.000 0.417
2438.000 0.408
2439.000 0.404
2440.000 0.399
2441.000 0.418
2442.000 0.411
2443.000 0.412
2444.000 0.420
2445.000 0.414
2446.000 0.406
2447.000 0.402
2448.000 0.415
2449.000 0.411
2450.000 0.401
2451.000 0.396
2452.000 0.393
2453.000 0.390
2454.000 0.389
2455.000 0.387
2456.000 0.380
2457.000 0.378
2458.000 0.377
2459.000 0.380
2460.000 0.395
2461.000 0.439
2462.000 0.440
2463.000 0.426
2464.000 0.418
2465.000 0.407
2466.000 0.399
2467.000 0.393
2468.000 0.422
2469.000 0.433
2470.000 0.425
2471.000 0.414
2472.000 0.407
2473.000 0.401
2474.000 0.397
2475.000 0.410
2476.000 0.441
2477.000 0.433
2478.000 0.416
2479.000 0.409
2480.000 0.397
2481.000 0.391
2482.000 0.391
2483.000 0.421
2484.000 0.417
2485.000 0.408
2486.000 0.401
2487.000 0.420
2488.000 0.434
2489.000 0.424
2490.000 0.431
2491.000 0.421
2492.000 0.413
2493.000 0.405
2494.000 0.402
2495.000 0.426
2496.000 0.431
2497.000 0.416
2498.000 0.425
2499.000 0.437
2500.000 0.463
2501.000 0.465
2502.000 0.451
2503.000 0.430
2504.000 0.422
2505.000 0.413
2506.000 0.407
2507.000 0.402
2508.000 0.398
2509.000 0.398
2510.000 0.396
2511.000 0.396
2512.000 0.421
2513.000 0.443
2514.000 0.437
2515.000 0.427
2516.000 0.425
2517.000 0.433
2518.000 0.441
2519.000 0.443
2520.000 0.435
2521.000 0.430
2522.000 0.423
2523.000 0.443
2524.000 0.461
2525.000 0.450
2526.000 0.444
2527.000 0.434
2528.000 0.427
2529.000 0.423
2530.000 0.466
2531.000 0.471
2532.000 0.467
2533.000 0.452
2534.000 0.450
2535.000 0.439
2536.000 0.441
2537.000 0.437
2538.000 0.441
2539.000 0.466
2540.000 0.461
2541.000 0.457
2542.000 0.490
2543.000 0.475
2544.000 0.463
2545.000 0.454
2546.000 0.451
2547.000 0.455
2548.000 0.456
2549.000 0.487
2550.000 0.480
2551.000 0.471
2552.000 0.483
2553.000 0.486
2554.000 0.477
2555.000 0.469
2556.000 0.464
2557.000 0.466
2558.000 0.462
2559.000 0.463
2560.000 0.458
2561.000 0.459
2562.000 0.455
2563.000 0.456
2564.000 0.454
2565.000 0.491
2566.000 0.494
2567.000 0.493
2568.000 0.479
2569.000 0.482
2570.000 0.473
2571.000 0.473
2572.000 0.472
2573.000 0.462
2574.000 0.459
2575.000 0.468
2576.000 0.494
2577.000 0.499
2578.000 0.494
2579.000 0.489
2580.000 0.478
2581.000 0.474
2582.000 0.470
2583.000 0.467
2584.000 0.462
2585.000 0.467
2586.000 0.466
2587.000 0.462
2588.000 0.490
2589.000 0.490
2590.000 0.479
2591.000 0.475
2592.000 0.470
2593.000 0.468
2594.000 0.465
2595.000 0.461
2596.000 0.459
2597.000 0.459
2598.000 0.458
2599.000 0.460
2600.000 0.456
