1801.000 0.006
1802.000 3.519
1803.000 4.147
1804.000 4.203
1805.000 4.242
1806.000 4.248
1807.000 4.236
1808.000 4.280
1809.000 4.301
1810.000 4.315
1811.000 4.299
1812.000 4.298
1813.000 4.295
1814.000 4.302
1815.000 4.303
1816.000 4.299
1817.000 4.305
1818.000 4.314
1819.000 4.306
1820.000 4.374
1821.000 4.402
1822.000 4.421
1823.000 4.418
1824.000 4.426
1825.000 4.439
1826.000 4.443
1827.000 4.533
1828.000 4.533
1829.000 4.530
1830.000 4.531
1831.000 4.573
1832.000 4.594
1833.000 4.603
1834.000 4.600
1835.000 4.582
1836.000 4.572
1837.000 4.562
1838.000 4.550
1839.000 4.538
1840.000 4.511
1841.000 4.498
1842.000 4.452
1843.000 4.429
1844.000 4.462
1845.000 4.486
1846.000 4.444
1847.000 4.342
1848.000 4.346
1849.000 4.325
1850.000 4.227
1851.000 4.178
1852.000 4.134
1853.000 4.008
1854.000 3.951
1855.000 3.906
1856.000 3.886
1857.000 3.813
1858.000 3.791
1859.000 3.747
1860.000 3.681
1861.000 3.662
1862.000 3.626
1863.000 3.614
1864.000 3.614
1865.000 3.720
1866.000 3.717
1867.000 3.708
1868.000 3.718
1869.000 3.785
1870.000 3.743
1871.000 3.714
1872.000 3.739
1873.000 3.710
1874.000 3.658
1875.000 3.629
1876.000 3.612
1877.000 3.549
1878.000 3.511
1879.000 3.424
1880.000 3.324
1881.000 3.281
1882.000 3.156
1883.000 3.097
1884.000 2.959
1885.000 2.832
1886.000 2.764
1887.000 2.636
1888.000 2.576
1889.000 2.473
1890.000 2.368
1891.000 2.321
1892.000 2.332
1893.000 2.324
1894.000 2.325
1895.000 2.330
1896.000 2.324
1897.000 2.331
1898.000 2.343
1899.000 2.345
1900.000 2.333
1901.000 2.330
1902.000 2.331
1903.000 2.322
1904.000 2.333
1905.000 2.356
1906.000 2.368
1907.000 2.380
1908.000 2.384
1909.000 2.378
1910.000 2.366
1911.000 2.368
1912.000 2.362
1913.000 2.352
1914.000 2.355
1915.000 2.347
1916.000 2.356
1917.000 2.359
1918.000 2.359
1919.000 2.353
1920.000 2.360
1921.000 2.378
1922.000 2.380
1923.000 2.391
1924.000 2.399
1925.000 2.429
1926.000 2.431
1927.000 2.426
1928.000 2.423
1929.000 2.426
1930.000 2.421
1931.000 2.433
1932.000 2.441
1933.000 2.467
1934.000 2.487
1935.000 2.487
1936.000 2.480
1937.000 2.497
1938.000 2.496
1939.000 2.519
1940.000 2.523
1941.000 2.518
1942.000 2.544
1943.000 2.544
1944.000 2.538
1945.000 2.541
1946.000 2.534
1947.000 2.569
1948.000 2.561
1949.000 2.562
1950.000 2.557
1951.000 2.569
1952.000 2.571
1953.000 2.556
1954.000 2.553
1955.000 2.610
1956.000 2.632
1957.000 2.620
1958.000 2.623
1959.000 2.676
1960.000 2.642
1961.000 2.637
1962.000 2.632
1963.000 2.645
1964.000 2.664
1965.000 2.671
1966.000 2.664
1967.000 2.687
1968.000 2.698
1969.000 2.705
1970.000 2.705
1971.000 2.712
1972.000 2.741
1973.000 2.721
1974.000 2.702
1975.000 2.694
1976.000 2.778
1977.000 2.765
1978.000 2.755
1979.000 2.778
1980.000 2.775
1981.000 2.771
1982.000 2.764
1983.000 2.769
1984.000 2.767
1985.000 2.761
1986.000 2.783
1987.000 2.801
1988.000 2.835
1989.000 2.836
1990.000 2.839
1991.000 2.857
1992.000 2.866
1993.000 2.877
1994.000 2.862
1995.000 2.873
1996.000 2.918
1997.000 2.908
1998.000 2.921
1999.000 2.951
2000.000 2.955
2001.000 2.964
2002.000 2.981
2003.000 2.985
2004.000 2.990
2005.000 2.998
2006.000 3.002
2007.000 3.023
2008.000 3.053
2009.000 3.056
2010.000 3.064
2011.000 3.103
2012.000 3.124
2013.000 3.190
2014.000 3.186
2015.000 3.206
2016.000 3.219
2017.000 3.238
2018.000 3.235
2019.000 3.283
2020.000 3.316
2021.000 3.361
2022.000 3.391
2023.000 3.423
2024.000 3.439
2025.000 3.463
2026.000 3.465
2027.000 3.500
2028.000 3.516
2029.000 3.527
2030.000 3.549
2031.000 3.580
2032.000 3.651
2033.000 3.695
2034.000 3.720
2035.000 3.738
2036.000 3.799
2037.000 3.824
2038.000 3.845
2039.000 3.888
2040.000 3.917
2041.000 3.952
2042.000 4.009
2043.000 4.036
2044.000 4.092
2045.000 4.150
2046.000 4.248
2047.000 4.309
2048.000 4.351
2049.000 4.412
2050.000 4.436
2051.000 4.502
2052.000 4.570
2053.000 4.642
2054.000 4.784
2055.000 4.833
2056.000 4.948
2057.000 5.043
2058.000 5.092
2059.000 5.228
2060.000 5.284
2061.000 5.416
2062.000 5.573
2063.000 5.610
2064.000 5.743
2065.000 5.804
2066.000 6.026
2067.000 6.182
2068.000 6.263
2069.000 6.511
2070.000 6.624
2071.000 6.824
2072.000 7.096
2073.000 7.198
2074.000 7.460
2075.000 7.617
2076.000 7.970
2077.000 8.305
2078.000 8.463
2079.000 8.855
2080.000 9.061
2081.000 9.503
2082.000 10.123
2083.000 10.366
2084.000 11.040
2085.000 11.341
2086.000 11.908
2087.000 12.533
2088.000 12.868
2089.000 13.560
2090.000 13.883
2091.000 14.555
2092.000 14.795
2093.000 15.206
2094.000 15.403
2095.000 15.391
2096.000 15.109
2097.000 14.843
2098.000 14.164
2099.000 13.314
2100.000 12.828
2101.000 11.803
2102.000 11.279
2103.000 10.349
2104.000 9.530
2105.000 9.124
2106.000 8.393
2107.000 8.068
2108.000 7.573
2109.000 7.058
2110.000 6.788
2111.000 6.358
2112.000 6.138
2113.000 5.692
2114.000 5.343
2115.000 5.178
2116.000 4.853
2117.000 4.687
2118.000 4.391
2119.000 4.158
2120.000 4.025
2121.000 3.786
2122.000 3.676
2123.000 3.515
2124.000 3.313
2125.000 3.225
2126.000 3.090
2127.000 2.972
2128.000 2.817
2129.000 2.636
2130.000 2.544
2131.000 2.365
2132.000 2.273
2133.000 2.091
2134.000 1.942
2135.000 1.874
2136.000 1.754
2137.000 1.689
2138.000 1.566
2139.000 1.460
2140.000 1.409
2141.000 1.321
2142.000 1.280
2143.000 1.204
2144.000 1.143
2145.000 1.120
2146.000 1.078
2147.000 1.044
2148.000 0.980
2149.000 0.915
2150.000 0.887
2151.000 0.827
2152.000 0.801
2153.000 0.753
2154.000 0.710
2155.000 0.689
2156.000 0.653
2157.000 0.633
2158.000 0.599
2159.000 0.561
2160.000 0.545
2161.000 0.508
2162.000 0.491
2163.000 0.458
2164.000 0.429
2165.000 0.415
2166.000 0.385
2167.000 0.370
2168.000 0.344
2169.000 0.318
2170.000 0.304
2171.000 0.279
2172.000 0.267
2173.000 0.244
2174.000 0.224
2175.000 0.211
2176.000 0.189
2177.000 0.181
2178.000 0.164
2179.000 0.146
2180.000 0.137
2181.000 0.121
2182.000 0.117
2183.000 0.104
2184.000 0.096
2185.000 0.092
2186.000 0.091
2187.000 0.091
2188.000 0.098
2189.000 0.110
2190.000 0.116
2191.000 0.130
2192.000 0.139
2193.000 0.156
2194.000 0.171
2195.000 0.180
2196.000 0.200
2197.000 0.209
2198.000 0.225
2199.000 0.248
2200.000 0.257
2201.000 0.278
2202.000 0.287
2203.000 0.309
2204.000 0.328
2205.000 0.343
2206.000 0.366
2207.000 0.379
2208.000 0.408
2209.000 0.435
2210.000 0.446
2211.000 0.474
2212.000 0.490
2213.000 0.520
2214.000 0.532
2215.000 0.559
2216.000 0.590
2217.000 0.606
2218.000 0.636
2219.000 0.652
2220.000 0.687
2221.000 0.723
2222.000 0.742
2223.000 0.784
2224.000 0.807
2225.000 0.854
2226.000 0.907
2227.000 0.935
2228.000 1.011
2229.000 1.047
2230.000 1.122
2231.000 1.197
2232.000 1.242
2233.000 1.336
2234.000 1.394
2235.000 1.518
2236.000 1.610
2237.000 1.656
2238.000 1.752
2239.000 1.802
2240.000 1.905
2241.000 2.014
2242.000 2.072
2243.000 2.198
2244.000 2.278
2245.000 2.407
2246.000 2.543
2247.000 2.625
2248.000 2.787
2249.000 2.876
2250.000 3.062
2251.000 3.283
2252.000 3.411
2253.000 3.705
2254.000 3.852
2255.000 4.295
2256.000 4.729
2257.000 4.954
2258.000 5.482
2259.000 5.799
2260.000 6.492
2261.000 7.261
2262.000 7.718
2263.000 8.626
2264.000 9.045
2265.000 9.766
2266.000 10.206
2267.000 10.204
2268.000 9.723
2269.000 9.325
2270.000 8.294
2271.000 7.347
2272.000 6.948
2273.000 6.289
2274.000 6.007
2275.000 5.490
2276.000 5.015
2277.000 4.803
2278.000 4.430
2279.000 4.281
2280.000 3.940
2281.000 3.652
2282.000 3.516
2283.000 3.283
2284.000 3.207
2285.000 3.021
2286.000 2.864
2287.000 2.791
2288.000 2.666
2289.000 2.576
2290.000 2.441
2291.000 2.311
2292.000 2.247
2293.000 2.147
2294.000 2.100
2295.000 2.027
2296.000 1.973
2297.000 1.923
2298.000 1.831
2299.000 1.786
2300.000 1.741
2301.000 1.672
2302.000 1.696
2303.000 1.648
2304.000 1.608
2305.000 1.525
2306.000 1.456
2307.000 1.424
2308.000 1.367
2309.000 1.347
2310.000 1.295
2311.000 1.250
2312.000 1.215
2313.000 1.161
2314.000 1.138
2315.000 1.090
2316.000 1.036
2317.000 1.023
2318.000 0.980
2319.000 0.961
2320.000 0.923
2321.000 0.892
2322.000 0.874
2323.000 0.846
2324.000 0.831
2325.000 0.827
2326.000 0.804
2327.000 0.790
2328.000 0.758
2329.000 0.748
2330.000 0.745
2331.000 0.729
2332.000 0.703
2333.000 0.675
2334.000 0.663
2335.000 0.641
2336.000 0.633
2337.000 0.612
2338.000 0.615
2339.000 0.617
2340.000 0.599
2341.000 0.587
2342.000 0.568
2343.000 0.567
2344.000 0.576
2345.000 0.547
2346.000 0.538
2347.000 0.524
2348.000 0.517
2349.000 0.510
2350.000 0.499
2351.000 0.491
2352.000 0.472
2353.000 0.454
2354.000 0.450
2355.000 0.438
2356.000 0.433
2357.000 0.422
2358.000 0.411
2359.000 0.409
2360.000 0.401
2361.000 0.401
2362.000 0.395
2363.000 0.389
2364.000 0.388
2365.000 0.380
2366.000 0.374
2367.000 0.364
2368.000 0.355
2369.000 0.352
2370.000 0.340
2371.000 0.336
2372.000 0.329
2373.000 0.325
2374.000 0.320
2375.000 0.309
2376.000 0.307
2377.000 0.301
2378.000 0.332
2379.000 0.330
2380.000 0.317
2381.000 0.312
2382.000 0.301
2383.000 0.292
2384.000 0.286
2385.000 0.280
2386.000 0.277
2387.000 0.273
2388.000 0.263
2389.000 0.259
2390.000 0.258
2391.000 0.258
2392.000 0.253
2393.000 0.250
2394.000 0.245
2395.000 0.240
2396.000 0.235
2397.000 0.244
2398.000 0.241
2399.000 0.232
2400.000 0.226
2401.000 0.221
2402.000 0.215
2403.000 0.213
2404.000 0.207
2405.000 0.202
2406.000 0.200
2407.000 0.193
2408.000 0.194
2409.000 0.187
2410.000 0.183
2411.000 0.181
2412.000 0.179
2413.000 0.176
2414.000 0.174
2415.000 0.170
2416.000 0.168
2417.000 0.164
2418.000 0.163
2419.000 0.159
2420.000 0.156
2421.000 0.154
2422.000 0.150
2423.000 0.150
2424.000 0.148
2425.000 0.146
2426.000 0.142
2427.000 0.139
2428.000 0.137
2429.000 0.137
2430.000 0.133
2431.000 0.135
2432.000 0.136
2433.000 0.135
2434.000 0.130
2435.000 0.126
2436.000 0.124
2437.000 0.122
2438.000 0.119
2439.000 0.117
2440.000 0.115
2441.000 0.116
2442.000 0.117
2443.000 0.114
2444.000 0.111
2445.000 0.107
2446.000 0.105
2447.000 0.107
2448.000 0.105
2449.000 0.100
2450.000 0.102
2451.000 0.104
2452.000 0.101
2453.000 0.098
2454.000 0.095
2455.000 0.091
2456.000 0.089
2457.000 0.086
2458.000 0.083
2459.000 0.082
2460.000 0.080
2461.000 0.078
2462.000 0.079
2463.000 0.077
2464.000 0.074
2465.000 0.079
2466.000 0.077
2467.000 0.072
2468.000 0.070
2469.000 0.070
2470.000 0.065
2471.000 0.063
2472.000 0.062
2473.000 0.060
2474.000 0.059
2475.000 0.056
2476.000 0.054
2477.000 0.057
2478.000 0.052
2479.000 0.051
2480.000 0.052
2481.000 0.055
2482.000 0.053
2483.000 0.050
2484.000 0.049
2485.000 0.047
2486.000 0.044
2487.000 0.043
2488.000 0.043
2489.000 0.041
2490.000 0.040
2491.000 0.038
2492.000 0.038
2493.000 0.038
2494.000 0.035
2495.000 0.033
2496.000 0.033
2497.000 0.031
2498.000 0.031
2499.000 0.029
2500.000 0.029
2501.000 0.028
2502.000 0.030
2503.000 0.028
2504.000 0.027
2505.000 0.029
2506.000 0.029
2507.000 0.026
2508.000 0.028
2509.000 0.027
2510.000 0.026
2511.000 0.027
2512.000 0.026
2513.000 0.026
2514.000 0.029
2515.000 0.029
2516.000 0.026
2517.000 0.027
2518.000 0.030
2519.000 0.032
2520.000 0.029
2521.000 0.029
2522.000 0.029
2523.000 0.027
2524.000 0.027
2525.000 0.027
2526.000 0.030
2528.000 0.042
2529.000 0.040
2530.000 0.040
2531.000 0.039
2532.000 0.041
2533.000 0.040
2534.000 0.041
2535.000 0.043
2536.000 0.042
2537.000 0.039
2538.000 0.041
2539.000 0.040
2540.000 0.040
2541.000 0.041
2542.000 0.043
2543.000 0.046
2544.000 0.045
2545.000 0.044
2546.000 0.046
2547.000 0.049
2548.000 0.053
2549.000 0.052
2550.000 0.052
2551.000 0.052
2552.000 0.053
2553.000 0.053
2554.000 0.056
2555.000 0.063
2556.000 0.064
2557.000 0.056
2558.000 0.063
2559.000 0.059
2560.000 0.060
2561.000 0.061
2562.000 0.061
2563.000 0.063
2564.000 0.061
2565.000 0.066
2566.000 0.067
2567.000 0.071
2568.000 0.074
2569.000 0.073
2570.000 0.072
2571.000 0.072
2572.000 0.075
2573.000 0.081
2574.000 0.082
2575.000 0.080
2576.000 0.081
2577.000 0.083
2578.000 0.083
2579.000 0.082
2580.000 0.082
2581.000 0.083
2582.000 0.085
2583.000 0.092
2584.000 0.091
2585.000 0.091
2586.000 0.090
2587.000 0.089
2588.000 0.090
2589.000 0.090
2590.000 0.098
2591.000 0.098
2592.000 0.101
2593.000 0.102
2594.000 0.103
2595.000 0.105
2596.000 0.105
2597.000 0.104
2598.000 0.104
2599.000 0.105
2600.000 0.105
