1801.000 0.058
1802.000 0.028
1803.000 2.788
1804.000 2.768
1806.000 2.734
1807.000 2.737
1808.000 2.733
1809.000 2.738
1810.000 2.729
1811.000 2.736
1812.000 2.742
1813.000 2.743
1814.000 2.743
1815.000 2.759
1816.000 2.757
1817.000 2.761
1818.000 2.762
1819.000 2.768
1820.000 2.768
1821.000 2.783
1822.000 2.762
1823.000 2.762
1824.000 2.761
1825.000 2.754
1826.000 2.742
1827.000 2.715
1828.000 2.724
1829.000 2.696
1830.000 2.678
1831.000 2.646
1832.000 2.607
1833.000 2.581
1834.000 2.628
1835.000 2.607
1836.000 2.525
1837.000 2.491
1838.000 2.443
1839.000 2.410
1840.000 2.526
1841.000 2.591
1842.000 2.534
1843.000 2.495
1844.000 2.486
1845.000 2.410
1846.000 2.414
1847.000 2.420
1848.000 2.377
1849.000 2.339
1850.000 2.311
1851.000 2.265
1852.000 2.303
1853.000 2.268
1854.000 2.211
1855.000 2.189
1856.000 2.139
1857.000 2.115
1858.000 2.041
1859.000 1.981
1860.000 1.942
1861.000 1.889
1862.000 1.819
1863.000 1.816
1864.000 1.753
1865.000 1.709
1866.000 1.610
1867.000 1.548
1868.000 1.504
1869.000 1.471
1870.000 1.422
1871.000 1.402
1872.000 1.403
1873.000 1.402
1874.000 1.396
1875.000 1.401
1876.000 1.401
1877.000 1.402
1878.000 1.398
1879.000 1.413
1880.000 1.409
1881.000 1.412
1882.000 1.416
1883.000 1.413
1884.000 1.427
1885.000 1.465
1886.000 1.467
1887.000 1.463
1888.000 1.465
1889.000 1.456
1890.000 1.472
1891.000 1.490
1892.000 1.486
1893.000 1.491
1894.000 1.494
1895.000 1.502
1896.000 1.489
1897.000 1.503
1898.000 1.498
1899.000 1.501
1900.000 1.498
1901.000 1.497
1902.000 1.496
1903.000 1.499
1904.000 1.491
1905.000 1.499
1906.000 1.492
1907.000 1.498
1908.000 1.497
1909.000 1.500
1910.000 1.502
1911.000 1.580
1912.000 1.589
1913.000 1.574
1914.000 1.553
1915.000 1.550
1916.000 1.544
1917.000 1.565
1918.000 1.591
1919.000 1.592
1920.000 1.586
1921.000 1.569
1922.000 1.576
1923.000 1.619
1924.000 1.583
1925.000 1.629
1926.000 1.660
1927.000 1.652
1928.000 1.626
1929.000 1.609
1930.000 1.624
1931.000 1.619
1932.000 1.615
1933.000 1.614
1934.000 1.616
1935.000 1.630
1936.000 1.637
1937.000 1.622
1938.000 1.639
1939.000 1.660
1940.000 1.650
1941.000 1.664
1942.000 1.671
1943.000 1.663
1944.000 1.660
1945.000 1.651
1946.000 1.669
1947.000 1.720
1948.000 1.720
1949.000 1.703
1950.000 1.705
1951.000 1.696
1952.000 1.699
1953.000 1.734
1954.000 1.735
1955.000 1.733
1956.000 1.727
1957.000 1.733
1958.000 1.729
1959.000 1.732
1960.000 1.735
1961.000 1.765
1962.000 1.787
1963.000 1.787
1964.000 1.852
1965.000 1.837
1966.000 1.831
1967.000 1.814
1968.000 1.844
1969.000 1.850
1970.000 1.881
1971.000 1.872
1972.000 1.867
1973.000 1.861
1974.000 1.874
1975.000 1.870
1976.000 1.863
1977.000 1.876
1978.000 1.868
1979.000 1.924
1980.000 1.919
1981.000 1.928
1982.000 1.988
1983.000 1.988
1984.000 1.975
1985.000 1.964
1986.000 1.963
1987.000 1.959
1988.000 2.012
1989.000 2.021
1990.000 2.005
1991.000 2.006
1992.000 1.992
1993.000 2.017
1994.000 2.042
1995.000 2.055
1996.000 2.086
1997.000 2.091
1998.000 2.080
1999.000 2.130
2000.000 2.140
2001.000 2.142
2002.000 2.141
2003.000 2.185
2004.000 2.200
2005.000 2.180
2006.000 2.206
2007.000 2.216
2008.000 2.242
2009.000 2.237
2010.000 2.269
2011.000 2.296
2012.000 2.279
2013.000 2.315
2014.000 2.311
2015.000 2.332
2016.000 2.370
2017.000 2.361
2018.000 2.379
2019.000 2.408
2020.000 2.436
2021.000 2.503
2022.000 2.521
2023.000 2.539
2024.000 2.549
2025.000 2.571
2026.000 2.695
2027.000 2.713
2028.000 2.711
2029.000 2.702
2030.000 2.728
2031.000 2.774
2032.000 2.800
2033.000 2.838
2034.000 2.848
2035.000 2.885
2036.000 2.928
2037.000 2.956
2038.000 2.994
2039.000 3.030
2040.000 3.070
2041.000 3.169
2042.000 3.202
2043.000 3.249
2044.000 3.267
2045.000 3.331
2046.000 3.397
2047.000 3.481
2048.000 3.558
2049.000 3.583
2050.000 3.629
2051.000 3.693
2052.000 3.733
2053.000 3.814
2054.000 3.861
2055.000 3.949
2056.000 4.034
2057.000 4.092
2058.000 4.194
2059.000 4.255
2060.000 4.522
2061.000 4.574
2062.000 4.698
2063.000 4.815
2064.000 4.871
2065.000 5.106
2066.000 5.286
2067.000 5.342
2068.000 5.553
2069.000 5.725
2070.000 5.900
2071.000 6.112
2072.000 6.227
2073.000 6.536
2074.000 6.695
2075.000 6.985
2076.000 7.284
2077.000 7.531
2078.000 7.924
2079.000 8.170
2080.000 8.584
2081.000 9.128
2082.000 9.388
2083.000 9.677
2084.000 10.304
2085.000 10.985
2086.000 11.841
2087.000 12.263
2088.000 13.066
2089.000 13.502
2090.000 14.289
2091.000 15.051
2092.000 15.329
2093.000 15.612
2094.000 15.730
2095.000 15.901
2096.000 15.809
2097.000 15.617
2098.000 14.968
2099.000 14.563
2100.000 13.670
2101.000 13.208
2102.000 12.230
2103.000 11.348
2104.000 10.928
2105.000 10.163
2106.000 9.436
2107.000 9.189
2108.000 8.583
2109.000 8.311
2110.000 7.906
2111.000 7.438
2112.000 7.229
2113.000 6.830
2114.000 6.630
2115.000 6.268
2116.000 6.052
2117.000 5.905
2118.000 5.631
2119.000 5.519
2120.000 5.252
2121.000 5.122
2122.000 4.925
2123.000 4.743
2124.000 4.637
2125.000 4.455
2126.000 4.371
2127.000 4.209
2128.000 4.119
2129.000 4.033
2130.000 3.901
2131.000 3.835
2132.000 3.708
2133.000 3.578
2134.000 3.528
2135.000 3.427
2136.000 3.388
2137.000 3.354
2138.000 3.244
2139.000 3.197
2140.000 3.146
2141.000 3.111
2142.000 3.005
2143.000 2.961
2144.000 2.896
2145.000 2.830
2146.000 2.798
2147.000 2.734
2148.000 2.667
2149.000 2.633
2150.000 2.578
2151.000 2.552
2152.000 2.501
2153.000 2.449
2154.000 2.428
2155.000 2.472
2156.000 2.515
2157.000 2.438
2158.000 2.477
2159.000 3.425
2160.000 3.596
2161.000 3.562
2162.000 3.098
2163.000 2.732
2164.000 2.581
2165.000 2.351
2166.000 2.268
2167.000 2.139
2168.000 2.020
2169.000 1.985
2170.000 1.983
2171.000 1.973
2172.000 1.989
2173.000 1.978
2174.000 1.943
2175.000 1.904
2176.000 1.890
2177.000 1.859
2178.000 1.830
2179.000 1.817
2180.000 1.793
2181.000 1.780
2182.000 1.767
2183.000 1.841
2184.000 1.823
2185.000 1.821
2186.000 1.817
2187.000 1.792
2188.000 1.831
2189.000 1.834
2190.000 1.814
2191.000 1.800
2192.000 1.786
2193.000 1.779
2194.000 1.775
2195.000 1.776
2196.000 1.818
2197.000 1.828
2198.000 1.818
2199.000 1.815
2200.000 1.817
2201.000 1.824
2202.000 1.842
2203.000 1.850
2204.000 1.854
2205.000 1.866
2206.000 1.866
2207.000 1.879
2208.000 1.877
2209.000 1.895
2210.000 1.902
2211.000 1.914
2212.000 1.921
2213.000 1.942
2214.000 1.953
2215.000 2.010
2216.000 2.064
2217.000 2.087
2218.000 2.104
2219.000 2.108
2220.000 2.150
2221.000 2.160
2222.000 2.160
2223.000 2.180
2224.000 2.196
2225.000 2.225
2226.000 2.240
2227.000 2.270
2228.000 2.373
2229.000 2.428
2230.000 2.468
2231.000 2.472
2232.000 2.500
2233.000 2.545
2234.000 2.563
2235.000 2.631
2236.000 2.677
2237.000 2.731
2238.000 2.851
2239.000 2.883
2240.000 2.990
2241.000 3.022
2242.000 3.111
2243.000 3.190
2244.000 3.359
2245.000 3.453
2246.000 3.535
2247.000 3.665
2248.000 3.732
2249.000 3.954
2250.000 4.126
2251.000 4.254
2252.000 4.469
2253.000 4.626
2254.000 4.958
2255.000 5.275
2256.000 5.472
2257.000 5.872
2258.000 6.100
2259.000 6.692
2260.000 7.039
2261.000 7.608
2262.000 8.289
2263.000 8.648
2264.000 9.360
2265.000 10.060
2266.000 10.258
2267.000 10.208
2268.000 9.982
2269.000 9.374
2270.000 8.827
2271.000 8.493
2272.000 7.757
2273.000 7.376
2274.000 6.660
2275.000 6.028
2276.000 5.734
2277.000 5.218
2278.000 4.983
2279.000 4.565
2280.000 4.203
2281.000 4.034
2282.000 3.737
2283.000 3.608
2284.000 3.362
2285.000 3.249
2286.000 3.146
2287.000 2.933
2288.000 2.900
2289.000 2.768
2290.000 2.583
2291.000 2.514
2292.000 2.377
2293.000 2.311
2294.000 2.206
2295.000 2.103
2296.000 2.052
2297.000 2.006
2298.000 1.918
2299.000 1.834
2300.000 1.797
2301.000 1.727
2302.000 1.712
2303.000 1.731
2304.000 1.644
2305.000 1.606
2306.000 1.527
2307.000 1.499
2308.000 1.420
2309.000 1.343
2310.000 1.306
2311.000 1.239
2312.000 1.187
2313.000 1.159
2314.000 1.111
2315.000 1.087
2316.000 1.062
2317.000 1.041
2318.000 1.018
2319.000 0.978
2320.000 0.978
2321.000 0.946
2322.000 0.913
2323.000 0.896
2324.000 0.876
2325.000 0.885
2326.000 0.877
2327.000 0.847
2328.000 0.832
2329.000 0.799
2330.000 0.805
2331.000 0.796
2332.000 0.777
2333.000 0.777
2334.000 0.751
2335.000 0.742
2336.000 0.732
2337.000 0.713
2338.000 0.703
2339.000 0.681
2340.000 0.666
2341.000 0.666
2342.000 0.654
2343.000 0.655
2344.000 0.673
2345.000 0.656
2346.000 0.645
2347.000 0.628
2348.000 0.619
2349.000 0.610
2350.000 0.598
2351.000 0.597
2352.000 0.587
2353.000 0.585
2354.000 0.578
2355.000 0.565
2356.000 0.560
2357.000 0.549
2358.000 0.544
2359.000 0.536
2360.000 0.531
2361.000 0.526
2362.000 0.519
2363.000 0.515
2364.000 0.509
2365.000 0.505
2366.000 0.502
2367.000 0.498
2368.000 0.504
2369.000 0.505
2370.000 0.497
2371.000 0.492
2372.000 0.533
2373.000 0.531
2374.000 0.522
2375.000 0.516
2376.000 0.504
2377.000 0.494
2378.000 0.491
2379.000 0.480
2380.000 0.477
2381.000 0.469
2382.000 0.463
2383.000 0.459
2384.000 0.458
2385.000 0.512
2386.000 0.507
2387.000 0.491
2388.000 0.485
2389.000 0.475
2390.000 0.470
2391.000 0.478
2392.000 0.469
2393.000 0.467
2394.000 0.456
2395.000 0.454
2396.000 0.447
2397.000 0.441
2398.000 0.437
2399.000 0.448
2400.000 0.460
2401.000 0.469
2402.000 0.458
2403.000 0.447
2404.000 0.443
2405.000 0.438
2406.000 0.429
2407.000 0.450
2408.000 0.461
2409.000 0.449
2410.000 0.446
2411.000 0.441
2412.000 0.432
2413.000 0.432
2414.000 0.423
2415.000 0.420
2416.000 0.415
2417.000 0.413
2418.000 0.413
2419.000 0.408
2420.000 0.409
2421.000 0.402
2422.000 0.405
2423.000 0.399
2424.000 0.425
2425.000 0.440
2426.000 0.441
2427.000 0.434
2428.000 0.437
2429.000 0.432
2430.000 0.427
2431.000 0.415
2432.000 0.411
2433.000 0.405
2434.000 0.403
2435.000 0.399
2436.000 0.395
2437.000 0.394
2438.000 0.395
2439.000 0.396
2440.000 0.396
2441.000 0.391
2442.000 0.393
2443.000 0.388
2444.000 0.389
2445.000 0.388
2446.000 0.389
2447.000 0.389
2448.000 0.388
2449.000 0.384
2450.000 0.382
2451.000 0.388
2452.000 0.399
2453.000 0.399
2454.000 0.442
2455.000 0.444
2456.000 0.429
2457.000 0.430
2458.000 0.438
2459.000 0.429
2460.000 0.438
2461.000 0.445
2462.000 0.441
2463.000 0.426
2464.000 0.417
2465.000 0.412
2466.000 0.405
2467.000 0.404
2468.000 0.402
2469.000 0.396
2470.000 0.400
2471.000 0.399
2472.000 0.397
2473.000 0.402
2474.000 0.397
2475.000 0.394
2476.000 0.393
2477.000 0.405
2478.000 0.401
2479.000 0.417
2480.000 0.426
2481.000 0.412
2482.000 0.408
2483.000 0.411
2484.000 0.406
2485.000 0.401
2486.000 0.428
2487.000 0.440
2488.000 0.443
2489.000 0.427
2490.000 0.425
2491.000 0.414
2492.000 0.415
2493.000 0.413
2494.000 0.406
2495.000 0.416
2496.000 0.410
2497.000 0.415
2498.000 0.415
2499.000 0.414
2500.000 0.425
2501.000 0.415
2502.000 0.411
2503.000 0.408
2504.000 0.405
2505.000 0.403
2506.000 0.421
2507.000 0.426
2508.000 0.419
2509.000 0.410
2510.000 0.409
2511.000 0.408
2512.000 0.428
2513.000 0.449
2514.000 0.443
2515.000 0.436
2516.000 0.430
2517.000 0.424
2518.000 0.421
2519.000 0.416
2520.000 0.415
2521.000 0.425
2522.000 0.443
2523.000 0.433
2524.000 0.427
2525.000 0.422
2526.000 0.426
2527.000 0.422
2528.000 0.465
2529.000 0.459
2530.000 0.455
2531.000 0.446
2532.000 0.442
2533.000 0.442
2534.000 0.444
2535.000 0.445
2536.000 0.446
2537.000 0.453
2538.000 0.455
2539.000 0.455
2540.000 0.446
2541.000 0.443
2542.000 0.441
2543.000 0.443
2544.000 0.441
2545.000 0.445
2546.000 0.472
2547.000 0.473
2548.000 0.490
2549.000 0.490
2550.000 0.478
2551.000 0.466
2552.000 0.471
2553.000 0.466
2554.000 0.469
2555.000 0.472
2556.000 0.469
2557.000 0.464
2558.000 0.461
2559.000 0.465
2560.000 0.478
2561.000 0.483
2562.000 0.479
2563.000 0.475
2564.000 0.476
2565.000 0.481
2566.000 0.477
2567.000 0.479
2568.000 0.478
2569.000 0.473
2570.000 0.488
2571.000 0.489
2572.000 0.481
2573.000 0.476
2574.000 0.468
2575.000 0.469
2576.000 0.467
2577.000 0.465
2578.000 0.463
2579.000 0.466
2580.000 0.460
2581.000 0.462
2582.000 0.462
2583.000 0.511
2584.000 0.503
2585.000 0.513
2586.000 0.500
2587.000 0.495
2588.000 0.489
2589.000 0.499
2591.000 0.521
2592.000 0.507
2593.000 0.490
2594.000 0.481
2595.000 0.477
2596.000 0.472
2597.000 0.483
2598.000 0.501
2599.000 0.498
2600.000 0.491
