1801.000 0.011
1802.000 1.798
1803.000 2.883
1804.000 2.939
1805.000 2.972
1806.000 2.986
1807.000 2.934
1808.000 2.923
1809.000 2.966
1810.000 2.987
1811.000 3.016
1812.000 2.965
1813.000 2.965
1814.000 2.961
1815.000 3.003
1816.000 3.023
1817.000 3.048
1818.000 3.052
1819.000 3.047
1820.000 3.045
1821.000 3.048
1822.000 3.059
1823.000 3.052
1824.000 3.062
1825.000 3.068
1826.000 3.058
1827.000 3.023
1828.000 2.997
1829.000 2.975
1830.000 2.996
1831.000 2.977
1832.000 3.044
1833.000 2.960
1834.000 2.913
1835.000 2.809
1836.000 2.770
1837.000 2.886
1838.000 3.010
1839.000 2.983
1840.000 2.856
1841.000 2.811
1842.000 2.757
1843.000 2.719
1844.000 2.681
1845.000 2.577
1846.000 2.534
1847.000 2.475
1848.000 2.434
1849.000 2.424
1850.000 2.403
1851.000 2.404
1852.000 2.423
1853.000 2.488
1854.000 2.474
1855.000 2.437
1856.000 2.436
1857.000 2.438
1858.000 2.445
1859.000 2.436
1860.000 2.453
1861.000 2.463
1862.000 2.434
1863.000 2.428
1864.000 2.426
1865.000 2.419
1866.000 2.409
1867.000 2.382
1868.000 2.350
1869.000 2.327
1870.000 2.321
1871.000 2.315
1872.000 2.235
1873.000 2.138
1874.000 2.101
1875.000 2.000
1876.000 1.956
1877.000 1.875
1878.000 1.829
1879.000 1.784
1880.000 1.701
1881.000 1.640
1882.000 1.557
1883.000 1.534
1884.000 1.532
1885.000 1.526
1886.000 1.533
1887.000 1.548
1888.000 1.547
1889.000 1.547
1890.000 1.554
1891.000 1.553
1892.000 1.561
1893.000 1.580
1894.000 1.581
1895.000 1.587
1896.000 1.585
1897.000 1.596
1898.000 1.585
1899.000 1.588
1900.000 1.594
1901.000 1.594
1902.000 1.593
1903.000 1.602
1904.000 1.600
1905.000 1.600
1906.000 1.603
1907.000 1.610
1908.000 1.617
1909.000 1.616
1910.000 1.616
1911.000 1.617
1912.000 1.630
1913.000 1.626
1914.000 1.630
1915.000 1.635
1916.000 1.633
1917.000 1.641
1918.000 1.641
1919.000 1.647
1920.000 1.648
1921.000 1.654
1922.000 1.670
1923.000 1.669
1924.000 1.672
1925.000 1.675
1926.000 1.673
1927.000 1.678
1928.000 1.677
1929.000 1.680
1930.000 1.686
1931.000 1.693
1932.000 1.699
1933.000 1.697
1934.000 1.701
1935.000 1.713
1936.000 1.742
1937.000 1.762
1938.000 1.757
1939.000 1.757
1940.000 1.758
1941.000 1.763
1942.000 1.758
1943.000 1.764
1944.000 1.769
1945.000 1.767
1946.000 1.769
1947.000 1.780
1948.000 1.771
1949.000 1.781
1950.000 1.788
1951.000 1.789
1952.000 1.794
1953.000 1.788
1954.000 1.796
1955.000 1.798
1956.000 1.815
1957.000 1.816
1958.000 1.823
1959.000 1.828
1960.000 1.839
1961.000 1.844
1962.000 1.850
1963.000 1.853
1964.000 1.867
1965.000 1.869
1966.000 1.868
1967.000 1.877
1968.000 1.884
1969.000 1.897
1970.000 1.904
1971.000 1.912
1972.000 1.914
1973.000 1.914
1974.000 1.920
1975.000 1.943
1976.000 1.951
1977.000 1.952
1978.000 1.953
1979.000 1.978
1980.000 1.982
1981.000 1.991
1982.000 2.006
1983.000 2.011
1984.000 2.049
1985.000 2.058
1986.000 2.042
1987.000 2.048
1988.000 2.073
1989.000 2.080
1990.000 2.080
1991.000 2.097
1992.000 2.094
1993.000 2.112
1994.000 2.138
1995.000 2.157
1996.000 2.163
1997.000 2.164
1998.000 2.168
1999.000 2.192
2000.000 2.203
2001.000 2.215
2002.000 2.233
2003.000 2.246
2004.000 2.256
2005.000 2.266
2006.000 2.271
2007.000 2.308
2008.000 2.327
2009.000 2.335
2010.000 2.353
2011.000 2.376
2012.000 2.379
2013.000 2.408
2014.000 2.410
2015.000 2.429
2016.000 2.461
2017.000 2.474
2018.000 2.478
2019.000 2.504
2020.000 2.527
2021.000 2.559
2022.000 2.582
2023.000 2.603
2024.000 2.649
2025.000 2.715
2026.000 2.729
2027.000 2.823
2028.000 2.888
2029.000 2.901
2030.000 2.874
2031.000 2.918
2032.000 2.937
2033.000 2.944
2034.000 2.996
2035.000 3.017
2036.000 3.037
2037.000 3.069
2038.000 3.115
2039.000 3.223
2040.000 3.231
2041.000 3.326
2042.000 3.332
2043.000 3.363
2044.000 3.397
2045.000 3.424
2046.000 3.512
2047.000 3.576
2048.000 3.620
2049.000 3.695
2050.000 3.716
2051.000 3.813
2052.000 3.878
2053.000 3.920
2054.000 4.033
2055.000 4.062
2056.000 4.175
2057.000 4.257
2058.000 4.341
2059.000 4.469
2060.000 4.530
2061.000 4.655
2062.000 4.785
2063.000 4.853
2064.000 4.983
2065.000 5.056
2066.000 5.223
2067.000 5.397
2068.000 5.495
2069.000 5.689
2070.000 5.812
2071.000 6.029
2072.000 6.281
2073.000 6.416
2074.000 6.691
2075.000 6.840
2076.000 7.170
2077.000 7.530
2078.000 7.728
2079.000 8.201
2080.000 8.450
2081.000 8.927
2082.000 9.443
2083.000 9.725
2084.000 10.316
2085.000 10.653
2086.000 11.345
2087.000 12.099
2088.000 12.501
2089.000 13.329
2090.000 13.733
2091.000 14.447
2092.000 14.973
2093.000 15.203
2094.000 15.544
2095.000 15.647
2096.000 15.607
2097.000 15.266
2098.000 14.969
2099.000 14.198
2100.000 13.762
2101.000 12.828
2102.000 11.958
2103.000 11.501
2104.000 10.647
2105.000 10.234
2106.000 9.515
2107.000 8.925
2108.000 8.696
2109.000 8.152
2110.000 7.897
2111.000 7.435
2112.000 7.034
2113.000 6.828
2114.000 6.441
2115.000 6.258
2116.000 5.922
2117.000 5.634
2118.000 5.491
2119.000 5.231
2120.000 5.113
2121.000 4.888
2122.000 4.678
2123.000 4.583
2124.000 4.391
2125.000 4.303
2126.000 4.150
2127.000 3.998
2128.000 4.018
2129.000 3.874
2130.000 3.800
2131.000 3.695
2132.000 3.573
2133.000 3.503
2134.000 3.534
2135.000 3.470
2136.000 3.284
2137.000 3.200
2138.000 3.096
2139.000 3.030
2140.000 2.974
2141.000 2.957
2142.000 2.879
2143.000 2.855
2144.000 2.758
2145.000 2.697
2146.000 2.679
2147.000 2.663
2148.000 2.580
2149.000 2.522
2150.000 2.470
2151.000 2.371
2152.000 2.330
2153.000 2.300
2154.000 2.223
2155.000 2.181
2156.000 2.103
2157.000 2.082
2158.000 2.024
2159.000 1.965
2160.000 1.938
2161.000 1.879
2162.000 1.855
2163.000 1.806
2164.000 1.821
2165.000 1.803
2166.000 1.758
2167.000 1.741
2168.000 1.697
2169.000 1.685
2170.000 1.671
2171.000 1.651
2172.000 1.635
2173.000 1.602
2174.000 1.581
2175.000 1.569
2176.000 1.539
2177.000 1.527
2178.000 1.530
2179.000 1.514
2180.000 1.500
2181.000 1.482
2182.000 1.471
2183.000 1.454
2184.000 1.437
2185.000 1.431
2186.000 1.420
2187.000 1.413
2188.000 1.403
2189.000 1.397
2190.000 1.393
2191.000 1.387
2192.000 1.384
2193.000 1.378
2194.000 1.375
2195.000 1.376
2196.000 1.377
2197.000 1.374
2198.000 1.375
2199.000 1.378
2200.000 1.378
2201.000 1.386
2202.000 1.391
2203.000 1.391
2204.000 1.400
2205.000 1.403
2206.000 1.415
2207.000 1.433
2208.000 1.481
2209.000 1.492
2210.000 1.491
2211.000 1.498
2212.000 1.508
2213.000 1.523
2214.000 1.540
2215.000 1.550
2216.000 1.571
2217.000 1.584
2218.000 1.619
2219.000 1.651
2220.000 1.670
2221.000 1.698
2222.000 1.709
2223.000 1.734
2224.000 1.757
2225.000 1.768
2226.000 1.798
2227.000 1.817
2228.000 1.850
2229.000 1.888
2230.000 1.907
2231.000 1.951
2232.000 1.970
2233.000 2.016
2234.000 2.057
2235.000 2.084
2236.000 2.132
2237.000 2.169
2238.000 2.241
2239.000 2.321
2240.000 2.355
2241.000 2.428
2242.000 2.460
2243.000 2.546
2244.000 2.643
2245.000 2.706
2246.000 2.822
2247.000 2.879
2248.000 3.013
2249.000 3.167
2250.000 3.257
2251.000 3.427
2252.000 3.515
2253.000 3.729
2254.000 3.964
2255.000 4.125
2256.000 4.454
2257.000 4.628
2258.000 5.001
2259.000 5.422
2260.000 5.660
2261.000 6.171
2262.000 6.440
2263.000 6.955
2264.000 7.350
2265.000 7.499
2266.000 7.508
2267.000 7.376
2268.000 7.074
2269.000 6.745
2270.000 6.517
2271.000 5.997
2272.000 5.710
2273.000 5.163
2274.000 4.883
2275.000 4.423
2276.000 4.018
2277.000 3.834
2278.000 3.500
2279.000 3.358
2280.000 3.097
2281.000 2.871
2282.000 2.761
2283.000 2.574
2284.000 2.486
2285.000 2.325
2286.000 2.190
2287.000 2.124
2288.000 2.009
2289.000 1.980
2290.000 1.912
2291.000 1.885
2292.000 1.814
2293.000 1.706
2294.000 1.643
2295.000 1.566
2296.000 1.488
2297.000 1.467
2298.000 1.428
2299.000 1.392
2300.000 1.321
2301.000 1.291
2302.000 1.281
2303.000 1.302
2304.000 1.276
2305.000 1.207
2306.000 1.137
2307.000 1.096
2308.000 1.036
2309.000 1.008
2310.000 0.979
2311.000 0.924
2312.000 0.899
2313.000 0.859
2314.000 0.842
2315.000 0.816
2316.000 0.785
2317.000 0.773
2318.000 0.756
2319.000 0.749
2320.000 0.726
2321.000 0.726
2322.000 0.716
2323.000 0.690
2324.000 0.679
2325.000 0.660
2326.000 0.640
2327.000 0.631
2328.000 0.621
2329.000 0.612
2330.000 0.596
2331.000 0.578
2332.000 0.574
2333.000 0.566
2334.000 0.559
2335.000 0.553
2336.000 0.550
2337.000 0.539
2338.000 0.543
2339.000 0.542
2340.000 0.527
2341.000 0.522
2342.000 0.516
2343.000 0.502
2344.000 0.497
2345.000 0.493
2346.000 0.488
2347.000 0.480
2348.000 0.473
2349.000 0.473
2350.000 0.464
2351.000 0.468
2352.000 0.465
2353.000 0.457
2354.000 0.453
2355.000 0.444
2356.000 0.441
2357.000 0.436
2358.000 0.428
2359.000 0.428
2360.000 0.423
2361.000 0.421
2362.000 0.417
2363.000 0.424
2364.000 0.464
2365.000 0.472
2366.000 0.457
2367.000 0.446
2368.000 0.434
2369.000 0.429
2370.000 0.421
2371.000 0.415
2372.000 0.411
2373.000 0.406
2374.000 0.402
2375.000 0.398
2376.000 0.393
2377.000 0.394
2378.000 0.390
2379.000 0.386
2380.000 0.382
2381.000 0.381
2382.000 0.382
2383.000 0.379
2384.000 0.376
2385.000 0.376
2386.000 0.373
2387.000 0.376
2388.000 0.375
2389.000 0.374
2390.000 0.374
2391.000 0.374
2392.000 0.376
2393.000 0.372
2394.000 0.371
2395.000 0.370
2396.000 0.368
2397.000 0.364
2398.000 0.361
2399.000 0.360
2400.000 0.356
2401.000 0.356
2402.000 0.354
2403.000 0.353
2404.000 0.350
2405.000 0.352
2406.000 0.352
2407.000 0.349
2408.000 0.349
2409.000 0.353
2410.000 0.360
2411.000 0.377
2412.000 0.392
2413.000 0.382
2414.000 0.378
2415.000 0.368
2416.000 0.365
2417.000 0.368
2418.000 0.365
2419.000 0.366
2420.000 0.365
2421.000 0.362
2422.000 0.360
2423.000 0.357
2424.000 0.360
2425.000 0.367
2426.000 0.371
2427.000 0.363
2428.000 0.357
2429.000 0.352
2430.000 0.350
2431.000 0.348
2432.000 0.343
2433.000 0.343
2434.000 0.347
2435.000 0.349
2436.000 0.346
2437.000 0.347
2438.000 0.347
2439.000 0.350
2440.000 0.350
2441.000 0.348
2442.000 0.348
2443.000 0.358
2444.000 0.381
2445.000 0.372
2446.000 0.365
2447.000 0.385
2448.000 0.377
2449.000 0.375
2450.000 0.375
2451.000 0.372
2452.000 0.366
2453.000 0.367
2454.000 0.365
2455.000 0.361
2456.000 0.360
2457.000 0.359
2458.000 0.358
2459.000 0.358
2460.000 0.368
2461.000 0.367
2462.000 0.362
2463.000 0.359
2464.000 0.362
2465.000 0.358
2466.000 0.361
2467.000 0.378
2468.000 0.377
2469.000 0.368
2470.000 0.361
2471.000 0.362
2472.000 0.358
2473.000 0.359
2474.000 0.351
2475.000 0.355
2476.000 0.356
2477.000 0.359
2478.000 0.361
2479.000 0.361
2480.000 0.366
2481.000 0.368
2482.000 0.362
2483.000 0.359
2484.000 0.366
2485.000 0.365
2486.000 0.364
2487.000 0.364
2488.000 0.359
2489.000 0.376
2490.000 0.372
2491.000 0.369
2492.000 0.370
2493.000 0.369
2494.000 0.373
2495.000 0.381
2496.000 0.376
2497.000 0.373
2498.000 0.378
2499.000 0.377
2500.000 0.379
2501.000 0.381
2502.000 0.378
2503.000 0.375
2504.000 0.377
2505.000 0.377
2506.000 0.376
2507.000 0.377
2508.000 0.375
2509.000 0.378
2510.000 0.387
2511.000 0.390
2512.000 0.412
2513.000 0.406
2514.000 0.405
2515.000 0.432
2516.000 0.432
2517.000 0.429
2518.000 0.423
2519.000 0.412
2520.000 0.411
2521.000 0.408
2522.000 0.413
2523.000 0.429
2524.000 0.420
2525.000 0.418
2526.000 0.429
2527.000 0.418
2528.000 0.416
2529.000 0.413
2530.000 0.413
2531.000 0.413
2532.000 0.414
2533.000 0.413
2534.000 0.409
2535.000 0.430
2536.000 0.429
2537.000 0.429
2538.000 0.421
2539.000 0.425
2540.000 0.426
2541.000 0.431
2542.000 0.434
2543.000 0.432
2544.000 0.446
2545.000 0.424
2546.000 0.418
2547.000 0.410
2548.000 0.407
2549.000 0.402
2550.000 0.436
2551.000 0.426
2552.000 0.409
2553.000 0.403
2554.000 0.403
2555.000 0.436
2556.000 0.433
2557.000 0.415
2558.000 0.412
2559.000 0.411
2560.000 0.411
2561.000 0.403
2562.000 0.398
2563.000 0.402
2564.000 0.432
2565.000 0.433
2566.000 0.432
2567.000 0.441
2568.000 0.431
2569.000 0.427
2570.000 0.422
2571.000 0.414
2572.000 0.407
2573.000 0.410
2574.000 0.403
2575.000 0.427
2576.000 0.433
2577.000 0.421
2578.000 0.423
2579.000 0.420
2580.000 0.424
2581.000 0.483
2582.000 0.450
2583.000 0.441
2584.000 0.421
2585.000 0.422
2586.000 0.421
2587.000 0.419
2588.000 0.419
2589.000 0.419
2590.000 0.420
2591.000 0.415
2592.000 0.409
2593.000 0.403
2594.000 0.418
2595.000 0.430
2596.000 0.435
2597.000 0.423
2598.000 0.420
2599.000 0.415
2600.000 0.412
