1801.000 0.003
1802.000 2.002
1803.000 3.395
1804.000 3.401
1805.000 3.453
1806.000 3.455
1807.000 3.465
1808.000 3.476
1809.000 3.488
1810.000 3.501
1811.000 3.485
1812.000 3.464
1813.000 3.478
1814.000 3.476
1815.000 3.471
1816.000 3.477
1817.000 3.488
1818.000 3.527
1819.000 3.524
1820.000 3.517
1821.000 3.523
1822.000 3.549
1823.000 3.559
1824.000 3.617
1825.000 3.617
1826.000 3.629
1827.000 3.622
1828.000 3.617
1829.000 3.629
1830.000 3.627
1831.000 3.610
1832.000 3.600
1833.000 3.591
1834.000 3.578
1835.000 3.546
1836.000 3.537
1837.000 3.512
1838.000 3.501
1839.000 3.461
1840.000 3.410
1841.000 3.405
1842.000 3.332
1843.000 3.308
1844.000 3.229
1845.000 3.146
1846.000 3.106
1847.000 3.042
1848.000 3.008
1849.000 2.959
1850.000 2.918
1851.000 2.907
1852.000 2.866
1853.000 2.843
1854.000 2.833
1855.000 2.837
1856.000 2.834
1857.000 2.830
1858.000 2.839
1859.000 2.860
1860.000 2.858
1861.000 2.860
1862.000 2.862
1863.000 2.859
1864.000 2.868
1865.000 2.861
1866.000 2.863
1867.000 2.853
1868.000 2.854
1869.000 2.831
1870.000 2.803
1871.000 2.789
1872.000 2.756
1873.000 2.734
1874.000 2.685
1875.000 2.608
1876.000 2.579
1877.000 2.475
1878.000 2.436
1879.000 2.330
1880.000 2.227
1881.000 2.166
1882.000 2.064
1883.000 2.015
1884.000 1.923
1885.000 1.849
1886.000 1.810
1887.000 1.785
1888.000 1.798
1889.000 1.795
1890.000 1.799
1891.000 1.801
1892.000 1.806
1893.000 1.821
1894.000 1.814
1895.000 1.819
1896.000 1.863
1897.000 1.874
1898.000 1.864
1899.000 1.852
1900.000 1.879
1901.000 1.871
1902.000 1.865
1903.000 1.858
1904.000 1.882
1905.000 1.901
1906.000 1.891
1907.000 1.882
1908.000 1.886
1909.000 1.893
1910.000 1.887
1911.000 1.886
1912.000 1.890
1913.000 1.885
1914.000 1.911
1915.000 1.893
1916.000 1.879
1917.000 1.923
1918.000 1.922
1919.000 1.911
1920.000 1.914
1921.000 1.914
1922.000 1.936
1923.000 1.926
1924.000 1.922
1925.000 1.920
1926.000 1.921
1927.000 1.959
1928.000 1.977
1929.000 1.974
1930.000 1.965
1931.000 1.968
1932.000 1.979
1933.000 1.977
1934.000 1.992
1935.000 1.988
1936.000 2.004
1937.000 2.052
1938.000 2.037
1939.000 2.026
1940.000 2.009
1941.000 1.999
1942.000 2.003
1943.000 2.004
1944.000 2.004
1945.000 2.013
1946.000 2.004
1947.000 2.048
1948.000 2.047
1949.000 2.056
1950.000 2.062
1951.000 2.117
1952.000 2.095
1953.000 2.078
1954.000 2.067
1955.000 2.075
1956.000 2.100
1957.000 2.104
1958.000 2.109
1959.000 2.132
1960.000 2.136
1961.000 2.113
1962.000 2.111
1963.000 2.110
1964.000 2.137
1965.000 2.146
1966.000 2.119
1967.000 2.126
1968.000 2.151
1969.000 2.174
1970.000 2.182
1971.000 2.190
1972.000 2.190
1973.000 2.191
1974.000 2.185
1975.000 2.193
1976.000 2.234
1977.000 2.265
1978.000 2.248
1979.000 2.297
1980.000 2.276
1981.000 2.283
1982.000 2.281
1983.000 2.289
1984.000 2.284
1985.000 2.271
1986.000 2.279
1987.000 2.332
1988.000 2.346
1989.000 2.353
1990.000 2.362
1991.000 2.370
1992.000 2.427
1993.000 2.419
1994.000 2.388
1995.000 2.398
1996.000 2.404
1997.000 2.388
1998.000 2.396
1999.000 2.423
2000.000 2.439
2001.000 2.450
2002.000 2.480
2003.000 2.483
2004.000 2.519
2005.000 2.525
2006.000 2.544
2007.000 2.551
2008.000 2.583
2009.000 2.597
2010.000 2.603
2011.000 2.629
2012.000 2.633
2013.000 2.655
2014.000 2.665
2015.000 2.690
2016.000 2.716
2017.000 2.725
2018.000 2.733
2019.000 2.804
2020.000 2.807
2021.000 2.815
2022.000 2.854
2023.000 2.911
2024.000 2.912
2025.000 2.922
2026.000 2.944
2027.000 3.023
2028.000 3.017
2029.000 3.023
2030.000 3.041
2031.000 3.077
2032.000 3.109
2033.000 3.121
2034.000 3.155
2035.000 3.175
2036.000 3.218
2037.000 3.306
2038.000 3.347
2039.000 3.403
2040.000 3.411
2041.000 3.684
2042.000 3.780
2043.000 3.777
2044.000 3.738
2045.000 3.738
2046.000 3.735
2047.000 3.750
2048.000 3.767
2049.000 3.819
2050.000 3.862
2051.000 3.931
2052.000 3.972
2053.000 4.054
2054.000 4.144
2055.000 4.180
2056.000 4.284
2057.000 4.325
2058.000 4.446
2059.000 4.543
2060.000 4.604
2061.000 4.737
2062.000 4.803
2063.000 4.941
2064.000 5.090
2065.000 5.167
2066.000 5.371
2067.000 5.475
2068.000 5.716
2069.000 5.971
2070.000 6.055
2071.000 6.257
2072.000 6.372
2073.000 6.723
2074.000 7.060
2075.000 7.152
2076.000 7.427
2077.000 7.590
2078.000 7.919
2079.000 8.332
2080.000 8.521
2081.000 9.022
2082.000 9.267
2083.000 9.764
2084.000 10.394
2085.000 10.729
2086.000 11.448
2087.000 11.895
2088.000 12.582
2089.000 13.466
2090.000 13.818
2091.000 14.341
2092.000 14.649
2093.000 15.065
2094.000 15.291
2095.000 15.319
2096.000 15.175
2097.000 14.949
2098.000 14.347
2099.000 13.560
2100.000 13.090
2101.000 12.131
2102.000 11.643
2103.000 10.771
2104.000 9.942
2105.000 9.522
2106.000 8.793
2107.000 8.464
2108.000 7.900
2109.000 7.377
2110.000 7.137
2111.000 6.684
2112.000 6.477
2113.000 6.085
2114.000 5.728
2115.000 5.566
2116.000 5.318
2117.000 5.187
2118.000 4.909
2119.000 4.656
2120.000 4.537
2121.000 4.348
2122.000 4.235
2123.000 4.038
2124.000 3.842
2125.000 3.750
2126.000 3.606
2127.000 3.524
2128.000 3.424
2129.000 3.293
2130.000 3.209
2131.000 3.080
2132.000 3.016
2133.000 2.907
2134.000 2.802
2135.000 2.750
2136.000 2.644
2137.000 2.589
2138.000 2.491
2139.000 2.392
2140.000 2.319
2141.000 2.200
2142.000 2.149
2143.000 2.060
2144.000 1.953
2145.000 1.913
2146.000 1.813
2147.000 1.782
2148.000 1.712
2149.000 1.663
2150.000 1.636
2151.000 1.582
2152.000 1.548
2153.000 1.484
2154.000 1.433
2155.000 1.406
2156.000 1.361
2157.000 1.331
2158.000 1.287
2159.000 1.263
2160.000 1.221
2161.000 1.188
2162.000 1.170
2163.000 1.138
2164.000 1.128
2165.000 1.124
2166.000 1.084
2167.000 1.066
2168.000 1.036
2169.000 1.019
2170.000 0.989
2171.000 0.965
2172.000 0.954
2173.000 0.932
2174.000 0.917
2175.000 0.896
2176.000 0.879
2177.000 0.869
2178.000 0.852
2179.000 0.847
2180.000 0.830
2181.000 0.814
2182.000 0.808
2183.000 0.803
2184.000 0.804
2185.000 0.803
2186.000 0.777
2187.000 0.769
2188.000 0.760
2189.000 0.750
2190.000 0.732
2191.000 0.715
2192.000 0.709
2193.000 0.694
2194.000 0.687
2195.000 0.676
2196.000 0.671
2197.000 0.667
2198.000 0.657
2199.000 0.649
2200.000 0.654
2201.000 0.650
2202.000 0.646
2203.000 0.632
2204.000 0.629
2205.000 0.622
2206.000 0.608
2207.000 0.602
2208.000 0.592
2209.000 0.605
2210.000 0.592
2211.000 0.592
2212.000 0.591
2213.000 0.582
2214.000 0.575
2215.000 0.568
2216.000 0.560
2217.000 0.555
2218.000 0.549
2219.000 0.549
2220.000 0.552
2221.000 0.546
2222.000 0.543
2223.000 0.538
2224.000 0.536
2225.000 0.536
2226.000 0.536
2227.000 0.536
2228.000 0.531
2229.000 0.533
2230.000 0.530
2231.000 0.530
2232.000 0.529
2233.000 0.532
2234.000 0.532
2235.000 0.532
2236.000 0.537
2237.000 0.538
2238.000 0.542
2239.000 0.549
2240.000 0.556
2241.000 0.561
2242.000 0.563
2243.000 0.574
2244.000 0.579
2245.000 0.592
2246.000 0.608
2247.000 0.608
2248.000 0.626
2249.000 0.631
2250.000 0.653
2251.000 0.672
2252.000 0.687
2253.000 0.715
2254.000 0.734
2255.000 0.771
2256.000 0.839
2257.000 0.877
2258.000 0.955
2259.000 1.003
2260.000 1.073
2261.000 1.192
2262.000 1.254
2263.000 1.345
2264.000 1.384
2265.000 1.440
2266.000 1.448
2267.000 1.464
2268.000 1.473
2269.000 1.419
2270.000 1.307
2271.000 1.153
2272.000 1.081
2273.000 0.915
2274.000 0.855
2275.000 0.734
2276.000 0.696
2277.000 0.652
2278.000 0.565
2279.000 0.551
2280.000 0.477
2281.000 0.447
2282.000 0.407
2283.000 0.369
2284.000 0.354
2285.000 0.329
2286.000 0.317
2287.000 0.296
2288.000 0.282
2289.000 0.272
2290.000 0.260
2291.000 0.256
2292.000 0.246
2293.000 0.237
2294.000 0.232
2295.000 0.225
2296.000 0.220
2297.000 0.214
2298.000 0.209
2299.000 0.206
2300.000 0.203
2301.000 0.203
2302.000 0.196
2303.000 0.195
2304.000 0.193
2305.000 0.190
2306.000 0.187
2307.000 0.187
2308.000 0.182
2309.000 0.184
2310.000 0.180
2311.000 0.180
2312.000 0.179
2313.000 0.178
2314.000 0.180
2315.000 0.178
2316.000 0.179
2317.000 0.177
2318.000 0.177
2319.000 0.177
2320.000 0.177
2321.000 0.187
2322.000 0.200
2323.000 0.191
2324.000 0.194
2325.000 0.187
2326.000 0.186
2327.000 0.197
2328.000 0.199
2329.000 0.200
2330.000 0.191
2331.000 0.190
2332.000 0.185
2333.000 0.179
2334.000 0.180
2335.000 0.180
2336.000 0.178
2337.000 0.177
2338.000 0.177
2339.000 0.174
2340.000 0.173
2341.000 0.174
2342.000 0.172
2343.000 0.180
2344.000 0.175
2345.000 0.180
2346.000 0.177
2347.000 0.179
2348.000 0.178
2349.000 0.176
2350.000 0.173
2351.000 0.173
2352.000 0.173
2353.000 0.169
2354.000 0.172
2355.000 0.172
2356.000 0.172
2357.000 0.173
2358.000 0.173
2359.000 0.171
2360.000 0.170
2361.000 0.171
2362.000 0.169
2363.000 0.170
2364.000 0.170
2365.000 0.169
2366.000 0.171
2367.000 0.172
2368.000 0.172
2369.000 0.174
2370.000 0.178
2371.000 0.179
2372.000 0.181
2373.000 0.196
2374.000 0.193
2375.000 0.187
2376.000 0.184
2377.000 0.182
2378.000 0.180
2379.000 0.181
2380.000 0.179
2381.000 0.178
2382.000 0.178
2383.000 0.178
2384.000 0.175
2385.000 0.176
2386.000 0.174
2387.000 0.176
2388.000 0.174
2389.000 0.174
2390.000 0.175
2391.000 0.174
2392.000 0.174
2393.000 0.174
2394.000 0.175
2395.000 0.173
2396.000 0.176
2397.000 0.176
2398.000 0.172
2399.000 0.176
2400.000 0.177
2401.000 0.176
2402.000 0.179
2403.000 0.177
2404.000 0.176
2405.000 0.176
2406.000 0.177
2407.000 0.175
2408.000 0.177
2409.000 0.175
2410.000 0.177
2411.000 0.178
2412.000 0.177
2413.000 0.177
2414.000 0.181
2415.000 0.187
2416.000 0.187
2417.000 0.184
2418.000 0.182
2419.000 0.183
2420.000 0.180
2421.000 0.180
2422.000 0.180
2423.000 0.180
2424.000 0.179
2425.000 0.179
2426.000 0.177
2427.000 0.179
2428.000 0.178
2429.000 0.178
2430.000 0.177
2431.000 0.177
2432.000 0.179
2433.000 0.179
2434.000 0.179
2435.000 0.179
2436.000 0.180
2437.000 0.179
2438.000 0.178
2439.000 0.183
2440.000 0.182
2441.000 0.184
2442.000 0.180
2443.000 0.180
2444.000 0.184
2445.000 0.184
2446.000 0.185
2447.000 0.186
2448.000 0.185
2449.000 0.185
2450.000 0.185
2451.000 0.184
2452.000 0.183
2453.000 0.184
2454.000 0.184
2455.000 0.185
2456.000 0.184
2457.000 0.188
2458.000 0.193
2459.000 0.191
2460.000 0.191
2461.000 0.187
2462.000 0.187
2463.000 0.190
2464.000 0.188
2465.000 0.187
2466.000 0.187
2467.000 0.202
2468.000 0.207
2469.000 0.202
2470.000 0.201
2471.000 0.199
2472.000 0.197
2473.000 0.196
2474.000 0.192
2475.000 0.203
2476.000 0.208
2477.000 0.208
2478.000 0.206
2479.000 0.206
2480.000 0.203
2481.000 0.203
2482.000 0.198
2483.000 0.200
2484.000 0.197
2485.000 0.197
2486.000 0.203
2487.000 0.197
2488.000 0.197
2489.000 0.197
2490.000 0.200
2491.000 0.198
2492.000 0.195
2493.000 0.197
2494.000 0.194
2495.000 0.195
2496.000 0.202
2497.000 0.197
2498.000 0.197
2499.000 0.195
2500.000 0.195
2501.000 0.197
2502.000 0.204
2503.000 0.207
2504.000 0.208
2505.000 0.205
2506.000 0.205
2507.000 0.211
2508.000 0.208
2509.000 0.205
2510.000 0.205
2511.000 0.203
2512.000 0.211
2513.000 0.206
2514.000 0.215
2515.000 0.214
2516.000 0.212
2517.000 0.209
2518.000 0.207
2519.000 0.214
2520.000 0.211
2521.000 0.214
2522.000 0.212
2523.000 0.210
2524.000 0.208
2525.000 0.207
2526.000 0.228
2527.000 0.224
2528.000 0.218
2529.000 0.222
2530.000 0.220
2531.000 0.230
2532.000 0.227
2533.000 0.229
2534.000 0.222
2535.000 0.221
2536.000 0.216
2537.000 0.214
2538.000 0.214
2539.000 0.213
2540.000 0.217
2541.000 0.221
2542.000 0.232
2543.000 0.241
2544.000 0.243
2545.000 0.243
2546.000 0.230
2547.000 0.231
2548.000 0.228
2549.000 0.226
2550.000 0.223
2551.000 0.230
2552.000 0.236
2553.000 0.232
2554.000 0.227
2555.000 0.224
2556.000 0.223
2557.000 0.220
2558.000 0.221
2559.000 0.219
2560.000 0.218
2561.000 0.219
2562.000 0.221
2563.000 0.218
2564.000 0.219
2565.000 0.219
2566.000 0.221
2567.000 0.229
2568.000 0.252
2569.000 0.258
2570.000 0.249
2571.000 0.241
2572.000 0.237
2573.000 0.233
2574.000 0.235
2575.000 0.233
2576.000 0.236
2577.000 0.234
2578.000 0.232
2579.000 0.232
2580.000 0.235
2581.000 0.234
2582.000 0.236
2583.000 0.239
2584.000 0.260
2585.000 0.250
2586.000 0.239
2587.000 0.237
2588.000 0.239
2589.000 0.235
2590.000 0.237
2591.000 0.241
2592.000 0.240
2593.000 0.241
2594.000 0.238
2595.000 0.238
2596.000 0.239
2597.000 0.235
2598.000 0.237
2599.000 0.239
2600.000 0.240
