1801.000 0.008
1802.000 0.029
1803.000 4.182
1804.000 4.184
1805.000 4.186
1806.000 4.188
1807.000 4.192
1808.000 4.181
1809.000 4.176
1810.000 4.126
1811.000 4.145
1812.000 4.151
1813.000 4.173
1814.000 4.201
1815.000 4.199
1816.000 4.218
1817.000 4.232
1818.000 4.262
1819.000 4.274
1820.000 4.294
1821.000 4.304
1822.000 4.325
1823.000 4.345
1824.000 4.360
1825.000 4.361
1826.000 4.381
1827.000 4.385
1828.000 4.407
1829.000 4.419
1830.000 4.443
1831.000 4.453
1832.000 4.459
1833.000 4.467
1834.000 4.486
1835.000 4.660
1836.000 4.706
1837.000 4.647
1838.000 4.527
1839.000 4.515
1840.000 4.475
1841.000 4.415
1842.000 4.457
1843.000 4.345
1844.000 4.290
1845.000 4.132
1846.000 4.060
1847.000 3.937
1848.000 3.874
1849.000 3.795
1850.000 3.716
1851.000 3.678
1852.000 3.641
1853.000 3.603
1854.000 3.561
1855.000 3.576
1856.000 3.544
1857.000 3.548
1858.000 3.570
1859.000 3.565
1860.000 3.562
1861.000 3.579
1862.000 3.587
1863.000 3.580
1864.000 3.580
1865.000 3.576
1866.000 3.573
1867.000 3.565
1868.000 3.560
1869.000 3.541
1870.000 3.498
1871.000 3.480
1872.000 3.427
1873.000 3.468
1874.000 3.549
1875.000 3.517
1876.000 3.413
1877.000 3.213
1878.000 3.108
1879.000 2.930
1880.000 2.774
1881.000 2.644
1882.000 2.590
1883.000 2.566
1884.000 2.484
1885.000 2.418
1886.000 2.392
1887.000 2.310
1888.000 2.275
1889.000 2.265
1890.000 2.259
1891.000 2.262
1892.000 2.258
1893.000 2.263
1894.000 2.274
1895.000 2.301
1896.000 2.319
1897.000 2.303
1898.000 2.305
1899.000 2.294
1900.000 2.293
1901.000 2.296
1902.000 2.304
1903.000 2.309
1904.000 2.318
1905.000 2.318
1906.000 2.325
1907.000 2.325
1908.000 2.331
1909.000 2.332
1910.000 2.331
1911.000 2.330
1912.000 2.332
1913.000 2.338
1914.000 2.336
1915.000 2.347
1916.000 2.352
1917.000 2.362
1918.000 2.366
1919.000 2.370
1920.000 2.379
1921.000 2.383
1922.000 2.414
1923.000 2.422
1924.000 2.481
1925.000 2.454
1926.000 2.436
1927.000 2.436
1928.000 2.426
1929.000 2.444
1930.000 2.433
1931.000 2.435
1932.000 2.459
1933.000 2.440
1934.000 2.441
1935.000 2.450
1936.000 2.458
1937.000 2.468
1938.000 2.472
1939.000 2.479
1940.000 2.462
1941.000 2.479
1942.000 2.510
1943.000 2.496
1944.000 2.493
1945.000 2.506
1946.000 2.504
1947.000 2.506
1948.000 2.524
1949.000 2.511
1950.000 2.523
1951.000 2.530
1952.000 2.528
1953.000 2.542
1954.000 2.547
1955.000 2.561
1956.000 2.566
1957.000 2.571
1958.000 2.585
1959.000 2.588
1960.000 2.667
1961.000 2.680
1962.000 2.665
1963.000 2.646
1964.000 2.632
1965.000 2.660
1966.000 2.661
1967.000 2.653
1968.000 2.649
1969.000 2.655
1970.000 2.660
1971.000 2.661
1972.000 2.667
1973.000 2.671
1974.000 2.688
1975.000 2.702
1976.000 2.698
1977.000 2.725
1978.000 2.743
1979.000 2.728
1980.000 2.735
1981.000 2.743
1982.000 2.769
1983.000 2.764
1984.000 2.776
1985.000 2.772
1986.000 2.774
1987.000 2.791
1988.000 2.807
1989.000 2.811
1990.000 2.817
1991.000 2.833
1992.000 2.833
1993.000 2.852
1994.000 2.862
1995.000 2.864
1996.000 2.890
1997.000 2.887
1998.000 2.908
1999.000 2.924
2000.000 2.940
2001.000 2.951
2002.000 2.974
2003.000 2.982
2004.000 2.995
2005.000 3.000
2006.000 3.009
2007.000 3.043
2008.000 3.055
2009.000 3.075
2010.000 3.075
2011.000 3.112
2012.000 3.119
2013.000 3.144
2014.000 3.144
2015.000 3.177
2016.000 3.190
2017.000 3.208
2018.000 3.226
2019.000 3.281
2020.000 3.295
2021.000 3.315
2022.000 3.375
2023.000 3.393
2024.000 3.418
2025.000 3.427
2026.000 3.539
2027.000 3.612
2028.000 3.586
2029.000 3.587
2030.000 3.604
2031.000 3.612
2032.000 3.634
2033.000 3.654
2034.000 3.693
2035.000 3.698
2036.000 3.745
2037.000 3.800
2038.000 3.824
2039.000 3.953
2040.000 3.982
2041.000 4.005
2042.000 4.055
2043.000 4.069
2044.000 4.129
2045.000 4.142
2046.000 4.233
2047.000 4.311
2048.000 4.330
2049.000 4.369
2050.000 4.435
2051.000 4.468
2052.000 4.550
2053.000 4.588
2054.000 4.702
2055.000 4.821
2056.000 4.857
2057.000 4.956
2058.000 4.998
2059.000 5.142
2060.000 5.210
2061.000 5.312
2062.000 5.479
2063.000 5.548
2064.000 5.648
2065.000 5.730
2066.000 5.886
2067.000 5.963
2068.000 6.123
2069.000 6.416
2070.000 6.607
2071.000 6.707
2072.000 6.932
2073.000 7.054
2074.000 7.324
2075.000 7.629
2076.000 7.783
2077.000 8.144
2078.000 8.304
2079.000 8.699
2080.000 9.106
2081.000 9.322
2082.000 9.832
2083.000 10.090
2084.000 10.659
2085.000 10.948
2086.000 11.621
2087.000 11.937
2088.000 12.647
2089.000 13.276
2090.000 13.598
2091.000 14.292
2092.000 14.769
2093.000 14.969
2094.000 15.183
2095.000 15.207
2096.000 15.100
2097.000 14.604
2098.000 14.279
2099.000 13.461
2100.000 12.958
2101.000 11.981
2102.000 11.045
2103.000 10.675
2104.000 9.790
2105.000 9.365
2106.000 8.574
2107.000 8.243
2108.000 7.577
2109.000 7.004
2110.000 6.483
2111.000 6.244
2112.000 6.015
2113.000 5.610
2114.000 5.229
2115.000 4.882
2116.000 4.739
2117.000 4.559
2118.000 4.381
2119.000 4.112
2120.000 4.019
2121.000 3.776
2122.000 3.579
2123.000 3.482
2124.000 3.250
2125.000 3.140
2126.000 2.998
2127.000 2.823
2128.000 2.736
2129.000 2.585
2130.000 2.523
2131.000 2.333
2132.000 2.241
2133.000 2.044
2134.000 1.925
2135.000 1.851
2136.000 1.702
2137.000 1.639
2138.000 1.518
2139.000 1.410
2140.000 1.356
2141.000 1.271
2142.000 1.193
2143.000 1.157
2144.000 1.177
2145.000 1.104
2146.000 1.017
2147.000 0.999
2148.000 0.946
2149.000 0.893
2150.000 0.860
2151.000 0.799
2152.000 0.767
2153.000 0.714
2154.000 0.668
2155.000 0.643
2156.000 0.601
2157.000 0.567
2158.000 0.547
2159.000 0.504
2160.000 0.485
2161.000 0.452
2162.000 0.433
2163.000 0.407
2164.000 0.366
2165.000 0.354
2166.000 0.324
2167.000 0.310
2168.000 0.281
2169.000 0.259
2170.000 0.245
2171.000 0.217
2172.000 0.207
2173.000 0.181
2174.000 0.159
2175.000 0.151
2176.000 0.129
2177.000 0.114
2178.000 0.104
2179.000 0.092
2180.000 0.090
2181.000 0.083
2182.000 0.085
2183.000 0.090
2184.000 0.095
2185.000 0.103
2186.000 0.118
2187.000 0.128
2188.000 0.143
2189.000 0.153
2190.000 0.173
2191.000 0.195
2192.000 0.206
2193.000 0.226
2194.000 0.246
2195.000 0.255
2196.000 0.277
2197.000 0.287
2198.000 0.307
2199.000 0.332
2200.000 0.343
2201.000 0.367
2202.000 0.391
2203.000 0.402
2204.000 0.416
2205.000 0.441
2206.000 0.469
2207.000 0.506
2208.000 0.526
2209.000 0.559
2210.000 0.572
2211.000 0.601
2212.000 0.610
2213.000 0.641
2214.000 0.660
2215.000 0.691
2216.000 0.724
2217.000 0.740
2218.000 0.778
2219.000 0.801
2220.000 0.844
2221.000 0.888
2222.000 0.913
2223.000 0.968
2224.000 0.997
2225.000 1.061
2226.000 1.129
2227.000 1.168
2228.000 1.254
2229.000 1.298
2230.000 1.398
2231.000 1.534
2232.000 1.644
2233.000 1.723
2234.000 1.764
2235.000 1.830
2236.000 1.946
2237.000 1.981
2238.000 2.115
2239.000 2.134
2240.000 2.253
2241.000 2.450
2242.000 2.594
2243.000 2.625
2244.000 2.747
2245.000 2.827
2246.000 2.983
2247.000 3.112
2248.000 3.287
2249.000 3.458
2250.000 3.583
2251.000 3.820
2252.000 3.974
2253.000 4.281
2254.000 4.430
2255.000 4.806
2256.000 5.288
2257.000 5.553
2258.000 6.162
2259.000 6.485
2260.000 7.248
2261.000 8.147
2262.000 8.599
2263.000 9.557
2264.000 10.019
2265.000 10.879
2266.000 11.324
2267.000 11.314
2268.000 10.766
2269.000 10.309
2270.000 9.251
2271.000 8.217
2272.000 7.768
2273.000 7.047
2274.000 6.726
2275.000 6.131
2276.000 5.598
2277.000 5.361
2278.000 4.922
2279.000 4.725
2280.000 4.369
2281.000 4.088
2282.000 3.945
2283.000 3.714
2284.000 3.640
2285.000 3.422
2286.000 3.201
2287.000 3.099
2288.000 2.937
2289.000 2.921
2290.000 2.776
2291.000 2.649
2292.000 2.577
2293.000 2.434
2294.000 2.387
2295.000 2.260
2296.000 2.166
2297.000 2.113
2298.000 2.026
2299.000 1.946
2300.000 1.901
2301.000 1.861
2302.000 1.842
2303.000 1.768
2304.000 1.743
2305.000 1.700
2306.000 1.661
2307.000 1.598
2308.000 1.541
2309.000 1.481
2310.000 1.465
2311.000 1.398
2312.000 1.362
2313.000 1.300
2314.000 1.260
2315.000 1.235
2316.000 1.206
2317.000 1.152
2318.000 1.107
2319.000 1.079
2320.000 1.038
2321.000 1.019
2322.000 1.010
2323.000 0.974
2324.000 0.938
2325.000 0.917
2326.000 0.881
2327.000 0.879
2328.000 0.842
2329.000 0.808
2330.000 0.807
2331.000 0.799
2332.000 0.768
2333.000 0.754
2334.000 0.747
2335.000 0.718
2336.000 0.705
2337.000 0.687
2338.000 0.674
2339.000 0.660
2340.000 0.642
2341.000 0.631
2342.000 0.623
2343.000 0.613
2344.000 0.613
2345.000 0.613
2346.000 0.598
2347.000 0.584
2348.000 0.563
2349.000 0.554
2350.000 0.546
2351.000 0.551
2352.000 0.539
2353.000 0.550
2354.000 0.542
2355.000 0.527
2356.000 0.514
2357.000 0.498
2358.000 0.503
2359.000 0.490
2360.000 0.482
2361.000 0.466
2362.000 0.456
2363.000 0.451
2364.000 0.440
2365.000 0.426
2366.000 0.420
2367.000 0.408
2368.000 0.399
2369.000 0.392
2370.000 0.380
2371.000 0.378
2372.000 0.368
2373.000 0.367
2374.000 0.362
2375.000 0.351
2376.000 0.345
2377.000 0.341
2378.000 0.333
2379.000 0.329
2380.000 0.326
2381.000 0.318
2382.000 0.317
2383.000 0.317
2384.000 0.309
2385.000 0.308
2386.000 0.306
2387.000 0.301
2388.000 0.297
2389.000 0.293
2390.000 0.288
2391.000 0.284
2392.000 0.279
2393.000 0.278
2394.000 0.269
2395.000 0.262
2396.000 0.259
2397.000 0.257
2398.000 0.254
2399.000 0.250
2400.000 0.246
2401.000 0.243
2402.000 0.239
2403.000 0.235
2404.000 0.231
2405.000 0.229
2406.000 0.227
2407.000 0.222
2408.000 0.217
2409.000 0.217
2410.000 0.218
2411.000 0.217
2412.000 0.210
2413.000 0.209
2414.000 0.207
2415.000 0.200
2416.000 0.197
2417.000 0.193
2418.000 0.191
2419.000 0.188
2420.000 0.184
2421.000 0.181
2422.000 0.177
2423.000 0.176
2424.000 0.172
2425.000 0.171
2426.000 0.167
2427.000 0.166
2428.000 0.166
2429.000 0.161
2430.000 0.159
2431.000 0.158
2432.000 0.155
2433.000 0.154
2434.000 0.153
2435.000 0.146
2436.000 0.146
2437.000 0.144
2438.000 0.140
2439.000 0.141
2440.000 0.138
2441.000 0.136
2442.000 0.133
2443.000 0.132
2444.000 0.128
2445.000 0.126
2446.000 0.124
2447.000 0.123
2448.000 0.122
2449.000 0.119
2450.000 0.118
2451.000 0.116
2452.000 0.112
2453.000 0.113
2454.000 0.108
2455.000 0.106
2456.000 0.106
2457.000 0.105
2458.000 0.100
2459.000 0.099
2460.000 0.099
2461.000 0.096
2462.000 0.096
2463.000 0.095
2464.000 0.093
2465.000 0.092
2466.000 0.089
2467.000 0.088
2468.000 0.087
2469.000 0.086
2470.000 0.083
2471.000 0.083
2472.000 0.078
2473.000 0.079
2474.000 0.077
2475.000 0.077
2476.000 0.074
2477.000 0.073
2478.000 0.070
2479.000 0.071
2480.000 0.069
2481.000 0.070
2482.000 0.069
2483.000 0.071
2484.000 0.066
2485.000 0.065
2486.000 0.065
2487.000 0.062
2488.000 0.062
2489.000 0.060
2490.000 0.059
2491.000 0.056
2492.000 0.056
2493.000 0.056
2494.000 0.055
2495.000 0.056
2496.000 0.054
2497.000 0.052
2498.000 0.052
2499.000 0.051
2500.000 0.050
2501.000 0.048
2502.000 0.049
2503.000 0.046
2504.000 0.045
2505.000 0.048
2506.000 0.046
2507.000 0.046
2508.000 0.047
2509.000 0.046
2510.000 0.047
2511.000 0.044
2512.000 0.046
2513.000 0.046
2514.000 0.046
2515.000 0.048
2516.000 0.046
2517.000 0.043
2518.000 0.045
2519.000 0.046
2520.000 0.045
2521.000 0.047
2522.000 0.046
2523.000 0.045
2524.000 0.046
2525.000 0.047
2526.000 0.048
2527.000 0.046
2528.000 0.048
2529.000 0.049
2530.000 0.049
2531.000 0.047
2532.000 0.050
2533.000 0.051
2534.000 0.050
2535.000 0.051
2536.000 0.053
2537.000 0.052
2538.000 0.054
2539.000 0.055
2540.000 0.055
2541.000 0.054
2542.000 0.055
2543.000 0.059
2544.000 0.059
2545.000 0.059
2546.000 0.060
2547.000 0.060
2548.000 0.062
2549.000 0.063
2550.000 0.064
2551.000 0.066
2552.000 0.066
2553.000 0.066
2554.000 0.068
2555.000 0.069
2556.000 0.068
2557.000 0.069
2558.000 0.069
2559.000 0.072
2560.000 0.070
2561.000 0.072
2562.000 0.074
2563.000 0.075
2564.000 0.076
2565.000 0.076
2566.000 0.079
2567.000 0.080
2568.000 0.079
2569.000 0.082
2570.000 0.083
2571.000 0.085
2572.000 0.086
2573.000 0.085
2574.000 0.089
2575.000 0.087
2576.000 0.089
2577.000 0.090
2578.000 0.091
2579.000 0.093
2580.000 0.098
2581.000 0.101
2582.000 0.100
2583.000 0.104
2584.000 0.104
2585.000 0.105
2586.000 0.104
2587.000 0.109
2588.000 0.111
2589.000 0.112
2590.000 0.112
2591.000 0.112
2592.000 0.112
2593.000 0.111
2594.000 0.114
2595.000 0.112
2596.000 0.115
2597.000 0.117
2598.000 0.118
2599.000 0.119
2600.000 0.121
