1801.000 0.004
1802.000 1.118
1803.000 3.110
1804.000 3.159
1805.000 3.165
1806.000 3.184
1807.000 3.209
1808.000 3.232
1809.000 3.236
1810.000 3.248
1811.000 3.273
1812.000 3.214
1813.000 3.209
1814.000 3.207
1815.000 3.212
1816.000 3.212
1817.000 3.214
1818.000 3.229
1819.000 3.237
1820.000 3.245
1821.000 3.261
1822.000 3.282
1823.000 3.305
1824.000 3.315
1825.000 3.333
1826.000 3.354
1827.000 3.381
1828.000 3.384
1829.000 3.402
1830.000 3.413
1831.000 3.426
1832.000 3.441
1833.000 3.451
1834.000 3.457
1835.000 3.469
1836.000 3.479
1837.000 3.495
1838.000 3.496
1839.000 3.508
1840.000 3.509
1841.000 3.511
1842.000 3.499
1843.000 3.491
1844.000 3.471
1845.000 3.453
1846.000 3.446
1847.000 3.429
1848.000 3.416
1849.000 3.402
1850.000 3.391
1851.000 3.378
1852.000 3.359
1853.000 3.373
1854.000 3.373
1855.000 3.379
1856.000 3.392
1857.000 3.418
1858.000 3.425
1859.000 3.439
1860.000 3.451
1861.000 3.476
1862.000 3.491
1863.000 3.507
1864.000 3.515
1865.000 3.513
1866.000 3.518
1867.000 3.520
1868.000 3.521
1869.000 3.507
1870.000 3.521
1871.000 3.520
1872.000 3.478
1873.000 3.456
1874.000 3.432
1875.000 3.359
1876.000 3.326
1877.000 3.230
1878.000 3.181
1879.000 3.066
1880.000 2.966
1881.000 2.904
1882.000 2.772
1883.000 2.714
1884.000 2.584
1885.000 2.522
1886.000 2.426
1887.000 2.332
1888.000 2.302
1889.000 2.255
1890.000 2.255
1891.000 2.259
1892.000 2.266
1893.000 2.269
1894.000 2.276
1895.000 2.279
1896.000 2.281
1897.000 2.290
1898.000 2.295
1899.000 2.293
1900.000 2.294
1901.000 2.298
1902.000 2.300
1903.000 2.308
1904.000 2.317
1905.000 2.321
1906.000 2.326
1907.000 2.333
1908.000 2.330
1909.000 2.339
1910.000 2.346
1911.000 2.353
1912.000 2.353
1913.000 2.364
1914.000 2.358
1915.000 2.366
1916.000 2.367
1917.000 2.380
1918.000 2.369
1919.000 2.386
1920.000 2.373
1921.000 2.388
1922.000 2.393
1923.000 2.400
1924.000 2.408
1925.000 2.408
1926.000 2.415
1927.000 2.413
1928.000 2.418
1929.000 2.427
1930.000 2.430
1931.000 2.429
1932.000 2.439
1933.000 2.440
1934.000 2.442
1935.000 2.448
1936.000 2.454
1937.000 2.459
1938.000 2.463
1939.000 2.474
1940.000 2.478
1941.000 2.481
1942.000 2.493
1943.000 2.490
1944.000 2.507
1945.000 2.505
1946.000 2.505
1947.000 2.529
1948.000 2.513
1949.000 2.518
1950.000 2.537
1951.000 2.529
1952.000 2.535
1953.000 2.545
1954.000 2.546
1955.000 2.561
1956.000 2.566
1957.000 2.579
1958.000 2.593
1959.000 2.577
1960.000 2.589
1961.000 2.590
1962.000 2.605
1963.000 2.600
1964.000 2.623
1965.000 2.632
1966.000 2.625
1967.000 2.634
1968.000 2.643
1969.000 2.669
1970.000 2.671
1971.000 2.670
1972.000 2.670
1973.000 2.679
1974.000 2.686
1975.000 2.693
1976.000 2.705
1977.000 2.704
1978.000 2.713
1979.000 2.737
1980.000 2.725
1981.000 2.749
1982.000 2.759
1983.000 2.761
1984.000 2.780
1985.000 2.767
1986.000 2.781
1987.000 2.793
1988.000 2.814
1989.000 2.821
1990.000 2.828
1991.000 2.841
1992.000 2.843
1993.000 2.854
1994.000 2.857
1995.000 2.866
1996.000 2.895
1997.000 2.895
1998.000 2.910
1999.000 2.927
2000.000 2.940
2001.000 2.956
2002.000 2.977
2003.000 2.997
2004.000 3.001
2005.000 3.013
2006.000 3.025
2007.000 3.038
2008.000 3.068
2009.000 3.086
2010.000 3.088
2011.000 3.114
2012.000 3.139
2013.000 3.199
2014.000 3.179
2015.000 3.198
2016.000 3.220
2017.000 3.229
2018.000 3.284
2019.000 3.298
2020.000 3.319
2021.000 3.325
2022.000 3.313
2023.000 3.368
2024.000 3.406
2025.000 3.437
2026.000 3.457
2027.000 3.472
2028.000 3.491
2029.000 3.518
2030.000 3.554
2031.000 3.589
2032.000 3.614
2033.000 3.641
2034.000 3.665
2035.000 3.695
2036.000 3.753
2037.000 3.800
2038.000 3.825
2039.000 3.862
2040.000 3.893
2041.000 3.955
2042.000 3.979
2043.000 4.040
2044.000 4.069
2045.000 4.124
2046.000 4.181
2047.000 4.223
2048.000 4.279
2049.000 4.327
2050.000 4.401
2051.000 4.481
2052.000 4.516
2053.000 4.602
2054.000 4.640
2055.000 4.724
2056.000 5.225
2057.000 5.087
2058.000 5.127
2059.000 5.271
2060.000 5.389
2061.000 5.401
2062.000 5.446
2063.000 5.580
2064.000 5.647
2065.000 5.858
2066.000 5.990
2067.000 6.059
2068.000 6.223
2069.000 6.321
2070.000 6.559
2071.000 6.749
2072.000 6.982
2073.000 7.180
2074.000 7.521
2075.000 7.634
2076.000 7.880
2077.000 8.084
2078.000 8.553
2079.000 8.827
2080.000 9.062
2081.000 9.469
2082.000 9.678
2083.000 10.223
2084.000 10.776
2085.000 11.067
2086.000 11.727
2087.000 12.055
2088.000 12.764
2089.000 13.230
2090.000 13.849
2091.000 14.592
2092.000 14.857
2093.000 15.222
2094.000 15.421
2095.000 15.416
2096.000 15.170
2097.000 14.924
2098.000 14.251
2099.000 13.817
2100.000 12.885
2101.000 11.958
2102.000 11.447
2103.000 10.482
2104.000 9.643
2105.000 9.275
2106.000 8.504
2107.000 8.188
2108.000 7.516
2109.000 7.193
2110.000 6.779
2111.000 6.224
2112.000 6.006
2113.000 5.635
2114.000 5.408
2115.000 5.126
2116.000 4.925
2117.000 4.509
2118.000 4.312
2119.000 4.285
2120.000 3.978
2121.000 3.757
2122.000 3.664
2123.000 3.448
2124.000 3.346
2125.000 3.168
2126.000 3.000
2127.000 2.909
2128.000 2.761
2129.000 2.597
2130.000 2.499
2131.000 2.298
2132.000 2.200
2133.000 2.028
2134.000 1.950
2135.000 1.806
2136.000 1.676
2137.000 1.619
2138.000 1.513
2139.000 1.465
2140.000 1.376
2141.000 1.288
2142.000 1.250
2143.000 1.176
2144.000 1.104
2145.000 1.072
2146.000 1.005
2147.000 0.974
2148.000 0.916
2149.000 0.893
2150.000 0.841
2151.000 0.810
2152.000 0.762
2153.000 0.717
2154.000 0.676
2155.000 0.655
2156.000 0.635
2157.000 0.597
2158.000 0.559
2159.000 0.540
2160.000 0.510
2161.000 0.491
2162.000 0.457
2163.000 0.429
2164.000 0.413
2165.000 0.385
2166.000 0.356
2167.000 0.344
2168.000 0.313
2169.000 0.287
2170.000 0.275
2171.000 0.252
2172.000 0.240
2173.000 0.215
2174.000 0.204
2175.000 0.185
2176.000 0.175
2177.000 0.154
2178.000 0.134
2179.000 0.127
2180.000 0.112
2181.000 0.106
2182.000 0.096
2183.000 0.089
2184.000 0.088
2185.000 0.090
2186.000 0.093
2187.000 0.101
2188.000 0.113
2189.000 0.127
2190.000 0.138
2191.000 0.148
2192.000 0.162
2193.000 0.184
2194.000 0.204
2195.000 0.212
2196.000 0.234
2197.000 0.242
2198.000 0.263
2199.000 0.284
2200.000 0.295
2201.000 0.305
2202.000 0.330
2203.000 0.360
2204.000 0.383
2205.000 0.392
2206.000 0.406
2207.000 0.435
2208.000 0.467
2209.000 0.480
2210.000 0.508
2211.000 0.534
2212.000 0.555
2213.000 0.580
2214.000 0.593
2215.000 0.624
2216.000 0.652
2217.000 0.673
2218.000 0.705
2219.000 0.724
2220.000 0.763
2221.000 0.781
2222.000 0.830
2223.000 0.878
2224.000 0.901
2225.000 0.956
2226.000 0.985
2227.000 1.049
2228.000 1.120
2229.000 1.159
2230.000 1.302
2231.000 1.341
2232.000 1.433
2233.000 1.540
2234.000 1.587
2235.000 1.706
2236.000 1.773
2237.000 1.822
2238.000 1.917
2239.000 2.021
2240.000 2.161
2241.000 2.216
2242.000 2.334
2243.000 2.421
2244.000 2.476
2245.000 2.620
2246.000 2.677
2247.000 2.828
2248.000 3.018
2249.000 3.137
2250.000 3.330
2251.000 3.592
2252.000 3.725
2253.000 4.017
2254.000 4.201
2255.000 4.587
2256.000 5.035
2257.000 5.285
2258.000 5.859
2259.000 6.198
2260.000 6.935
2261.000 7.336
2262.000 8.209
2263.000 9.133
2264.000 9.606
2265.000 10.570
2266.000 10.979
2267.000 11.173
2268.000 10.639
2269.000 10.268
2270.000 9.133
2271.000 8.566
2272.000 7.533
2273.000 6.850
2274.000 6.548
2275.000 5.934
2276.000 5.403
2277.000 5.162
2278.000 4.945
2279.000 4.602
2280.000 4.205
2281.000 4.080
2282.000 3.779
2283.000 3.679
2284.000 3.471
2285.000 3.236
2286.000 3.135
2287.000 2.943
2288.000 2.788
2289.000 2.716
2290.000 2.580
2291.000 2.455
2292.000 2.393
2293.000 2.335
2294.000 2.229
2295.000 2.130
2296.000 2.045
2297.000 2.072
2298.000 2.009
2299.000 1.917
2300.000 1.838
2301.000 1.760
2302.000 1.729
2303.000 1.665
2304.000 1.638
2305.000 1.582
2306.000 1.526
2307.000 1.494
2308.000 1.467
2309.000 1.465
2310.000 1.472
2311.000 1.475
2312.000 1.439
2313.000 1.373
2314.000 1.328
2315.000 1.249
2316.000 1.217
2317.000 1.146
2318.000 1.086
2319.000 1.059
2320.000 1.006
2321.000 0.983
2322.000 0.992
2323.000 0.948
2324.000 0.942
2325.000 0.907
2326.000 0.891
2327.000 0.851
2328.000 0.832
2329.000 0.794
2330.000 0.774
2331.000 0.763
2332.000 0.737
2333.000 0.724
2334.000 0.710
2335.000 0.692
2336.000 0.685
2337.000 0.661
2338.000 0.649
2339.000 0.626
2340.000 0.618
2341.000 0.601
2342.000 0.585
2343.000 0.609
2344.000 0.612
2345.000 0.604
2346.000 0.586
2347.000 0.563
2348.000 0.554
2349.000 0.554
2350.000 0.530
2351.000 0.524
2352.000 0.510
2353.000 0.504
2354.000 0.487
2355.000 0.480
2356.000 0.479
2357.000 0.466
2358.000 0.450
2359.000 0.444
2360.000 0.432
2361.000 0.429
2362.000 0.416
2363.000 0.412
2364.000 0.403
2365.000 0.393
2366.000 0.388
2367.000 0.376
2368.000 0.371
2369.000 0.368
2370.000 0.365
2371.000 0.355
2372.000 0.351
2373.000 0.345
2374.000 0.339
2375.000 0.336
2376.000 0.328
2377.000 0.324
2378.000 0.320
2379.000 0.313
2380.000 0.311
2381.000 0.304
2382.000 0.298
2383.000 0.296
2384.000 0.293
2385.000 0.289
2386.000 0.284
2387.000 0.277
2388.000 0.275
2389.000 0.271
2390.000 0.268
2391.000 0.263
2392.000 0.259
2393.000 0.259
2394.000 0.253
2395.000 0.250
2396.000 0.247
2397.000 0.240
2398.000 0.238
2399.000 0.237
2400.000 0.233
2401.000 0.230
2402.000 0.224
2403.000 0.223
2404.000 0.219
2405.000 0.215
2406.000 0.211
2407.000 0.207
2408.000 0.204
2409.000 0.201
2410.000 0.200
2411.000 0.197
2412.000 0.194
2413.000 0.191
2414.000 0.187
2415.000 0.184
2416.000 0.182
2417.000 0.179
2418.000 0.178
2419.000 0.175
2420.000 0.172
2421.000 0.169
2422.000 0.165
2423.000 0.163
2424.000 0.162
2425.000 0.159
2426.000 0.157
2427.000 0.155
2428.000 0.149
2429.000 0.147
2430.000 0.148
2431.000 0.146
2432.000 0.142
2433.000 0.139
2434.000 0.139
2435.000 0.136
2436.000 0.133
2437.000 0.132
2438.000 0.131
2439.000 0.129
2440.000 0.127
2441.000 0.126
2442.000 0.123
2443.000 0.120
2444.000 0.117
2445.000 0.117
2446.000 0.116
2447.000 0.112
2448.000 0.110
2449.000 0.108
2450.000 0.105
2451.000 0.105
2452.000 0.107
2453.000 0.101
2454.000 0.100
2455.000 0.099
2456.000 0.097
2457.000 0.094
2458.000 0.093
2459.000 0.090
2460.000 0.087
2461.000 0.090
2462.000 0.085
2463.000 0.085
2464.000 0.083
2465.000 0.082
2466.000 0.079
2467.000 0.080
2468.000 0.077
2469.000 0.075
2470.000 0.073
2471.000 0.073
2472.000 0.069
2473.000 0.069
2474.000 0.067
2475.000 0.068
2476.000 0.064
2477.000 0.065
2478.000 0.062
2479.000 0.060
2480.000 0.059
2481.000 0.058
2482.000 0.056
2483.000 0.058
2484.000 0.056
2485.000 0.057
2486.000 0.056
2487.000 0.054
2488.000 0.053
2489.000 0.051
2490.000 0.051
2491.000 0.050
2492.000 0.047
2493.000 0.048
2494.000 0.045
2495.000 0.046
2496.000 0.045
2497.000 0.047
2498.000 0.045
2499.000 0.043
2500.000 0.040
2501.000 0.042
2502.000 0.038
2503.000 0.038
2504.000 0.037
2505.000 0.037
2506.000 0.037
2507.000 0.038
2508.000 0.037
2509.000 0.037
2510.000 0.037
2511.000 0.038
2512.000 0.035
2513.000 0.037
2514.000 0.037
2515.000 0.037
2516.000 0.037
2517.000 0.037
2518.000 0.038
2519.000 0.037
2520.000 0.038
2521.000 0.036
2522.000 0.037
2523.000 0.037
2524.000 0.038
2525.000 0.039
2526.000 0.039
2527.000 0.040
2528.000 0.040
2529.000 0.040
2530.000 0.041
2531.000 0.044
2532.000 0.042
2533.000 0.045
2534.000 0.045
2535.000 0.043
2536.000 0.044
2537.000 0.046
2538.000 0.046
2539.000 0.047
2540.000 0.049
2541.000 0.049
2542.000 0.051
2543.000 0.051
2544.000 0.048
2545.000 0.049
2546.000 0.051
2547.000 0.054
2548.000 0.053
2549.000 0.057
2550.000 0.057
2551.000 0.058
2552.000 0.059
2553.000 0.060
2554.000 0.062
2555.000 0.061
2556.000 0.064
2557.000 0.064
2558.000 0.064
2559.000 0.066
2560.000 0.067
2561.000 0.069
2562.000 0.070
2563.000 0.070
2564.000 0.072
2565.000 0.075
2566.000 0.076
2567.000 0.074
2568.000 0.075
2569.000 0.076
2570.000 0.078
2571.000 0.080
2572.000 0.080
2573.000 0.080
2574.000 0.084
2575.000 0.082
2576.000 0.085
2577.000 0.085
2578.000 0.085
2579.000 0.089
2580.000 0.088
2581.000 0.088
2582.000 0.091
2583.000 0.092
2584.000 0.090
2585.000 0.095
2586.000 0.094
2587.000 0.097
2588.000 0.097
2589.000 0.099
2590.000 0.101
2591.000 0.102
2592.000 0.104
2593.000 0.100
2594.000 0.106
2595.000 0.108
2596.000 0.107
2597.000 0.109
2598.000 0.111
2599.000 0.113
2600.000 0.111
