1801.000 0.007
1802.000 0.430
1803.000 3.963
1804.000 3.961
1805.000 3.995
1806.000 3.994
1807.000 3.989
1808.000 3.981
1809.000 3.979
1810.000 3.976
1811.000 3.968
1812.000 3.972
1813.000 3.974
1814.000 3.977
1815.000 3.992
1816.000 4.004
1817.000 4.022
1818.000 4.041
1819.000 4.043
1820.000 4.062
1821.000 4.062
1822.000 4.079
1823.000 4.144
1824.000 4.182
1825.000 4.176
1826.000 4.169
1827.000 4.174
1828.000 4.252
1829.000 4.254
1830.000 4.232
1831.000 4.246
1832.000 4.300
1833.000 4.248
1834.000 4.221
1835.000 4.268
1836.000 4.266
1837.000 4.293
1838.000 4.201
1839.000 4.143
1840.000 4.022
1841.000 3.963
1842.000 3.851
1843.000 3.837
1844.000 3.908
1845.000 3.915
1846.000 3.837
1847.000 3.708
1848.000 3.567
1849.000 3.509
1850.000 3.412
1851.000 3.376
1852.000 3.329
1853.000 3.314
1854.000 3.450
1855.000 3.681
1856.000 3.755
1857.000 3.677
1858.000 3.591
1859.000 3.570
1860.000 3.505
1861.000 3.485
1862.000 3.430
1863.000 3.493
1864.000 3.457
1865.000 3.411
1866.000 3.392
1867.000 3.426
1868.000 3.443
1869.000 3.399
1870.000 3.373
1871.000 3.359
1872.000 3.333
1873.000 3.292
1874.000 3.244
1875.000 3.141
1876.000 3.083
1877.000 3.010
1878.000 2.925
1879.000 2.791
1880.000 2.708
1881.000 2.686
1882.000 2.519
1883.000 2.446
1884.000 2.346
1885.000 2.235
1886.000 2.188
1887.000 2.121
1888.000 2.123
1889.000 2.239
1890.000 2.213
1891.000 2.206
1892.000 2.171
1893.000 2.168
1894.000 2.165
1895.000 2.155
1896.000 2.155
1897.000 2.164
1898.000 2.165
1899.000 2.163
1900.000 2.171
1901.000 2.193
1902.000 2.191
1903.000 2.192
1904.000 2.190
1905.000 2.257
1906.000 2.253
1907.000 2.225
1908.000 2.240
1909.000 2.302
1910.000 2.251
1911.000 2.242
1912.000 2.215
1913.000 2.209
1914.000 2.234
1915.000 2.231
1916.000 2.231
1917.000 2.243
1918.000 2.285
1919.000 2.262
1920.000 2.252
1921.000 2.241
1922.000 2.240
1923.000 2.244
1924.000 2.238
1925.000 2.242
1926.000 2.242
1927.000 2.239
1928.000 2.248
1929.000 2.306
1930.000 2.323
1931.000 2.320
1932.000 2.392
1933.000 2.444
1934.000 2.526
1935.000 2.475
1936.000 2.456
1937.000 2.394
1938.000 2.379
1939.000 2.382
1940.000 2.425
1941.000 2.420
1942.000 2.381
1943.000 2.376
1944.000 2.402
1945.000 2.384
1946.000 2.378
1947.000 2.352
1948.000 2.352
1949.000 2.358
1950.000 2.436
1951.000 2.495
1952.000 2.467
1953.000 2.452
1954.000 2.449
1955.000 2.424
1956.000 2.437
1957.000 2.439
1958.000 2.468
1959.000 2.452
1960.000 2.447
1961.000 2.438
1962.000 2.443
1963.000 2.435
1964.000 2.451
1965.000 2.458
1966.000 2.457
1967.000 2.455
1968.000 2.459
1969.000 2.473
1970.000 2.472
1971.000 2.477
1972.000 2.488
1973.000 2.498
1974.000 2.525
1975.000 2.544
1976.000 2.535
1977.000 2.597
1978.000 2.630
1979.000 2.608
1980.000 2.617
1981.000 2.618
1982.000 2.613
1983.000 2.603
1984.000 2.622
1985.000 2.609
1986.000 2.612
1987.000 2.615
1988.000 2.636
1989.000 2.637
1990.000 2.647
1991.000 2.678
1992.000 2.681
1993.000 2.696
1994.000 2.703
1995.000 2.706
1996.000 2.733
1997.000 2.734
1998.000 2.743
1999.000 2.767
2000.000 2.774
2001.000 2.787
2002.000 2.804
2003.000 2.808
2004.000 2.827
2005.000 2.827
2006.000 2.844
2007.000 2.872
2008.000 2.892
2009.000 2.905
2010.000 2.902
2011.000 2.944
2012.000 2.938
2013.000 2.965
2014.000 2.968
2015.000 2.995
2016.000 3.010
2017.000 3.025
2018.000 3.041
2019.000 3.060
2020.000 3.082
2021.000 3.117
2022.000 3.139
2023.000 3.156
2024.000 3.184
2025.000 3.207
2026.000 3.256
2027.000 3.332
2028.000 3.350
2029.000 3.375
2030.000 3.391
2031.000 3.445
2032.000 3.457
2033.000 3.480
2034.000 3.511
2035.000 3.524
2036.000 3.580
2037.000 3.618
2038.000 3.645
2039.000 3.711
2040.000 3.782
2041.000 3.832
2042.000 3.890
2043.000 3.886
2044.000 4.012
2045.000 4.009
2046.000 4.059
2047.000 4.121
2048.000 4.140
2049.000 4.219
2050.000 4.290
2051.000 4.364
2052.000 4.442
2053.000 4.469
2054.000 4.552
2055.000 4.584
2056.000 4.692
2057.000 4.779
2058.000 4.845
2059.000 4.934
2060.000 4.994
2061.000 5.163
2062.000 5.322
2063.000 5.386
2064.000 5.524
2065.000 5.594
2066.000 5.744
2067.000 5.910
2068.000 6.002
2069.000 6.227
2070.000 6.370
2071.000 6.587
2072.000 6.841
2073.000 6.957
2074.000 7.221
2075.000 7.376
2076.000 7.736
2077.000 8.065
2078.000 8.238
2079.000 8.642
2080.000 8.852
2081.000 9.309
2082.000 9.811
2083.000 10.088
2084.000 10.671
2085.000 10.993
2086.000 11.642
2087.000 12.365
2088.000 12.713
2089.000 13.419
2090.000 13.758
2091.000 14.408
2092.000 14.922
2093.000 15.193
2094.000 15.389
2095.000 15.411
2096.000 15.326
2097.000 14.731
2098.000 14.350
2099.000 13.465
2100.000 13.101
2101.000 11.919
2102.000 11.419
2103.000 10.519
2104.000 9.784
2105.000 9.390
2106.000 8.593
2107.000 8.212
2108.000 7.572
2109.000 7.052
2110.000 6.808
2111.000 6.377
2112.000 6.157
2113.000 5.733
2114.000 5.367
2115.000 5.208
2116.000 4.885
2117.000 4.743
2118.000 4.470
2119.000 4.223
2120.000 4.108
2121.000 3.880
2122.000 3.778
2123.000 3.599
2124.000 3.491
2125.000 3.388
2126.000 3.210
2127.000 3.142
2128.000 2.977
2129.000 2.831
2130.000 2.755
2131.000 2.662
2132.000 2.575
2133.000 2.394
2134.000 2.264
2135.000 2.196
2136.000 2.032
2137.000 1.955
2138.000 1.830
2139.000 1.709
2140.000 1.653
2141.000 1.547
2142.000 1.500
2143.000 1.433
2144.000 1.316
2145.000 1.378
2146.000 1.270
2147.000 1.230
2148.000 1.168
2149.000 1.108
2150.000 1.077
2151.000 1.025
2152.000 0.996
2153.000 0.949
2154.000 0.904
2155.000 0.881
2156.000 0.840
2157.000 0.825
2158.000 0.791
2159.000 0.753
2160.000 0.736
2161.000 0.705
2162.000 0.688
2163.000 0.656
2164.000 0.629
2165.000 0.612
2166.000 0.579
2167.000 0.569
2168.000 0.541
2169.000 0.514
2170.000 0.502
2171.000 0.477
2172.000 0.466
2173.000 0.444
2174.000 0.421
2175.000 0.413
2176.000 0.393
2177.000 0.380
2178.000 0.360
2179.000 0.343
2180.000 0.337
2181.000 0.317
2182.000 0.313
2183.000 0.292
2184.000 0.273
2185.000 0.263
2186.000 0.247
2187.000 0.238
2188.000 0.221
2189.000 0.207
2190.000 0.202
2191.000 0.186
2192.000 0.180
2193.000 0.167
2194.000 0.155
2195.000 0.148
2196.000 0.140
2197.000 0.133
2198.000 0.127
2199.000 0.121
2200.000 0.118
2201.000 0.115
2202.000 0.115
2203.000 0.115
2204.000 0.116
2205.000 0.119
2206.000 0.126
2207.000 0.133
2208.000 0.140
2209.000 0.152
2210.000 0.159
2211.000 0.170
2212.000 0.176
2213.000 0.193
2214.000 0.213
2215.000 0.211
2216.000 0.232
2217.000 0.243
2218.000 0.259
2219.000 0.276
2220.000 0.289
2221.000 0.308
2222.000 0.317
2223.000 0.340
2224.000 0.351
2225.000 0.378
2226.000 0.402
2227.000 0.415
2228.000 0.451
2229.000 0.458
2230.000 0.495
2231.000 0.545
2232.000 0.560
2233.000 0.596
2234.000 0.687
2235.000 0.650
2236.000 0.698
2237.000 0.725
2238.000 0.791
2239.000 0.831
2240.000 0.871
2241.000 0.927
2242.000 0.975
2243.000 1.051
2244.000 1.110
2245.000 1.215
2246.000 1.345
2247.000 1.422
2248.000 1.621
2249.000 1.735
2250.000 1.880
2251.000 2.206
2252.000 2.297
2253.000 2.391
2254.000 2.532
2255.000 2.764
2256.000 3.019
2257.000 3.182
2258.000 3.579
2259.000 3.701
2260.000 4.109
2261.000 4.775
2262.000 5.011
2263.000 5.625
2264.000 5.870
2265.000 6.485
2266.000 6.788
2267.000 6.786
2268.000 6.507
2269.000 6.237
2270.000 5.581
2271.000 5.011
2272.000 4.748
2273.000 4.102
2274.000 3.882
2275.000 3.526
2276.000 3.201
2277.000 3.062
2278.000 2.794
2279.000 2.722
2280.000 2.510
2281.000 2.481
2282.000 2.280
2283.000 2.101
2284.000 2.016
2285.000 1.899
2286.000 1.843
2287.000 1.734
2288.000 1.637
2289.000 1.593
2290.000 1.512
2291.000 1.473
2292.000 1.404
2293.000 1.338
2294.000 1.335
2295.000 1.451
2296.000 1.415
2297.000 1.419
2298.000 1.293
2299.000 1.241
2300.000 1.164
2301.000 1.100
2302.000 1.228
2303.000 1.073
2304.000 1.023
2305.000 0.940
2306.000 0.900
2307.000 0.870
2308.000 0.823
2309.000 0.879
2310.000 0.884
2311.000 0.885
2312.000 0.824
2313.000 0.783
2314.000 0.736
2315.000 0.687
2316.000 0.672
2317.000 0.628
2318.000 0.613
2319.000 0.592
2320.000 0.561
2321.000 0.544
2322.000 0.526
2323.000 0.507
2324.000 0.533
2325.000 0.523
2326.000 0.515
2327.000 0.485
2328.000 0.463
2329.000 0.456
2330.000 0.456
2331.000 0.427
2332.000 0.427
2333.000 0.406
2334.000 0.397
2335.000 0.390
2336.000 0.400
2337.000 0.366
2338.000 0.355
2339.000 0.359
2340.000 0.353
2341.000 0.340
2342.000 0.330
2343.000 0.322
2344.000 0.320
2345.000 0.316
2346.000 0.316
2347.000 0.308
2348.000 0.297
2349.000 0.294
2350.000 0.286
2351.000 0.283
2352.000 0.274
2353.000 0.267
2354.000 0.267
2355.000 0.250
2356.000 0.315
2357.000 0.291
2358.000 0.278
2359.000 0.270
2360.000 0.260
2361.000 0.254
2362.000 0.265
2363.000 0.271
2364.000 0.288
2365.000 0.275
2366.000 0.261
2367.000 0.252
2368.000 0.250
2369.000 0.236
2370.000 0.237
2371.000 0.231
2372.000 0.221
2373.000 0.212
2374.000 0.205
2375.000 0.199
2376.000 0.193
2377.000 0.188
2378.000 0.182
2379.000 0.181
2380.000 0.205
2381.000 0.206
2382.000 0.199
2383.000 0.189
2384.000 0.184
2385.000 0.184
2386.000 0.180
2387.000 0.171
2388.000 0.179
2389.000 0.178
2390.000 0.185
2391.000 0.166
2392.000 0.165
2393.000 0.160
2394.000 0.156
2395.000 0.172
2396.000 0.156
2397.000 0.184
2398.000 0.161
2399.000 0.143
2400.000 0.140
2401.000 0.135
2402.000 0.132
2403.000 0.128
2404.000 0.126
2405.000 0.124
2406.000 0.123
2407.000 0.122
2408.000 0.120
2409.000 0.114
2410.000 0.110
2411.000 0.107
2412.000 0.131
2413.000 0.132
2414.000 0.122
2415.000 0.117
2416.000 0.116
2417.000 0.114
2418.000 0.112
2419.000 0.171
2420.000 0.138
2421.000 0.113
2422.000 0.115
2423.000 0.106
2424.000 0.103
2425.000 0.096
2426.000 0.095
2427.000 0.091
2428.000 0.090
2429.000 0.087
2430.000 0.085
2431.000 0.085
2432.000 0.081
2433.000 0.081
2434.000 0.077
2435.000 0.073
2436.000 0.085
2437.000 0.085
2438.000 0.084
2439.000 0.078
2440.000 0.077
2441.000 0.076
2442.000 0.075
2443.000 0.071
2444.000 0.069
2445.000 0.070
2446.000 0.080
2447.000 0.074
2448.000 0.071
2449.000 0.070
2450.000 0.091
2451.000 0.075
2452.000 0.067
2453.000 0.068
2454.000 0.074
2455.000 0.075
2456.000 0.065
2457.000 0.072
2458.000 0.067
2459.000 0.064
2460.000 0.068
2461.000 0.066
2462.000 0.062
2463.000 0.059
2464.000 0.059
2465.000 0.058
2466.000 0.057
2467.000 0.056
2468.000 0.054
2469.000 0.054
2470.000 0.053
2471.000 0.053
2472.000 0.056
2473.000 0.053
2474.000 0.051
2475.000 0.050
2476.000 0.049
2477.000 0.049
2478.000 0.048
2479.000 0.048
2480.000 0.047
2481.000 0.049
2482.000 0.049
2483.000 0.049
2484.000 0.055
2485.000 0.057
2486.000 0.056
2487.000 0.045
2488.000 0.065
2489.000 0.053
2490.000 0.049
2491.000 0.050
2492.000 0.050
2493.000 0.049
2494.000 0.051
2495.000 0.050
2496.000 0.048
2497.000 0.049
2498.000 0.049
2499.000 0.049
2500.000 0.049
2501.000 0.046
2502.000 0.047
2503.000 0.052
2504.000 0.048
2505.000 0.053
2506.000 0.049
2507.000 0.053
2508.000 0.052
2509.000 0.053
2510.000 0.056
2511.000 0.054
2512.000 0.053
2513.000 0.053
2514.000 0.051
2515.000 0.054
2516.000 0.052
2517.000 0.050
2518.000 0.051
2519.000 0.050
2520.000 0.052
2521.000 0.052
2522.000 0.050
2523.000 0.050
2524.000 0.051
2525.000 0.051
2526.000 0.052
2527.000 0.052
2528.000 0.053
2529.000 0.052
2530.000 0.053
2531.000 0.055
2532.000 0.057
2533.000 0.056
2534.000 0.054
2535.000 0.057
2536.000 0.057
2537.000 0.056
2538.000 0.057
2539.000 0.055
2540.000 0.054
2541.000 0.055
2542.000 0.057
2543.000 0.058
2544.000 0.058
2545.000 0.057
2546.000 0.057
2547.000 0.059
2548.000 0.058
2549.000 0.059
2550.000 0.058
2551.000 0.058
2552.000 0.059
2553.000 0.061
2554.000 0.063
2555.000 0.064
2556.000 0.062
2557.000 0.062
2558.000 0.063
2559.000 0.065
2560.000 0.063
2561.000 0.067
2562.000 0.065
2563.000 0.066
2564.000 0.065
2565.000 0.067
2566.000 0.068
2567.000 0.067
2568.000 0.067
2569.000 0.074
2570.000 0.075
2571.000 0.075
2572.000 0.070
2573.000 0.075
2574.000 0.079
2575.000 0.080
2576.000 0.081
2577.000 0.077
2578.000 0.082
2579.000 0.079
2580.000 0.080
2581.000 0.121
2582.000 0.130
2583.000 0.129
2584.000 0.113
2585.000 0.106
2586.000 0.103
2587.000 0.094
2588.000 0.092
2589.000 0.085
2590.000 0.083
2591.000 0.083
2592.000 0.089
2593.000 0.096
2594.000 0.085
2595.000 0.083
2596.000 0.089
2597.000 0.087
2598.000 0.086
2599.000 0.083
2600.000 0.082
