1801.000 0.004
1802.000 0.720
1803.000 3.863
1804.000 3.878
1805.000 3.895
1806.000 3.901
1807.000 3.917
1808.000 3.933
1809.000 3.936
1810.000 3.959
1811.000 3.972
1812.000 3.979
1813.000 3.987
1814.000 3.987
1815.000 4.006
1816.000 4.066
1817.000 4.071
1818.000 4.077
1819.000 4.076
1820.000 4.089
1821.000 4.103
1822.000 4.106
1823.000 4.118
1824.000 4.124
1825.000 4.169
1826.000 4.196
1827.000 4.201
1828.000 4.194
1829.000 4.206
1830.000 4.208
1831.000 4.216
1832.000 4.202
1833.000 4.200
1834.000 4.183
1835.000 4.166
1836.000 4.217
1837.000 4.169
1838.000 4.075
1839.000 4.037
1840.000 3.967
1841.000 3.909
1842.000 3.868
1843.000 3.767
1844.000 3.727
1845.000 3.686
1846.000 3.584
1847.000 3.540
1848.000 3.450
1849.000 3.416
1850.000 3.363
1851.000 3.300
1852.000 3.290
1853.000 3.274
1854.000 3.291
1855.000 3.297
1856.000 3.317
1857.000 3.321
1858.000 3.332
1859.000 3.344
1860.000 3.356
1861.000 3.404
1862.000 3.401
1863.000 3.393
1864.000 3.398
1865.000 3.393
1866.000 3.400
1867.000 3.484
1868.000 3.449
1869.000 3.406
1870.000 3.372
1871.000 3.351
1872.000 3.340
1873.000 3.308
1874.000 3.274
1875.000 3.235
1876.000 3.179
1877.000 3.126
1878.000 3.042
1879.000 2.984
1880.000 2.876
1881.000 2.759
1882.000 2.689
1883.000 2.597
1884.000 2.528
1885.000 2.398
1886.000 2.293
1887.000 2.249
1888.000 2.160
1889.000 2.129
1890.000 2.108
1891.000 2.107
1892.000 2.115
1893.000 2.115
1894.000 2.122
1895.000 2.122
1896.000 2.129
1897.000 2.129
1898.000 2.139
1899.000 2.138
1900.000 2.148
1901.000 2.146
1902.000 2.156
1903.000 2.158
1904.000 2.165
1905.000 2.169
1906.000 2.173
1907.000 2.177
1908.000 2.178
1909.000 2.186
1910.000 2.183
1911.000 2.184
1912.000 2.194
1913.000 2.200
1914.000 2.205
1915.000 2.211
1916.000 2.208
1917.000 2.211
1918.000 2.214
1919.000 2.216
1920.000 2.216
1921.000 2.229
1922.000 2.235
1923.000 2.236
1924.000 2.239
1925.000 2.246
1926.000 2.254
1927.000 2.264
1928.000 2.267
1929.000 2.268
1930.000 2.274
1931.000 2.269
1932.000 2.433
1933.000 2.399
1934.000 2.380
1935.000 2.340
1936.000 2.330
1937.000 2.311
1938.000 2.319
1939.000 2.323
1940.000 2.336
1941.000 2.338
1942.000 2.343
1943.000 2.348
1944.000 2.342
1945.000 2.351
1946.000 2.375
1947.000 2.359
1948.000 2.373
1949.000 2.370
1950.000 2.384
1951.000 2.373
1952.000 2.384
1953.000 2.394
1954.000 2.398
1955.000 2.398
1956.000 2.401
1957.000 2.412
1958.000 2.416
1959.000 2.418
1960.000 2.417
1961.000 2.429
1962.000 2.440
1963.000 2.456
1964.000 2.461
1965.000 2.472
1966.000 2.467
1967.000 2.463
1968.000 2.476
1969.000 2.480
1970.000 2.492
1971.000 2.496
1972.000 2.503
1973.000 2.575
1974.000 2.669
1975.000 3.116
1976.000 2.987
1977.000 2.745
1978.000 2.632
1979.000 2.638
1980.000 2.622
1981.000 2.621
1982.000 2.623
1983.000 2.614
1984.000 2.628
1985.000 2.628
1986.000 2.618
1987.000 2.625
1988.000 2.641
1989.000 2.647
1990.000 2.651
1991.000 2.688
1992.000 2.680
1993.000 2.734
1994.000 2.736
1995.000 2.745
1996.000 2.761
1997.000 2.803
1998.000 2.784
1999.000 2.850
2000.000 2.853
2001.000 2.843
2002.000 2.877
2003.000 2.960
2004.000 2.948
2005.000 2.915
2006.000 2.903
2007.000 2.920
2008.000 2.951
2009.000 2.945
2010.000 2.997
2011.000 3.055
2012.000 3.037
2013.000 3.064
2014.000 3.087
2015.000 3.075
2016.000 3.105
2017.000 3.132
2018.000 3.132
2019.000 3.144
2020.000 3.172
2021.000 3.193
2022.000 3.225
2023.000 3.254
2024.000 3.332
2025.000 3.313
2026.000 3.333
2027.000 3.377
2028.000 3.371
2029.000 3.409
2030.000 3.430
2031.000 3.453
2032.000 3.495
2033.000 3.510
2034.000 3.531
2035.000 3.612
2036.000 3.644
2037.000 3.659
2038.000 3.668
2039.000 3.763
2040.000 3.833
2041.000 3.844
2042.000 3.870
2043.000 3.912
2044.000 3.968
2045.000 4.012
2046.000 4.030
2047.000 4.101
2048.000 4.119
2049.000 4.189
2050.000 4.260
2051.000 4.304
2052.000 4.380
2053.000 4.412
2054.000 4.503
2055.000 4.594
2056.000 4.654
2057.000 4.774
2058.000 4.855
2059.000 5.030
2060.000 5.141
2061.000 5.204
2062.000 5.333
2063.000 5.399
2064.000 5.589
2065.000 5.726
2066.000 5.778
2067.000 5.934
2068.000 6.017
2069.000 6.246
2070.000 6.450
2071.000 6.647
2072.000 6.856
2073.000 6.974
2074.000 7.238
2075.000 7.394
2076.000 7.680
2077.000 8.038
2078.000 8.253
2079.000 8.627
2080.000 8.872
2081.000 9.294
2082.000 9.870
2083.000 10.119
2084.000 10.690
2085.000 10.994
2086.000 11.598
2087.000 12.238
2088.000 12.574
2089.000 13.236
2090.000 13.584
2091.000 14.192
2092.000 14.718
2093.000 14.914
2094.000 15.114
2095.000 15.114
2096.000 14.966
2097.000 14.441
2098.000 14.028
2099.000 13.109
2100.000 12.632
2101.000 11.655
2102.000 10.740
2103.000 10.279
2104.000 9.424
2105.000 9.049
2106.000 8.453
2107.000 7.821
2108.000 7.529
2109.000 6.951
2110.000 6.701
2111.000 6.239
2112.000 5.812
2113.000 5.629
2114.000 5.333
2115.000 4.982
2116.000 4.835
2117.000 4.555
2118.000 4.418
2119.000 4.171
2120.000 3.953
2121.000 3.823
2122.000 3.626
2123.000 3.524
2124.000 3.341
2125.000 3.146
2126.000 3.077
2127.000 2.898
2128.000 2.846
2129.000 2.710
2130.000 2.642
2131.000 2.478
2132.000 2.310
2133.000 2.210
2134.000 2.058
2135.000 1.981
2136.000 1.850
2137.000 1.725
2138.000 1.672
2139.000 1.581
2140.000 1.528
2141.000 1.438
2142.000 1.369
2143.000 1.323
2144.000 1.258
2145.000 1.229
2146.000 1.163
2147.000 1.105
2148.000 1.076
2149.000 1.012
2150.000 0.982
2151.000 0.927
2152.000 0.882
2153.000 0.857
2154.000 0.815
2155.000 0.790
2156.000 0.749
2157.000 0.712
2158.000 0.692
2159.000 0.665
2160.000 0.654
2161.000 0.617
2162.000 0.584
2163.000 0.572
2164.000 0.541
2165.000 0.528
2166.000 0.497
2167.000 0.474
2168.000 0.461
2169.000 0.434
2170.000 0.419
2171.000 0.396
2172.000 0.374
2173.000 0.363
2174.000 0.348
2175.000 0.329
2176.000 0.308
2177.000 0.285
2178.000 0.274
2179.000 0.257
2180.000 0.250
2181.000 0.231
2182.000 0.212
2183.000 0.203
2184.000 0.184
2185.000 0.178
2186.000 0.160
2187.000 0.152
2188.000 0.138
2189.000 0.126
2190.000 0.123
2191.000 0.113
2192.000 0.106
2193.000 0.101
2194.000 0.099
2195.000 0.101
2196.000 0.105
2197.000 0.107
2198.000 0.114
2199.000 0.125
2200.000 0.130
2201.000 0.144
2202.000 0.148
2203.000 0.161
2204.000 0.177
2205.000 0.187
2206.000 0.203
2207.000 0.213
2208.000 0.231
2209.000 0.246
2210.000 0.255
2211.000 0.277
2212.000 0.289
2213.000 0.310
2214.000 0.328
2215.000 0.342
2216.000 0.366
2217.000 0.378
2218.000 0.399
2219.000 0.428
2220.000 0.444
2221.000 0.468
2222.000 0.488
2223.000 0.524
2224.000 0.535
2225.000 0.554
2226.000 0.582
2227.000 0.593
2228.000 0.634
2229.000 0.671
2230.000 0.692
2231.000 0.734
2232.000 0.742
2233.000 0.792
2234.000 0.852
2235.000 0.877
2236.000 0.948
2237.000 0.983
2238.000 1.060
2239.000 1.138
2240.000 1.184
2241.000 1.290
2242.000 1.351
2243.000 1.468
2244.000 1.577
2245.000 1.623
2246.000 1.735
2247.000 1.794
2248.000 1.918
2249.000 2.048
2250.000 2.115
2251.000 2.267
2252.000 2.346
2253.000 2.527
2254.000 2.727
2255.000 2.839
2256.000 3.095
2257.000 3.238
2258.000 3.576
2259.000 3.765
2260.000 4.164
2261.000 4.622
2262.000 4.919
2263.000 5.452
2264.000 5.992
2265.000 6.233
2266.000 6.593
2267.000 6.673
2268.000 6.630
2269.000 6.267
2270.000 6.024
2271.000 5.506
2272.000 5.298
2273.000 4.907
2274.000 4.520
2275.000 4.334
2276.000 3.982
2277.000 3.807
2278.000 3.495
2279.000 3.216
2280.000 3.092
2281.000 2.871
2282.000 2.769
2283.000 2.586
2284.000 2.434
2285.000 2.350
2286.000 2.216
2287.000 2.156
2288.000 2.032
2289.000 1.973
2290.000 1.917
2291.000 1.812
2292.000 1.776
2293.000 1.714
2294.000 1.648
2295.000 2.229
2296.000 2.418
2297.000 2.341
2298.000 1.935
2299.000 1.687
2300.000 1.577
2301.000 1.400
2302.000 1.333
2303.000 1.231
2304.000 1.166
2305.000 1.153
2306.000 1.105
2307.000 1.082
2308.000 1.037
2309.000 1.020
2310.000 0.982
2311.000 0.943
2312.000 0.924
2313.000 0.876
2314.000 0.857
2315.000 0.816
2316.000 0.780
2317.000 0.762
2318.000 0.737
2319.000 0.718
2320.000 0.692
2321.000 0.664
2322.000 0.653
2323.000 0.635
2324.000 0.622
2325.000 0.603
2326.000 0.580
2327.000 0.573
2328.000 0.553
2329.000 0.546
2330.000 0.526
2331.000 0.514
2332.000 0.504
2333.000 0.492
2334.000 0.484
2335.000 0.471
2336.000 0.460
2337.000 0.454
2338.000 0.439
2339.000 0.434
2340.000 0.424
2341.000 0.413
2342.000 0.408
2343.000 0.399
2344.000 0.392
2345.000 0.384
2346.000 0.376
2347.000 0.372
2348.000 0.363
2349.000 0.359
2350.000 0.352
2351.000 0.344
2352.000 0.339
2353.000 0.333
2354.000 0.329
2355.000 0.321
2356.000 0.316
2357.000 0.311
2358.000 0.305
2359.000 0.302
2360.000 0.296
2361.000 0.290
2362.000 0.287
2363.000 0.284
2364.000 0.282
2365.000 0.277
2366.000 0.271
2367.000 0.267
2368.000 0.261
2369.000 0.260
2370.000 0.259
2371.000 0.252
2372.000 0.250
2373.000 0.245
2374.000 0.241
2375.000 0.237
2376.000 0.228
2377.000 0.226
2378.000 0.222
2379.000 0.218
2380.000 0.213
2381.000 0.207
2382.000 0.208
2383.000 0.203
2384.000 0.205
2385.000 0.202
2386.000 0.195
2387.000 0.195
2388.000 0.191
2389.000 0.190
2390.000 0.187
2391.000 0.181
2392.000 0.177
2393.000 0.176
2394.000 0.173
2395.000 0.169
2396.000 0.165
2397.000 0.164
2398.000 0.162
2399.000 0.161
2400.000 0.156
2401.000 0.152
2402.000 0.151
2403.000 0.150
2404.000 0.146
2405.000 0.144
2406.000 0.143
2407.000 0.139
2408.000 0.137
2409.000 0.137
2410.000 0.132
2411.000 0.133
2412.000 0.171
2413.000 0.144
2414.000 0.143
2415.000 0.132
2416.000 0.149
2417.000 0.152
2418.000 0.121
2419.000 0.126
2420.000 0.128
2421.000 0.133
2422.000 0.132
2423.000 0.125
2424.000 0.124
2425.000 0.118
2426.000 0.115
2427.000 0.121
2428.000 0.112
2429.000 0.109
2430.000 0.103
2431.000 0.079
2432.000 0.103
2433.000 0.111
2434.000 0.096
2435.000 0.109
2436.000 0.099
2437.000 0.117
2438.000 0.099
2439.000 0.095
2440.000 0.090
2441.000 0.089
2442.000 0.116
2443.000 0.106
2444.000 0.090
2445.000 0.077
2446.000 0.080
2447.000 0.077
2448.000 0.072
2449.000 0.072
2450.000 0.069
2451.000 0.067
2452.000 0.065
2453.000 0.061
2454.000 0.062
2455.000 0.062
2456.000 0.059
2457.000 0.057
2458.000 0.058
2459.000 0.058
2460.000 0.054
2461.000 0.054
2462.000 0.059
2463.000 0.058
2464.000 0.057
2465.000 0.051
2466.000 0.053
2467.000 0.051
2468.000 0.048
2469.000 0.045
2470.000 0.046
2471.000 0.042
2472.000 0.042
2473.000 0.041
2474.000 0.041
2475.000 0.040
2476.000 0.037
2477.000 0.045
2478.000 0.034
2479.000 0.034
2480.000 0.034
2481.000 0.033
2482.000 0.036
2483.000 0.035
2484.000 0.033
2485.000 0.032
2486.000 0.030
2487.000 0.030
2488.000 0.029
2489.000 0.028
2490.000 0.028
2491.000 0.028
2492.000 0.028
2493.000 0.026
2494.000 0.025
2495.000 0.025
2496.000 0.025
2497.000 0.026
2498.000 0.030
2499.000 0.030
2500.000 0.035
2501.000 0.025
2502.000 0.028
2503.000 0.034
2504.000 0.028
2505.000 0.029
2506.000 0.031
2507.000 0.032
2508.000 0.026
2509.000 0.026
2510.000 0.027
2511.000 0.025
2512.000 0.025
2513.000 0.026
2514.000 0.025
2515.000 0.024
2516.000 0.025
2517.000 0.026
2518.000 0.025
2519.000 0.033
2520.000 0.030
2521.000 0.029
2522.000 0.028
2523.000 0.030
2524.000 0.027
2525.000 0.027
2526.000 0.027
2527.000 0.023
2528.000 0.027
2529.000 0.031
2530.000 0.031
2531.000 0.032
2532.000 0.031
2533.000 0.033
2534.000 0.033
2535.000 0.033
2536.000 0.034
2537.000 0.032
2538.000 0.037
2539.000 0.037
2540.000 0.037
2541.000 0.042
2542.000 0.039
2543.000 0.041
2544.000 0.042
2545.000 0.041
2546.000 0.044
2547.000 0.042
2548.000 0.044
2549.000 0.043
2550.000 0.047
2551.000 0.049
2552.000 0.047
2553.000 0.046
2554.000 0.046
2555.000 0.046
2556.000 0.047
2557.000 0.050
2558.000 0.047
2559.000 0.046
2560.000 0.048
2561.000 0.050
2562.000 0.052
2563.000 0.050
2564.000 0.048
2565.000 0.059
2566.000 0.056
2567.000 0.054
2568.000 0.056
2569.000 0.056
2570.000 0.057
2571.000 0.059
2572.000 0.061
2573.000 0.060
2574.000 0.060
2575.000 0.060
2576.000 0.059
2577.000 0.061
2578.000 0.064
2579.000 0.069
2580.000 0.071
2581.000 0.069
2582.000 0.067
2583.000 0.080
2584.000 0.071
2585.000 0.071
2586.000 0.076
2587.000 0.072
2588.000 0.073
2589.000 0.074
2590.000 0.070
2591.000 0.072
2592.000 0.080
2593.000 0.081
2594.000 0.078
2595.000 0.077
2596.000 0.079
2597.000 0.074
2598.000 0.075
2599.000 0.075
2600.000 0.075
