1801.000 0.003
1802.000 0.078
1803.000 4.299
1804.000 4.386
1805.000 4.383
1806.000 4.392
1807.000 4.402
1808.000 4.429
1809.000 4.446
1810.000 4.480
1811.000 4.487
1812.000 4.516
1813.000 4.538
1814.000 4.552
1815.000 4.588
1816.000 4.595
1817.000 4.630
1818.000 4.605
1819.000 4.608
1820.000 4.632
1821.000 4.638
1822.000 4.657
1823.000 4.678
1824.000 4.686
1825.000 4.706
1826.000 4.732
1827.000 4.757
1828.000 4.767
1829.000 4.790
1830.000 4.808
1831.000 4.825
1832.000 4.860
1833.000 4.859
1834.000 4.873
1835.000 4.878
1836.000 4.885
1837.000 4.895
1838.000 4.892
1839.000 4.880
1840.000 4.860
1841.000 4.854
1842.000 4.835
1843.000 4.813
1844.000 4.779
1845.000 4.737
1846.000 4.704
1847.000 4.681
1848.000 4.636
1849.000 4.613
1850.000 4.573
1851.000 4.529
1852.000 4.503
1853.000 4.474
1854.000 4.457
1855.000 4.413
1856.000 4.394
1857.000 4.354
1858.000 4.322
1859.000 4.288
1860.000 4.209
1861.000 4.185
1862.000 4.129
1863.000 4.117
1864.000 4.078
1865.000 4.024
1866.000 3.998
1867.000 3.959
1868.000 3.944
1869.000 3.945
1870.000 3.935
1871.000 3.940
1872.000 3.943
1873.000 3.937
1874.000 3.925
1875.000 3.910
1876.000 3.893
1877.000 3.855
1878.000 3.812
1879.000 3.773
1880.000 3.702
1881.000 3.661
1882.000 3.562
1883.000 3.490
1884.000 3.372
1885.000 3.233
1886.000 3.093
1887.000 3.020
1888.000 2.946
1889.000 2.811
1890.000 2.682
1891.000 2.622
1892.000 2.520
1893.000 2.474
1894.000 2.438
1895.000 2.447
1896.000 2.452
1897.000 2.464
1898.000 2.472
1899.000 2.478
1900.000 2.482
1901.000 2.493
1902.000 2.495
1903.000 2.493
1904.000 2.505
1905.000 2.517
1906.000 2.513
1907.000 2.514
1908.000 2.532
1909.000 2.537
1910.000 2.535
1911.000 2.535
1912.000 2.549
1913.000 2.554
1914.000 2.557
1915.000 2.567
1916.000 2.565
1917.000 2.566
1918.000 2.586
1919.000 2.594
1920.000 2.593
1921.000 2.598
1922.000 2.628
1923.000 2.629
1924.000 2.646
1925.000 2.649
1926.000 2.644
1927.000 2.644
1928.000 2.646
1929.000 2.641
1930.000 2.645
1931.000 2.650
1932.000 2.650
1933.000 2.647
1934.000 2.655
1935.000 2.658
1936.000 2.667
1937.000 2.670
1938.000 2.677
1939.000 2.684
1940.000 2.714
1941.000 2.762
1942.000 2.759
1943.000 2.748
1944.000 2.747
1945.000 2.753
1946.000 2.748
1947.000 2.742
1948.000 2.754
1949.000 2.745
1950.000 2.750
1951.000 2.744
1952.000 2.750
1953.000 2.760
1954.000 2.770
1955.000 2.770
1956.000 2.775
1957.000 2.782
1958.000 2.792
1959.000 2.790
1960.000 2.803
1961.000 2.801
1962.000 2.826
1963.000 2.822
1964.000 2.832
1965.000 2.847
1966.000 2.855
1967.000 2.890
1968.000 2.937
1969.000 2.930
1970.000 2.927
1971.000 2.927
1972.000 2.926
1973.000 2.925
1974.000 2.956
1975.000 2.965
1976.000 2.960
1977.000 2.970
1978.000 2.987
1979.000 2.991
1980.000 3.002
1981.000 3.002
1982.000 3.043
1983.000 3.042
1984.000 3.057
1985.000 3.054
1986.000 3.037
1987.000 3.062
1988.000 3.073
1989.000 3.074
1990.000 3.084
1991.000 3.106
1992.000 3.066
1993.000 3.079
1994.000 3.097
1995.000 3.115
1996.000 3.119
1997.000 3.120
1998.000 3.126
1999.000 3.156
2000.000 3.166
2001.000 3.172
2002.000 3.188
2003.000 3.229
2004.000 3.239
2005.000 3.237
2006.000 3.238
2007.000 3.263
2008.000 3.324
2009.000 3.328
2010.000 3.337
2011.000 3.371
2012.000 3.379
2013.000 3.393
2014.000 3.384
2015.000 3.413
2016.000 3.467
2017.000 3.520
2018.000 3.524
2019.000 3.561
2020.000 3.559
2021.000 3.595
2022.000 3.642
2023.000 3.645
2024.000 3.672
2025.000 3.678
2026.000 3.702
2027.000 3.725
2028.000 3.721
2029.000 3.763
2030.000 3.811
2031.000 3.827
2032.000 3.860
2033.000 3.871
2034.000 3.910
2035.000 3.950
2036.000 3.979
2037.000 4.032
2038.000 4.059
2039.000 4.125
2040.000 4.155
2041.000 4.209
2042.000 4.264
2043.000 4.299
2044.000 4.395
2045.000 4.452
2046.000 4.536
2047.000 4.619
2048.000 4.612
2049.000 4.694
2050.000 4.713
2051.000 4.774
2052.000 4.862
2053.000 4.895
2054.000 4.982
2055.000 5.090
2056.000 5.137
2057.000 5.245
2058.000 5.300
2059.000 5.408
2060.000 5.479
2061.000 5.604
2062.000 5.748
2063.000 5.858
2064.000 6.001
2065.000 6.167
2066.000 6.260
2067.000 6.464
2068.000 6.531
2069.000 6.730
2070.000 6.825
2071.000 7.064
2072.000 7.309
2073.000 7.436
2074.000 7.739
2075.000 7.893
2076.000 8.215
2077.000 8.385
2078.000 8.734
2079.000 9.156
2080.000 9.347
2081.000 10.021
2082.000 10.263
2083.000 10.783
2084.000 11.351
2085.000 11.676
2086.000 12.347
2087.000 12.673
2088.000 13.373
2089.000 14.034
2090.000 14.678
2091.000 14.974
2092.000 15.283
2093.000 15.736
2094.000 16.152
2095.000 16.201
2096.000 16.142
2097.000 15.951
2098.000 15.219
2099.000 14.400
2100.000 13.374
2101.000 12.813
2102.000 12.327
2103.000 11.258
2104.000 10.326
2105.000 9.892
2106.000 9.105
2107.000 8.372
2108.000 8.020
2109.000 7.565
2110.000 7.323
2111.000 6.776
2112.000 6.532
2113.000 6.068
2114.000 5.643
2115.000 5.437
2116.000 5.098
2117.000 4.949
2118.000 4.656
2119.000 4.387
2120.000 4.260
2121.000 4.008
2122.000 3.893
2123.000 3.667
2124.000 3.460
2125.000 3.357
2126.000 3.198
2127.000 3.016
2128.000 2.912
2129.000 2.725
2130.000 2.635
2131.000 2.415
2132.000 2.307
2133.000 2.128
2134.000 1.956
2135.000 1.875
2136.000 1.743
2137.000 1.632
2138.000 1.587
2139.000 1.488
2140.000 1.435
2141.000 1.356
2142.000 1.331
2143.000 1.256
2144.000 1.173
2145.000 1.130
2146.000 1.061
2147.000 1.001
2148.000 0.976
2149.000 0.901
2150.000 0.872
2151.000 0.823
2152.000 0.824
2153.000 0.744
2154.000 0.699
2155.000 0.668
2156.000 0.630
2157.000 0.609
2158.000 0.574
2159.000 0.529
2160.000 0.512
2161.000 0.473
2162.000 0.443
2163.000 0.427
2164.000 0.392
2165.000 0.376
2166.000 0.338
2167.000 0.329
2168.000 0.301
2169.000 0.274
2170.000 0.261
2171.000 0.232
2172.000 0.210
2173.000 0.197
2174.000 0.173
2175.000 0.161
2176.000 0.141
2177.000 0.135
2178.000 0.112
2179.000 0.097
2180.000 0.092
2181.000 0.086
2182.000 0.083
2183.000 0.088
2184.000 0.097
2185.000 0.103
2186.000 0.116
2187.000 0.126
2188.000 0.146
2189.000 0.164
2190.000 0.177
2191.000 0.196
2192.000 0.207
2193.000 0.229
2194.000 0.242
2195.000 0.261
2196.000 0.284
2197.000 0.308
2198.000 0.320
2199.000 0.345
2200.000 0.357
2201.000 0.387
2202.000 0.397
2203.000 0.425
2204.000 0.437
2205.000 0.463
2206.000 0.492
2207.000 0.503
2208.000 0.533
2209.000 0.549
2210.000 0.578
2211.000 0.611
2212.000 0.655
2213.000 0.682
2214.000 0.693
2215.000 0.758
2216.000 0.761
2217.000 0.809
2218.000 0.825
2219.000 0.850
2220.000 0.920
2221.000 0.956
2222.000 0.990
2223.000 1.018
2224.000 1.088
2225.000 1.127
2226.000 1.198
2227.000 1.237
2228.000 1.324
2229.000 1.370
2230.000 1.467
2231.000 1.626
2232.000 1.763
2233.000 1.809
2234.000 1.836
2235.000 1.918
2236.000 2.011
2237.000 2.067
2238.000 2.192
2239.000 2.254
2240.000 2.360
2241.000 2.465
2242.000 2.589
2243.000 2.647
2244.000 2.731
2245.000 2.881
2246.000 3.052
2247.000 3.153
2248.000 3.351
2249.000 3.503
2250.000 3.771
2251.000 3.897
2252.000 4.180
2253.000 4.523
2254.000 4.715
2255.000 5.168
2256.000 5.391
2257.000 6.017
2258.000 6.686
2259.000 7.451
2260.000 7.883
2261.000 8.825
2262.000 9.347
2263.000 10.386
2264.000 10.922
2265.000 11.781
2266.000 12.044
2267.000 12.059
2268.000 11.468
2269.000 10.361
2270.000 9.743
2271.000 8.596
2272.000 8.141
2273.000 7.392
2274.000 7.063
2275.000 6.431
2276.000 5.857
2277.000 5.593
2278.000 5.147
2279.000 4.933
2280.000 4.555
2281.000 4.393
2282.000 4.115
2283.000 3.865
2284.000 3.623
2285.000 3.510
2286.000 3.302
2287.000 3.207
2288.000 3.036
2289.000 2.992
2290.000 2.844
2291.000 2.773
2292.000 2.649
2293.000 2.528
2294.000 2.469
2295.000 2.358
2296.000 2.250
2297.000 2.208
2298.000 2.115
2299.000 2.078
2300.000 1.995
2301.000 1.958
2302.000 1.908
2303.000 1.847
2304.000 1.820
2305.000 1.760
2306.000 1.731
2307.000 1.660
2308.000 1.601
2309.000 1.583
2310.000 1.528
2311.000 1.507
2312.000 1.434
2313.000 1.372
2314.000 1.343
2315.000 1.290
2316.000 1.228
2317.000 1.202
2318.000 1.157
2319.000 1.128
2320.000 1.083
2321.000 1.061
2322.000 1.021
2323.000 0.983
2324.000 0.965
2325.000 0.935
2326.000 0.920
2327.000 0.889
2328.000 0.862
2329.000 0.849
2330.000 0.824
2331.000 0.795
2332.000 0.785
2333.000 0.765
2334.000 0.752
2335.000 0.736
2336.000 0.715
2337.000 0.707
2338.000 0.683
2339.000 0.678
2340.000 0.663
2341.000 0.663
2342.000 0.659
2343.000 0.640
2344.000 0.633
2345.000 0.613
2346.000 0.604
2347.000 0.592
2348.000 0.583
2349.000 0.580
2350.000 0.573
2351.000 0.574
2352.000 0.557
2353.000 0.540
2354.000 0.531
2355.000 0.516
2356.000 0.512
2357.000 0.505
2358.000 0.492
2359.000 0.487
2360.000 0.472
2361.000 0.467
2362.000 0.453
2363.000 0.450
2364.000 0.444
2365.000 0.437
2366.000 0.427
2367.000 0.423
2368.000 0.417
2369.000 0.413
2370.000 0.403
2371.000 0.398
2372.000 0.384
2373.000 0.383
2374.000 0.380
2375.000 0.373
2376.000 0.363
2377.000 0.359
2378.000 0.352
2379.000 0.350
2380.000 0.343
2381.000 0.339
2382.000 0.333
2383.000 0.332
2384.000 0.330
2385.000 0.321
2386.000 0.321
2387.000 0.311
2388.000 0.308
2389.000 0.303
2390.000 0.301
2391.000 0.300
2392.000 0.295
2393.000 0.290
2394.000 0.285
2395.000 0.278
2396.000 0.272
2397.000 0.270
2398.000 0.268
2399.000 0.264
2400.000 0.257
2401.000 0.255
2402.000 0.263
2403.000 0.256
2404.000 0.258
2405.000 0.249
2406.000 0.239
2407.000 0.236
2408.000 0.234
2409.000 0.230
2410.000 0.225
2411.000 0.224
2412.000 0.220
2413.000 0.218
2414.000 0.215
2415.000 0.211
2416.000 0.208
2417.000 0.206
2418.000 0.217
2419.000 0.224
2420.000 0.226
2421.000 0.211
2422.000 0.208
2423.000 0.198
2424.000 0.200
2425.000 0.189
2426.000 0.187
2427.000 0.181
2428.000 0.177
2429.000 0.174
2430.000 0.170
2431.000 0.168
2432.000 0.162
2433.000 0.160
2434.000 0.157
2435.000 0.156
2436.000 0.151
2437.000 0.149
2438.000 0.147
2439.000 0.145
2440.000 0.144
2441.000 0.141
2442.000 0.139
2443.000 0.136
2444.000 0.135
2445.000 0.131
2446.000 0.133
2447.000 0.130
2448.000 0.127
2449.000 0.127
2450.000 0.130
2451.000 0.125
2452.000 0.122
2453.000 0.120
2454.000 0.119
2455.000 0.120
2456.000 0.123
2457.000 0.119
2458.000 0.115
2459.000 0.110
2460.000 0.108
2461.000 0.106
2462.000 0.105
2463.000 0.102
2464.000 0.100
2465.000 0.098
2466.000 0.098
2467.000 0.094
2468.000 0.091
2469.000 0.090
2470.000 0.088
2471.000 0.086
2472.000 0.085
2473.000 0.085
2474.000 0.082
2475.000 0.082
2476.000 0.081
2477.000 0.081
2478.000 0.078
2479.000 0.075
2480.000 0.074
2481.000 0.074
2482.000 0.073
2483.000 0.071
2484.000 0.070
2485.000 0.070
2486.000 0.067
2487.000 0.068
2488.000 0.068
2489.000 0.066
2490.000 0.063
2491.000 0.065
2492.000 0.062
2493.000 0.060
2494.000 0.060
2495.000 0.060
2496.000 0.057
2497.000 0.063
2498.000 0.061
2499.000 0.058
2500.000 0.058
2501.000 0.057
2502.000 0.054
2503.000 0.052
2504.000 0.056
2505.000 0.055
2506.000 0.055
2507.000 0.054
2508.000 0.057
2509.000 0.060
2510.000 0.057
2511.000 0.057
2512.000 0.052
2513.000 0.057
2514.000 0.058
2515.000 0.059
2516.000 0.056
2517.000 0.053
2518.000 0.054
2519.000 0.054
2520.000 0.052
2521.000 0.053
2522.000 0.053
2523.000 0.054
2524.000 0.056
2525.000 0.053
2526.000 0.054
2527.000 0.054
2528.000 0.056
2529.000 0.058
2530.000 0.060
2531.000 0.060
2532.000 0.061
2533.000 0.062
2534.000 0.061
2535.000 0.059
2536.000 0.059
2537.000 0.060
2538.000 0.061
2539.000 0.060
2540.000 0.060
2541.000 0.061
2542.000 0.061
2543.000 0.068
2544.000 0.067
2545.000 0.066
2546.000 0.067
2547.000 0.067
2548.000 0.068
2549.000 0.070
2550.000 0.070
2551.000 0.073
2552.000 0.073
2553.000 0.072
2554.000 0.075
2555.000 0.080
2556.000 0.079
2557.000 0.079
2558.000 0.081
2559.000 0.082
2560.000 0.080
2561.000 0.083
2562.000 0.084
2563.000 0.083
2564.000 0.084
2565.000 0.088
2566.000 0.086
2567.000 0.086
2568.000 0.089
2569.000 0.091
2570.000 0.089
2571.000 0.092
2572.000 0.100
2573.000 0.103
2574.000 0.107
2575.000 0.104
2576.000 0.105
2577.000 0.103
2578.000 0.106
2579.000 0.105
2580.000 0.105
2581.000 0.107
2582.000 0.106
2583.000 0.107
2584.000 0.110
2585.000 0.107
2586.000 0.111
2587.000 0.110
2588.000 0.111
2589.000 0.113
2590.000 0.113
2591.000 0.115
2592.000 0.118
2593.000 0.117
2594.000 0.119
2595.000 0.119
2596.000 0.123
2597.000 0.122
2598.000 0.122
2599.000 0.126
2600.000 0.126
