1801.000 0.003
1802.000 0.924
1803.000 2.692
1804.000 2.706
1805.000 2.697
1806.000 2.603
1807.000 2.582
1808.000 2.569
1809.000 2.581
1810.000 2.594
1811.000 2.621
1812.000 2.624
1813.000 2.644
1814.000 2.645
1815.000 2.670
1816.000 2.707
1817.000 2.695
1818.000 2.694
1819.000 2.730
1820.000 2.742
1821.000 2.751
1822.000 2.782
1823.000 2.794
1824.000 2.787
1825.000 2.788
1826.000 2.803
1827.000 2.813
1828.000 2.829
1829.000 2.837
1830.000 2.860
1831.000 2.852
1832.000 2.879
1833.000 2.878
1834.000 2.877
1835.000 2.902
1836.000 2.887
1837.000 2.888
1838.000 2.887
1839.000 2.881
1840.000 2.857
1841.000 2.863
1842.000 2.835
1843.000 2.783
1844.000 2.771
1845.000 2.701
1846.000 2.675
1847.000 2.612
1848.000 2.561
1849.000 2.529
1850.000 2.484
1851.000 2.462
1852.000 2.434
1853.000 2.408
1854.000 2.384
1855.000 2.349
1856.000 2.342
1857.000 2.335
1858.000 2.338
1859.000 2.333
1860.000 2.328
1861.000 2.329
1862.000 2.341
1863.000 2.336
1864.000 2.350
1865.000 2.337
1866.000 2.309
1867.000 2.279
1868.000 2.231
1869.000 2.215
1870.000 2.142
1871.000 2.112
1872.000 2.036
1873.000 1.950
1874.000 1.908
1875.000 1.817
1876.000 1.774
1877.000 1.695
1878.000 1.619
1879.000 1.586
1880.000 1.518
1881.000 1.539
1882.000 1.529
1883.000 1.523
1884.000 1.513
1885.000 1.498
1886.000 1.500
1887.000 1.516
1888.000 1.514
1889.000 1.499
1890.000 1.497
1891.000 1.501
1892.000 1.504
1893.000 1.508
1894.000 1.537
1895.000 1.532
1896.000 1.517
1897.000 1.538
1898.000 1.540
1899.000 1.539
1900.000 1.551
1901.000 1.551
1902.000 1.585
1903.000 1.572
1904.000 1.565
1905.000 1.562
1906.000 1.560
1907.000 1.570
1908.000 1.579
1909.000 1.577
1910.000 1.585
1911.000 1.584
1912.000 1.582
1913.000 1.572
1914.000 1.578
1915.000 1.590
1916.000 1.587
1917.000 1.605
1918.000 1.617
1919.000 1.609
1920.000 1.610
1921.000 1.618
1922.000 1.626
1923.000 1.626
1924.000 1.647
1925.000 1.641
1926.000 1.639
1927.000 1.629
1928.000 1.630
1929.000 1.646
1930.000 1.674
1931.000 1.663
1932.000 1.669
1933.000 1.665
1934.000 1.656
1935.000 1.657
1936.000 1.651
1937.000 1.665
1938.000 1.684
1939.000 1.682
1940.000 1.689
1941.000 1.689
1942.000 1.683
1943.000 1.684
1944.000 1.698
1945.000 1.695
1946.000 1.702
1947.000 1.716
1948.000 1.718
1949.000 1.745
1950.000 1.748
1951.000 1.743
1952.000 1.748
1953.000 1.741
1954.000 1.750
1955.000 1.754
1956.000 1.768
1957.000 1.771
1958.000 1.778
1959.000 1.813
1960.000 1.794
1961.000 1.818
1962.000 1.824
1963.000 1.823
1964.000 1.829
1965.000 1.822
1966.000 1.819
1967.000 1.831
1968.000 1.836
1969.000 1.848
1970.000 1.854
1971.000 1.856
1972.000 1.863
1973.000 1.861
1974.000 1.868
1975.000 1.884
1976.000 1.902
1977.000 1.894
1978.000 1.905
1979.000 1.916
1980.000 1.923
1981.000 1.939
1982.000 1.943
1983.000 1.946
1984.000 1.959
1985.000 1.975
1986.000 1.962
1987.000 1.973
1988.000 1.996
1989.000 2.007
1990.000 2.081
1991.000 2.100
1992.000 2.064
1993.000 2.084
1994.000 2.097
1995.000 2.112
1996.000 2.122
1997.000 2.118
1998.000 2.123
1999.000 2.142
2000.000 2.178
2001.000 2.201
2002.000 2.216
2003.000 2.226
2004.000 2.230
2005.000 2.228
2006.000 2.241
2007.000 2.263
2008.000 2.290
2009.000 2.298
2010.000 2.291
2011.000 2.336
2012.000 2.338
2013.000 2.364
2014.000 2.366
2015.000 2.394
2016.000 2.410
2017.000 2.432
2018.000 2.437
2019.000 2.458
2020.000 2.483
2021.000 2.512
2022.000 2.536
2023.000 2.559
2024.000 2.582
2025.000 2.599
2026.000 2.613
2027.000 2.670
2028.000 2.674
2029.000 2.712
2030.000 2.733
2031.000 2.778
2032.000 2.814
2033.000 2.829
2034.000 2.872
2035.000 2.895
2036.000 2.947
2037.000 2.992
2038.000 3.013
2039.000 3.101
2040.000 3.120
2041.000 3.239
2042.000 3.295
2043.000 3.321
2044.000 3.364
2045.000 3.386
2046.000 3.458
2047.000 3.523
2048.000 3.544
2049.000 3.643
2050.000 3.705
2051.000 3.794
2052.000 3.864
2053.000 3.921
2054.000 4.011
2055.000 4.046
2056.000 4.150
2057.000 4.240
2058.000 4.286
2059.000 4.419
2060.000 4.533
2061.000 4.634
2062.000 4.765
2063.000 4.842
2064.000 5.062
2065.000 5.123
2066.000 5.307
2067.000 5.477
2068.000 5.578
2069.000 5.788
2070.000 5.893
2071.000 6.104
2072.000 6.373
2073.000 6.532
2074.000 6.829
2075.000 6.990
2076.000 7.312
2077.000 7.669
2078.000 7.875
2079.000 8.589
2080.000 8.757
2081.000 9.203
2082.000 9.739
2083.000 10.006
2084.000 10.588
2085.000 10.962
2086.000 11.816
2087.000 12.496
2088.000 12.876
2089.000 13.710
2090.000 14.072
2091.000 14.849
2092.000 15.351
2093.000 15.506
2094.000 15.770
2095.000 15.876
2096.000 15.935
2097.000 15.546
2098.000 15.229
2099.000 14.537
2100.000 14.159
2101.000 13.273
2102.000 12.286
2103.000 11.827
2104.000 10.972
2105.000 10.569
2106.000 9.787
2107.000 9.161
2108.000 8.848
2109.000 8.393
2110.000 8.106
2111.000 7.741
2112.000 7.122
2113.000 6.957
2114.000 6.560
2115.000 6.376
2116.000 6.063
2117.000 5.771
2118.000 5.640
2119.000 5.369
2120.000 5.246
2121.000 5.081
2122.000 5.008
2123.000 4.959
2124.000 4.800
2125.000 4.619
2126.000 4.395
2127.000 4.323
2128.000 4.146
2129.000 4.056
2130.000 3.980
2131.000 3.842
2132.000 3.810
2133.000 3.646
2134.000 3.530
2135.000 3.467
2136.000 3.389
2137.000 3.335
2138.000 3.240
2139.000 3.152
2140.000 3.117
2141.000 3.065
2142.000 3.016
2143.000 2.977
2144.000 2.906
2145.000 2.864
2146.000 2.780
2147.000 2.753
2148.000 2.686
2149.000 2.632
2150.000 2.606
2151.000 2.533
2152.000 2.524
2153.000 2.550
2154.000 2.472
2155.000 2.514
2156.000 2.412
2157.000 2.376
2158.000 2.290
2159.000 2.227
2160.000 2.225
2161.000 2.193
2162.000 2.161
2163.000 2.102
2164.000 2.040
2165.000 2.025
2166.000 2.005
2167.000 1.992
2168.000 1.963
2169.000 1.924
2170.000 1.909
2171.000 1.910
2172.000 1.900
2173.000 1.852
2174.000 1.823
2175.000 1.812
2176.000 1.790
2177.000 1.778
2178.000 1.752
2179.000 1.738
2180.000 1.728
2181.000 1.716
2182.000 1.711
2183.000 1.705
2184.000 1.694
2185.000 1.689
2186.000 1.686
2187.000 1.679
2188.000 1.678
2189.000 1.669
2190.000 1.674
2191.000 1.667
2192.000 1.671
2193.000 1.667
2194.000 1.670
2195.000 1.669
2196.000 1.679
2197.000 1.682
2198.000 1.686
2199.000 1.692
2200.000 1.693
2201.000 1.711
2202.000 1.727
2203.000 1.755
2204.000 1.769
2205.000 1.778
2206.000 1.818
2207.000 1.824
2208.000 1.837
2209.000 1.889
2210.000 1.897
2211.000 1.891
2212.000 1.888
2213.000 1.912
2214.000 1.921
2215.000 1.924
2216.000 1.929
2217.000 1.942
2218.000 1.964
2219.000 1.982
2220.000 1.995
2221.000 2.019
2222.000 2.060
2223.000 2.098
2224.000 2.139
2225.000 2.150
2226.000 2.179
2227.000 2.195
2228.000 2.225
2229.000 2.264
2230.000 2.279
2231.000 2.324
2232.000 2.372
2233.000 2.414
2234.000 2.457
2235.000 2.486
2236.000 2.586
2237.000 2.590
2238.000 2.672
2239.000 2.704
2240.000 2.792
2241.000 2.883
2242.000 2.929
2243.000 3.036
2244.000 3.092
2245.000 3.263
2246.000 3.426
2247.000 3.502
2248.000 3.652
2249.000 3.729
2250.000 3.915
2251.000 4.123
2252.000 4.241
2253.000 4.490
2254.000 4.625
2255.000 4.938
2256.000 5.374
2257.000 5.632
2258.000 6.085
2259.000 6.337
2260.000 6.913
2261.000 7.501
2262.000 7.835
2263.000 8.527
2264.000 8.833
2265.000 9.322
2266.000 9.490
2267.000 9.404
2268.000 8.940
2269.000 8.727
2270.000 8.238
2271.000 7.614
2272.000 7.266
2273.000 6.598
2274.000 6.264
2275.000 5.678
2276.000 5.138
2277.000 4.967
2278.000 4.598
2279.000 4.404
2280.000 4.058
2281.000 3.761
2282.000 3.641
2283.000 3.374
2284.000 3.162
2285.000 2.975
2286.000 2.837
2287.000 2.736
2288.000 2.585
2289.000 2.518
2290.000 2.384
2291.000 2.305
2292.000 2.157
2293.000 2.127
2294.000 2.052
2295.000 1.971
2296.000 1.881
2297.000 1.844
2298.000 1.751
2299.000 1.719
2300.000 1.652
2301.000 1.601
2302.000 1.549
2303.000 1.506
2304.000 1.482
2305.000 1.441
2306.000 1.362
2307.000 1.328
2308.000 1.267
2309.000 1.231
2310.000 1.173
2311.000 1.120
2312.000 1.097
2313.000 1.057
2314.000 1.038
2315.000 0.998
2316.000 0.964
2317.000 0.946
2318.000 0.921
2319.000 0.904
2320.000 0.880
2321.000 0.852
2322.000 0.840
2323.000 0.817
2324.000 0.808
2325.000 0.811
2326.000 0.788
2327.000 0.784
2328.000 0.781
2329.000 0.772
2330.000 0.742
2331.000 0.723
2332.000 0.712
2333.000 0.693
2334.000 0.685
2335.000 0.669
2336.000 0.652
2337.000 0.648
2338.000 0.637
2339.000 0.630
2340.000 0.619
2341.000 0.608
2342.000 0.602
2343.000 0.597
2344.000 0.591
2345.000 0.582
2346.000 0.576
2347.000 0.566
2348.000 0.560
2349.000 0.558
2350.000 0.548
2351.000 0.540
2352.000 0.536
2353.000 0.531
2354.000 0.527
2355.000 0.521
2356.000 0.515
2357.000 0.511
2358.000 0.507
2359.000 0.502
2360.000 0.498
2361.000 0.495
2362.000 0.491
2363.000 0.485
2364.000 0.484
2365.000 0.481
2366.000 0.480
2367.000 0.478
2368.000 0.470
2369.000 0.470
2370.000 0.465
2371.000 0.462
2372.000 0.456
2373.000 0.454
2374.000 0.452
2375.000 0.449
2376.000 0.445
2377.000 0.446
2378.000 0.443
2379.000 0.440
2380.000 0.438
2381.000 0.439
2382.000 0.435
2383.000 0.432
2384.000 0.428
2385.000 0.427
2386.000 0.428
2387.000 0.424
2388.000 0.421
2389.000 0.420
2390.000 0.415
2391.000 0.415
2392.000 0.414
2393.000 0.418
2394.000 0.415
2395.000 0.416
2396.000 0.420
2397.000 0.413
2398.000 0.413
2399.000 0.417
2400.000 0.421
2401.000 0.425
2402.000 0.421
2403.000 0.423
2404.000 0.440
2405.000 0.430
2406.000 0.424
2407.000 0.414
2408.000 0.408
2409.000 0.413
2410.000 0.438
2411.000 0.429
2412.000 0.424
2413.000 0.416
2414.000 0.413
2415.000 0.439
2416.000 0.457
2417.000 0.436
2418.000 0.442
2419.000 0.446
2420.000 0.431
2421.000 0.432
2422.000 0.494
2423.000 0.561
2424.000 0.563
2425.000 0.510
2426.000 0.493
2427.000 0.467
2428.000 0.448
2429.000 0.439
2430.000 0.426
2431.000 0.425
2432.000 0.411
2433.000 0.402
2434.000 0.399
2435.000 0.388
2436.000 0.387
2437.000 0.380
2438.000 0.396
2439.000 0.393
2440.000 0.386
2441.000 0.383
2442.000 0.381
2443.000 0.379
2444.000 0.375
2445.000 0.376
2446.000 0.372
2447.000 0.372
2448.000 0.371
2449.000 0.368
2450.000 0.371
2451.000 0.368
2452.000 0.367
2453.000 0.370
2454.000 0.378
2455.000 0.375
2456.000 0.373
2457.000 0.389
2458.000 0.391
2459.000 0.386
2460.000 0.381
2461.000 0.375
2462.000 0.371
2463.000 0.370
2464.000 0.368
2465.000 0.368
2466.000 0.368
2467.000 0.369
2468.000 0.366
2469.000 0.367
2470.000 0.367
2471.000 0.369
2472.000 0.368
2473.000 0.368
2474.000 0.370
2475.000 0.368
2476.000 0.368
2477.000 0.385
2478.000 0.390
2479.000 0.380
2480.000 0.378
2481.000 0.379
2482.000 0.431
2483.000 0.438
2484.000 0.425
2485.000 0.410
2486.000 0.405
2487.000 0.569
2488.000 0.579
2489.000 0.514
2490.000 0.494
2491.000 0.492
2492.000 0.467
2493.000 0.453
2494.000 0.441
2495.000 0.475
2496.000 0.460
2497.000 0.439
2498.000 0.430
2499.000 0.411
2500.000 0.406
2501.000 0.412
2502.000 0.447
2503.000 0.439
2504.000 0.421
2505.000 0.411
2506.000 0.407
2507.000 0.398
2508.000 0.398
2509.000 0.408
2510.000 0.401
2511.000 0.397
2512.000 0.391
2513.000 0.390
2514.000 0.417
2515.000 0.437
2516.000 0.458
2517.000 0.447
2518.000 0.443
2519.000 0.440
2520.000 0.466
2521.000 0.450
2522.000 0.452
2523.000 0.449
2524.000 0.440
2525.000 0.444
2526.000 0.449
2527.000 0.480
2528.000 0.463
2529.000 0.440
2530.000 0.444
2531.000 0.447
2532.000 0.460
2533.000 0.472
2534.000 0.454
2535.000 0.441
2536.000 0.437
2537.000 0.425
2538.000 0.426
2539.000 0.428
2540.000 0.423
2541.000 0.423
2542.000 0.423
2543.000 0.423
2544.000 0.484
2545.000 0.491
2546.000 0.491
2547.000 0.534
2548.000 0.517
2549.000 0.490
2550.000 0.466
2551.000 0.463
2552.000 0.453
2553.000 0.450
2554.000 0.446
2555.000 0.439
2556.000 0.440
2557.000 0.477
2558.000 0.466
2559.000 0.457
2560.000 0.449
2561.000 0.447
2562.000 0.441
2563.000 0.450
2564.000 0.467
2565.000 0.458
2566.000 0.451
2567.000 0.448
2568.000 0.442
2569.000 0.440
2570.000 0.438
2571.000 0.437
2572.000 0.444
2573.000 0.442
2574.000 0.454
2575.000 0.445
2576.000 0.448
2577.000 0.444
2578.000 0.442
2579.000 0.439
2580.000 0.436
2581.000 0.438
2582.000 0.435
2583.000 0.434
2584.000 0.435
2585.000 0.431
2586.000 0.431
2587.000 0.434
2588.000 0.434
2589.000 0.435
2590.000 0.431
2591.000 0.432
2592.000 0.435
2593.000 0.434
2594.000 0.432
2595.000 0.434
2596.000 0.434
2597.000 0.438
2598.000 0.438
2599.000 0.435
2600.000 0.438
