1801.000 0.021
1802.000 3.228
1803.000 3.582
1804.000 3.648
1805.000 3.655
1806.000 3.649
1807.000 3.646
1808.000 3.643
1809.000 3.759
1810.000 3.756
1811.000 3.736
1812.000 3.736
1813.000 3.736
1814.000 3.731
1815.000 3.736
1816.000 3.740
1817.000 3.759
1818.000 3.766
1819.000 3.782
1820.000 3.790
1821.000 3.795
1822.000 3.805
1823.000 3.807
1824.000 3.803
1825.000 3.807
1826.000 3.809
1827.000 3.809
1828.000 3.807
1829.000 3.796
1830.000 3.785
1831.000 3.765
1832.000 3.737
1833.000 3.727
1834.000 3.663
1835.000 3.627
1836.000 3.564
1837.000 3.503
1838.000 3.458
1839.000 3.377
1840.000 3.332
1841.000 3.257
1842.000 3.180
1843.000 3.137
1844.000 3.071
1845.000 3.045
1846.000 3.008
1847.000 3.005
1848.000 3.037
1849.000 3.016
1850.000 3.021
1851.000 3.023
1852.000 3.026
1853.000 3.043
1854.000 3.048
1855.000 3.058
1856.000 3.057
1857.000 3.060
1858.000 3.068
1859.000 3.068
1860.000 3.071
1861.000 3.071
1862.000 3.068
1863.000 3.064
1864.000 3.052
1865.000 3.042
1866.000 3.020
1867.000 2.980
1868.000 2.956
1869.000 2.902
1870.000 2.876
1871.000 2.789
1872.000 2.699
1873.000 2.656
1874.000 2.559
1875.000 2.497
1876.000 2.376
1877.000 2.272
1878.000 2.219
1879.000 2.113
1880.000 2.070
1881.000 1.987
1882.000 1.931
1883.000 1.918
1884.000 1.915
1885.000 1.914
1886.000 1.926
1887.000 1.935
1888.000 1.937
1889.000 1.949
1890.000 1.948
1891.000 1.949
1892.000 1.957
1893.000 1.962
1894.000 1.966
1895.000 1.970
1896.000 1.971
1897.000 1.974
1898.000 1.980
1899.000 1.987
1900.000 1.990
1901.000 1.992
1902.000 1.997
1903.000 2.002
1904.000 2.004
1905.000 2.008
1906.000 2.051
1907.000 2.064
1908.000 2.063
1909.000 2.089
1910.000 2.084
1911.000 2.065
1912.000 2.061
1913.000 2.063
1914.000 2.064
1915.000 2.060
1916.000 2.061
1917.000 2.066
1918.000 2.074
1919.000 2.062
1920.000 2.074
1921.000 2.077
1922.000 2.081
1923.000 2.133
1924.000 2.118
1925.000 2.120
1926.000 2.108
1927.000 2.116
1928.000 2.112
1929.000 2.120
1930.000 2.119
1931.000 2.126
1932.000 2.139
1933.000 2.140
1934.000 2.137
1935.000 2.142
1936.000 2.147
1937.000 2.147
1938.000 2.149
1939.000 2.155
1940.000 2.159
1941.000 2.169
1942.000 2.176
1943.000 2.167
1944.000 2.176
1945.000 2.182
1946.000 2.174
1947.000 2.177
1948.000 2.188
1949.000 2.197
1950.000 2.197
1951.000 2.209
1952.000 2.203
1953.000 2.211
1954.000 2.219
1955.000 2.223
1956.000 2.237
1957.000 2.230
1958.000 2.235
1959.000 2.246
1960.000 2.240
1961.000 2.284
1962.000 2.288
1963.000 2.300
1964.000 2.301
1965.000 2.305
1966.000 2.389
1967.000 2.373
1968.000 2.364
1969.000 2.361
1970.000 2.360
1971.000 2.363
1972.000 2.366
1973.000 2.379
1974.000 2.373
1975.000 2.366
1976.000 2.384
1977.000 2.393
1978.000 2.384
1979.000 2.391
1980.000 2.405
1981.000 2.421
1982.000 2.416
1983.000 2.428
1984.000 2.442
1985.000 2.487
1986.000 2.500
1987.000 2.512
1988.000 2.527
1989.000 2.509
1990.000 2.524
1991.000 2.548
1992.000 2.546
1993.000 2.578
1994.000 2.581
1995.000 2.594
1996.000 2.619
1997.000 2.614
1998.000 2.621
1999.000 2.626
2000.000 2.633
2001.000 2.664
2002.000 2.663
2003.000 2.699
2004.000 2.705
2005.000 2.719
2006.000 2.726
2007.000 2.713
2008.000 2.756
2009.000 2.764
2010.000 2.769
2011.000 2.846
2012.000 2.846
2013.000 2.881
2014.000 2.870
2015.000 2.893
2016.000 2.912
2017.000 2.903
2018.000 2.924
2019.000 2.946
2020.000 2.967
2021.000 2.996
2022.000 2.998
2023.000 3.035
2024.000 3.057
2025.000 3.117
2026.000 3.120
2027.000 3.143
2028.000 3.180
2029.000 3.195
2030.000 3.223
2031.000 3.285
2032.000 3.321
2033.000 3.358
2034.000 3.389
2035.000 3.425
2036.000 3.464
2037.000 3.487
2038.000 3.520
2039.000 3.546
2040.000 3.610
2041.000 3.648
2042.000 3.689
2043.000 3.752
2044.000 3.770
2045.000 3.835
2046.000 3.890
2047.000 3.967
2048.000 4.030
2049.000 4.055
2050.000 4.116
2051.000 4.190
2052.000 4.299
2053.000 4.406
2054.000 4.430
2055.000 4.494
2056.000 4.584
2057.000 4.632
2058.000 4.727
2059.000 4.792
2060.000 4.903
2061.000 5.007
2062.000 5.076
2063.000 5.316
2064.000 5.401
2065.000 5.535
2066.000 5.700
2067.000 5.782
2068.000 5.963
2069.000 6.049
2070.000 6.237
2071.000 6.461
2072.000 6.576
2073.000 6.830
2074.000 6.961
2075.000 7.266
2076.000 7.576
2077.000 7.823
2078.000 8.278
2079.000 8.468
2080.000 8.883
2081.000 9.318
2082.000 9.593
2083.000 10.127
2084.000 10.420
2085.000 11.078
2086.000 11.430
2087.000 12.042
2088.000 12.759
2089.000 13.092
2090.000 13.791
2091.000 14.115
2092.000 14.660
2093.000 15.091
2094.000 15.227
2095.000 15.299
2096.000 15.252
2097.000 14.820
2098.000 14.112
2099.000 13.671
2100.000 12.803
2101.000 12.338
2102.000 11.378
2103.000 10.482
2104.000 10.063
2105.000 9.263
2106.000 8.898
2107.000 8.249
2108.000 7.665
2109.000 7.391
2110.000 6.912
2111.000 6.679
2112.000 6.486
2113.000 5.979
2114.000 5.783
2115.000 5.432
2116.000 5.243
2117.000 4.946
2118.000 4.670
2119.000 4.541
2120.000 4.300
2121.000 4.192
2122.000 3.982
2123.000 3.791
2124.000 3.711
2125.000 3.675
2126.000 3.577
2127.000 3.378
2128.000 3.200
2129.000 3.156
2130.000 3.103
2131.000 2.991
2132.000 2.847
2133.000 2.718
2134.000 2.652
2135.000 2.508
2136.000 2.432
2137.000 2.301
2138.000 2.150
2139.000 2.083
2140.000 1.981
2141.000 1.935
2142.000 1.821
2143.000 1.715
2144.000 1.669
2145.000 1.600
2146.000 1.561
2147.000 1.498
2148.000 1.435
2149.000 1.398
2150.000 1.338
2151.000 1.308
2152.000 1.251
2153.000 1.204
2154.000 1.180
2155.000 1.136
2156.000 1.123
2157.000 1.083
2158.000 1.042
2159.000 1.020
2160.000 0.982
2161.000 0.962
2162.000 0.927
2163.000 0.895
2164.000 0.877
2165.000 0.843
2166.000 0.831
2167.000 0.800
2168.000 0.775
2169.000 0.765
2170.000 0.740
2171.000 0.727
2172.000 0.712
2173.000 0.684
2174.000 0.675
2175.000 0.653
2176.000 0.641
2177.000 0.617
2178.000 0.602
2179.000 0.592
2180.000 0.572
2181.000 0.564
2182.000 0.545
2183.000 0.531
2184.000 0.522
2185.000 0.506
2186.000 0.496
2187.000 0.481
2188.000 0.462
2189.000 0.456
2190.000 0.443
2191.000 0.434
2192.000 0.417
2193.000 0.406
2194.000 0.399
2195.000 0.390
2196.000 0.381
2197.000 0.366
2198.000 0.354
2199.000 0.348
2200.000 0.332
2201.000 0.326
2202.000 0.315
2203.000 0.312
2204.000 0.298
2205.000 0.288
2206.000 0.280
2207.000 0.272
2208.000 0.266
2209.000 0.258
2210.000 0.246
2211.000 0.244
2212.000 0.234
2213.000 0.228
2214.000 0.221
2215.000 0.213
2216.000 0.207
2217.000 0.200
2218.000 0.198
2219.000 0.188
2220.000 0.182
2221.000 0.177
2222.000 0.169
2223.000 0.165
2224.000 0.158
2225.000 0.152
2226.000 0.149
2227.000 0.141
2228.000 0.142
2229.000 0.139
2230.000 0.135
2231.000 0.138
2232.000 0.136
2233.000 0.138
2234.000 0.147
2235.000 0.153
2236.000 0.151
2237.000 0.161
2238.000 0.161
2239.000 0.169
2240.000 0.183
2241.000 0.188
2242.000 0.207
2243.000 0.213
2244.000 0.233
2245.000 0.253
2246.000 0.268
2247.000 0.292
2248.000 0.306
2249.000 0.333
2250.000 0.376
2251.000 0.386
2252.000 0.430
2253.000 0.454
2254.000 0.511
2255.000 0.576
2256.000 0.609
2257.000 0.682
2258.000 0.727
2259.000 0.839
2260.000 1.088
2261.000 1.194
2262.000 1.417
2263.000 1.527
2264.000 1.859
2265.000 2.179
2266.000 2.336
2267.000 2.653
2268.000 2.744
2269.000 2.775
2270.000 2.622
2271.000 2.508
2272.000 2.178
2273.000 2.014
2274.000 1.746
2275.000 1.514
2276.000 1.409
2277.000 1.241
2278.000 1.162
2279.000 1.033
2280.000 0.926
2281.000 0.883
2282.000 0.805
2283.000 0.767
2284.000 0.705
2285.000 0.650
2286.000 0.626
2287.000 0.581
2288.000 0.577
2289.000 0.539
2290.000 0.507
2291.000 0.497
2292.000 0.471
2293.000 0.460
2294.000 0.433
2295.000 0.419
2296.000 0.408
2297.000 0.393
2298.000 0.384
2299.000 0.368
2300.000 0.361
2301.000 0.356
2302.000 0.344
2303.000 0.339
2304.000 0.323
2305.000 0.315
2306.000 0.309
2307.000 0.301
2308.000 0.295
2309.000 0.288
2310.000 0.279
2311.000 0.275
2312.000 0.270
2313.000 0.267
2314.000 0.261
2315.000 0.255
2316.000 0.254
2317.000 0.249
2318.000 0.245
2319.000 0.241
2320.000 0.238
2321.000 0.230
2322.000 0.225
2323.000 0.222
2324.000 0.218
2325.000 0.215
2326.000 0.214
2327.000 0.207
2328.000 0.208
2329.000 0.201
2330.000 0.200
2331.000 0.201
2332.000 0.192
2333.000 0.192
2334.000 0.189
2335.000 0.185
2336.000 0.180
2337.000 0.178
2338.000 0.177
2339.000 0.172
2340.000 0.174
2341.000 0.169
2342.000 0.168
2343.000 0.164
2344.000 0.163
2345.000 0.163
2346.000 0.160
2347.000 0.157
2348.000 0.157
2349.000 0.153
2350.000 0.153
2351.000 0.150
2352.000 0.150
2353.000 0.147
2354.000 0.145
2355.000 0.143
2356.000 0.142
2357.000 0.140
2358.000 0.138
2359.000 0.137
2360.000 0.136
2361.000 0.136
2362.000 0.134
2363.000 0.133
2364.000 0.132
2365.000 0.131
2366.000 0.131
2367.000 0.131
2368.000 0.132
2369.000 0.130
2370.000 0.128
2371.000 0.127
2372.000 0.126
2373.000 0.125
2374.000 0.125
2375.000 0.124
2376.000 0.123
2377.000 0.121
2378.000 0.124
2379.000 0.120
2380.000 0.118
2381.000 0.121
2382.000 0.117
2383.000 0.118
2384.000 0.118
2385.000 0.120
2386.000 0.118
2387.000 0.118
2388.000 0.117
2389.000 0.128
2390.000 0.126
2391.000 0.125
2392.000 0.122
2393.000 0.123
2394.000 0.117
2395.000 0.118
2396.000 0.117
2397.000 0.116
2398.000 0.118
2399.000 0.115
2400.000 0.116
2401.000 0.113
2402.000 0.113
2403.000 0.114
2404.000 0.115
2405.000 0.113
2406.000 0.112
2407.000 0.113
2408.000 0.111
2409.000 0.111
2410.000 0.111
2411.000 0.112
2412.000 0.113
2413.000 0.109
2414.000 0.111
2415.000 0.109
2416.000 0.110
2417.000 0.109
2418.000 0.109
2419.000 0.110
2420.000 0.110
2421.000 0.109
2422.000 0.109
2423.000 0.108
2424.000 0.108
2425.000 0.111
2426.000 0.109
2427.000 0.108
2428.000 0.109
2429.000 0.107
2430.000 0.109
2431.000 0.108
2432.000 0.111
2433.000 0.110
2434.000 0.110
2435.000 0.110
2436.000 0.110
2437.000 0.109
2438.000 0.110
2439.000 0.111
2440.000 0.110
2441.000 0.109
2442.000 0.110
2443.000 0.110
2444.000 0.110
2445.000 0.110
2446.000 0.109
2447.000 0.111
2448.000 0.112
2449.000 0.113
2450.000 0.111
2451.000 0.112
2452.000 0.110
2453.000 0.111
2454.000 0.111
2455.000 0.109
2456.000 0.114
2457.000 0.110
2458.000 0.112
2459.000 0.114
2460.000 0.114
2461.000 0.112
2462.000 0.113
2463.000 0.112
2464.000 0.115
2465.000 0.112
2466.000 0.113
2467.000 0.114
2468.000 0.113
2469.000 0.115
2470.000 0.115
2471.000 0.116
2472.000 0.116
2473.000 0.115
2474.000 0.113
2475.000 0.116
2476.000 0.116
2477.000 0.115
2478.000 0.117
2479.000 0.117
2480.000 0.116
2481.000 0.113
2482.000 0.114
2483.000 0.117
2484.000 0.117
2485.000 0.118
2486.000 0.118
2487.000 0.117
2488.000 0.117
2489.000 0.118
2490.000 0.117
2491.000 0.118
2492.000 0.118
2493.000 0.117
2494.000 0.119
2495.000 0.120
2496.000 0.120
2497.000 0.118
2498.000 0.118
2499.000 0.120
2500.000 0.119
2501.000 0.118
2502.000 0.120
2503.000 0.121
2504.000 0.119
2505.000 0.119
2506.000 0.119
2507.000 0.120
2508.000 0.121
2509.000 0.123
2510.000 0.119
2511.000 0.120
2512.000 0.119
2513.000 0.121
2514.000 0.121
2515.000 0.119
2516.000 0.120
2517.000 0.124
2518.000 0.122
2519.000 0.121
2520.000 0.123
2521.000 0.121
2522.000 0.122
2523.000 0.122
2524.000 0.123
2525.000 0.123
2526.000 0.125
2527.000 0.124
2528.000 0.125
2529.000 0.125
2530.000 0.125
2531.000 0.122
2532.000 0.125
2533.000 0.123
2534.000 0.124
2535.000 0.126
2536.000 0.126
2537.000 0.125
2538.000 0.125
2539.000 0.127
2540.000 0.126
2541.000 0.128
2542.000 0.127
2543.000 0.126
2544.000 0.126
2545.000 0.128
2546.000 0.127
2547.000 0.127
2548.000 0.127
2549.000 0.134
2550.000 0.141
2551.000 0.140
2552.000 0.141
2553.000 0.136
2554.000 0.135
2555.000 0.133
2556.000 0.132
2557.000 0.131
2558.000 0.131
2559.000 0.131
2560.000 0.135
2561.000 0.133
2562.000 0.133
2563.000 0.131
2564.000 0.131
2565.000 0.133
2566.000 0.134
2567.000 0.130
2568.000 0.134
2569.000 0.133
2570.000 0.133
2571.000 0.132
2572.000 0.130
2573.000 0.131
2574.000 0.132
2575.000 0.134
2576.000 0.132
2577.000 0.131
2578.000 0.130
2579.000 0.137
2580.000 0.141
2581.000 0.142
2582.000 0.142
2583.000 0.137
2584.000 0.136
2585.000 0.137
2586.000 0.140
2587.000 0.137
2588.000 0.137
2589.000 0.132
2590.000 0.134
2591.000 0.134
2592.000 0.136
2593.000 0.133
2594.000 0.134
2595.000 0.132
2596.000 0.132
2597.000 0.131
2598.000 0.130
2599.000 0.129
2600.000 0.131
