1801.000 0.006
1802.000 1.706
1803.000 4.046
1804.000 4.071
1805.000 4.089
1806.000 4.090
1807.000 4.114
1808.000 4.120
1809.000 4.038
1810.000 3.947
1811.000 3.959
1812.000 3.959
1813.000 3.970
1814.000 3.981
1815.000 3.995
1816.000 4.008
1817.000 4.029
1818.000 4.163
1819.000 4.155
1820.000 4.172
1821.000 4.169
1822.000 4.207
1823.000 4.260
1824.000 4.251
1825.000 4.300
1826.000 4.300
1827.000 4.359
1828.000 4.380
1829.000 4.409
1830.000 4.358
1831.000 4.394
1832.000 4.414
1833.000 4.443
1834.000 4.393
1835.000 4.348
1836.000 4.317
1837.000 4.254
1838.000 4.208
1839.000 4.177
1840.000 4.104
1841.000 4.066
1842.000 3.998
1843.000 4.062
1844.000 4.002
1845.000 3.855
1846.000 3.801
1847.000 3.681
1848.000 3.662
1849.000 3.641
1850.000 3.577
1851.000 3.525
1852.000 3.490
1853.000 3.471
1854.000 3.440
1855.000 3.415
1856.000 3.424
1857.000 3.559
1858.000 3.524
1859.000 3.498
1860.000 3.515
1861.000 3.510
1862.000 3.521
1863.000 3.582
1864.000 3.563
1865.000 3.536
1866.000 3.546
1867.000 3.548
1868.000 3.499
1869.000 3.468
1870.000 3.497
1871.000 3.468
1872.000 3.369
1873.000 3.277
1874.000 3.221
1875.000 3.178
1876.000 3.118
1877.000 2.970
1878.000 2.913
1879.000 2.827
1880.000 2.671
1881.000 2.614
1882.000 2.492
1883.000 2.368
1884.000 2.312
1885.000 2.239
1886.000 2.219
1887.000 2.234
1888.000 2.232
1889.000 2.222
1890.000 2.218
1891.000 2.217
1892.000 2.217
1893.000 2.213
1894.000 2.213
1895.000 2.223
1896.000 2.219
1897.000 2.217
1898.000 2.214
1899.000 2.226
1900.000 2.255
1901.000 2.250
1902.000 2.283
1903.000 2.288
1904.000 2.290
1905.000 2.310
1906.000 2.307
1907.000 2.297
1908.000 2.299
1909.000 2.336
1910.000 2.346
1911.000 2.347
1912.000 2.333
1913.000 2.334
1914.000 2.322
1915.000 2.327
1916.000 2.322
1917.000 2.317
1918.000 2.315
1919.000 2.319
1920.000 2.316
1921.000 2.316
1922.000 2.321
1923.000 2.321
1924.000 2.325
1925.000 2.414
1926.000 2.400
1927.000 2.382
1928.000 2.392
1929.000 2.395
1930.000 2.413
1931.000 2.421
1932.000 2.404
1933.000 2.406
1934.000 2.392
1935.000 2.475
1936.000 2.455
1937.000 2.431
1938.000 2.438
1939.000 2.433
1940.000 2.492
1941.000 2.483
1942.000 2.466
1943.000 2.464
1944.000 2.461
1945.000 2.454
1946.000 2.448
1947.000 2.492
1948.000 2.498
1949.000 2.513
1950.000 2.502
1951.000 2.513
1952.000 2.529
1953.000 2.537
1954.000 2.518
1955.000 2.514
1956.000 2.530
1957.000 2.526
1958.000 2.537
1959.000 2.549
1960.000 2.535
1961.000 2.551
1962.000 2.593
1963.000 2.594
1964.000 2.591
1965.000 2.580
1966.000 2.577
1967.000 2.582
1968.000 2.584
1969.000 2.590
1970.000 2.601
1971.000 2.605
1972.000 2.605
1973.000 2.631
1974.000 2.663
1975.000 2.662
1976.000 2.669
1977.000 2.651
1978.000 2.649
1979.000 2.669
1980.000 2.668
1981.000 2.688
1982.000 2.734
1983.000 2.733
1984.000 2.756
1985.000 2.746
1986.000 2.721
1987.000 2.723
1988.000 2.753
1989.000 2.753
1990.000 2.745
1991.000 2.765
1992.000 2.763
1993.000 2.778
1994.000 2.776
1995.000 2.806
1996.000 2.830
1997.000 2.821
1998.000 2.827
1999.000 2.851
2000.000 2.873
2001.000 2.880
2002.000 2.909
2003.000 2.992
2004.000 3.020
2005.000 3.025
2006.000 3.031
2007.000 3.011
2008.000 3.076
2009.000 3.082
2010.000 3.073
2011.000 3.116
2012.000 3.100
2013.000 3.120
2014.000 3.119
2015.000 3.188
2016.000 3.198
2017.000 3.205
2018.000 3.195
2019.000 3.227
2020.000 3.269
2021.000 3.305
2022.000 3.312
2023.000 3.343
2024.000 3.344
2025.000 3.378
2026.000 3.420
2027.000 3.465
2028.000 3.467
2029.000 3.487
2030.000 3.523
2031.000 3.567
2032.000 3.599
2033.000 3.615
2034.000 3.641
2035.000 3.652
2036.000 3.684
2037.000 3.737
2038.000 3.753
2039.000 3.791
2040.000 3.814
2041.000 3.876
2042.000 3.914
2043.000 3.948
2044.000 3.992
2045.000 4.030
2046.000 4.073
2047.000 4.148
2048.000 4.178
2049.000 4.250
2050.000 4.293
2051.000 4.370
2052.000 4.448
2053.000 4.495
2054.000 4.689
2055.000 4.709
2056.000 4.807
2057.000 4.898
2058.000 4.949
2059.000 5.052
2060.000 5.126
2061.000 5.269
2062.000 5.376
2063.000 5.494
2064.000 5.669
2065.000 5.731
2066.000 5.876
2067.000 6.044
2068.000 6.125
2069.000 6.334
2070.000 6.459
2071.000 6.659
2072.000 6.890
2073.000 7.026
2074.000 7.319
2075.000 7.522
2076.000 7.820
2077.000 8.214
2078.000 8.410
2079.000 8.788
2080.000 9.015
2081.000 9.512
2082.000 9.990
2083.000 10.266
2084.000 10.837
2085.000 11.124
2086.000 11.786
2087.000 12.468
2088.000 12.792
2089.000 13.442
2090.000 13.756
2091.000 14.333
2092.000 14.796
2093.000 15.007
2094.000 15.199
2095.000 15.232
2096.000 15.020
2097.000 14.460
2098.000 14.094
2099.000 13.205
2100.000 12.734
2101.000 11.743
2102.000 10.786
2103.000 10.306
2104.000 9.569
2105.000 9.137
2106.000 8.419
2107.000 7.783
2108.000 7.479
2109.000 6.950
2110.000 6.692
2111.000 6.232
2112.000 5.817
2113.000 5.630
2114.000 5.271
2115.000 5.186
2116.000 4.882
2117.000 4.573
2118.000 4.434
2119.000 4.157
2120.000 4.034
2121.000 3.797
2122.000 3.619
2123.000 3.508
2124.000 3.328
2125.000 3.237
2126.000 3.057
2127.000 2.977
2128.000 2.820
2129.000 2.678
2130.000 2.600
2131.000 2.399
2132.000 2.329
2133.000 2.170
2134.000 2.003
2135.000 1.929
2136.000 1.793
2137.000 1.737
2138.000 1.619
2139.000 1.611
2140.000 1.570
2141.000 1.452
2142.000 1.399
2143.000 1.301
2144.000 1.216
2145.000 1.178
2146.000 1.110
2147.000 1.074
2148.000 1.009
2149.000 0.952
2150.000 0.924
2151.000 0.872
2152.000 0.848
2153.000 0.800
2154.000 0.755
2155.000 0.735
2156.000 0.692
2157.000 0.673
2158.000 0.636
2159.000 0.600
2160.000 0.586
2161.000 0.552
2162.000 0.535
2163.000 0.511
2164.000 0.484
2165.000 0.468
2166.000 0.447
2167.000 0.421
2168.000 0.399
2169.000 0.372
2170.000 0.360
2171.000 0.334
2172.000 0.323
2173.000 0.300
2174.000 0.279
2175.000 0.266
2176.000 0.244
2177.000 0.233
2178.000 0.215
2179.000 0.196
2180.000 0.187
2181.000 0.169
2182.000 0.160
2183.000 0.143
2184.000 0.131
2185.000 0.121
2186.000 0.111
2187.000 0.109
2188.000 0.100
2189.000 0.097
2190.000 0.096
2191.000 0.100
2192.000 0.103
2193.000 0.108
2194.000 0.122
2195.000 0.127
2196.000 0.141
2197.000 0.148
2198.000 0.163
2199.000 0.181
2200.000 0.190
2201.000 0.205
2202.000 0.215
2203.000 0.231
2204.000 0.252
2205.000 0.265
2206.000 0.282
2207.000 0.290
2208.000 0.312
2209.000 0.334
2210.000 0.345
2211.000 0.370
2212.000 0.382
2213.000 0.405
2214.000 0.432
2215.000 0.446
2216.000 0.473
2217.000 0.487
2218.000 0.516
2219.000 0.543
2220.000 0.560
2221.000 0.772
2222.000 0.799
2223.000 0.845
2224.000 0.825
2225.000 0.826
2226.000 0.805
2227.000 0.826
2228.000 0.848
2229.000 0.877
2230.000 0.898
2231.000 0.949
2232.000 0.979
2233.000 1.049
2234.000 1.123
2235.000 1.168
2236.000 1.265
2237.000 1.321
2238.000 1.447
2239.000 1.563
2240.000 1.605
2241.000 1.716
2242.000 1.764
2243.000 1.892
2244.000 1.949
2245.000 2.060
2246.000 2.242
2247.000 2.330
2248.000 2.463
2249.000 2.528
2250.000 2.687
2251.000 2.871
2252.000 2.987
2253.000 3.227
2254.000 3.365
2255.000 3.678
2256.000 4.060
2257.000 4.273
2258.000 4.763
2259.000 5.040
2260.000 5.659
2261.000 6.358
2262.000 6.737
2263.000 7.534
2264.000 7.931
2265.000 8.652
2266.000 9.047
2267.000 9.088
2268.000 8.729
2269.000 8.382
2270.000 7.563
2271.000 6.705
2272.000 6.302
2273.000 5.658
2274.000 5.400
2275.000 4.932
2276.000 4.491
2277.000 4.290
2278.000 3.937
2279.000 3.777
2280.000 3.499
2281.000 3.248
2282.000 3.137
2283.000 2.931
2284.000 2.832
2285.000 2.665
2286.000 2.508
2287.000 2.441
2288.000 2.305
2289.000 2.248
2290.000 2.142
2291.000 2.040
2292.000 1.987
2293.000 1.995
2294.000 2.056
2295.000 2.020
2296.000 1.874
2297.000 1.816
2298.000 1.702
2299.000 1.654
2300.000 1.567
2301.000 1.480
2302.000 1.446
2303.000 1.385
2304.000 1.358
2305.000 1.302
2306.000 1.252
2307.000 1.224
2308.000 1.178
2309.000 1.160
2310.000 1.149
2311.000 1.087
2312.000 1.075
2313.000 1.050
2314.000 1.021
2315.000 0.976
2316.000 0.932
2317.000 0.916
2318.000 0.878
2319.000 0.861
2320.000 0.825
2321.000 0.798
2322.000 0.781
2323.000 0.752
2324.000 0.738
2325.000 0.716
2326.000 0.690
2327.000 0.678
2328.000 0.657
2329.000 0.645
2330.000 0.621
2331.000 0.604
2332.000 0.595
2333.000 0.579
2334.000 0.572
2335.000 0.555
2336.000 0.540
2337.000 0.531
2338.000 0.517
2339.000 0.510
2340.000 0.497
2341.000 0.486
2342.000 0.482
2343.000 0.473
2344.000 0.468
2345.000 0.455
2346.000 0.443
2347.000 0.437
2348.000 0.428
2349.000 0.424
2350.000 0.413
2351.000 0.404
2352.000 0.399
2353.000 0.389
2354.000 0.387
2355.000 0.378
2356.000 0.369
2357.000 0.365
2358.000 0.360
2359.000 0.356
2360.000 0.348
2361.000 0.346
2362.000 0.338
2363.000 0.330
2364.000 0.327
2365.000 0.320
2366.000 0.316
2367.000 0.308
2368.000 0.302
2369.000 0.299
2370.000 0.293
2371.000 0.292
2372.000 0.284
2373.000 0.278
2374.000 0.274
2375.000 0.270
2376.000 0.266
2377.000 0.263
2378.000 0.256
2379.000 0.256
2380.000 0.251
2381.000 0.248
2382.000 0.245
2383.000 0.244
2384.000 0.239
2385.000 0.233
2386.000 0.236
2387.000 0.232
2388.000 0.226
2389.000 0.226
2390.000 0.219
2391.000 0.216
2392.000 0.211
2393.000 0.208
2394.000 0.208
2395.000 0.200
2396.000 0.199
2397.000 0.194
2398.000 0.191
2399.000 0.191
2400.000 0.188
2401.000 0.189
2402.000 0.183
2403.000 0.180
2404.000 0.177
2405.000 0.173
2406.000 0.171
2407.000 0.169
2408.000 0.164
2409.000 0.163
2410.000 0.159
2411.000 0.155
2412.000 0.154
2413.000 0.154
2414.000 0.153
2415.000 0.145
2416.000 0.145
2417.000 0.141
2418.000 0.141
2419.000 0.138
2420.000 0.138
2421.000 0.142
2422.000 0.141
2423.000 0.140
2424.000 0.133
2425.000 0.130
2426.000 0.126
2427.000 0.121
2428.000 0.121
2429.000 0.118
2430.000 0.115
2431.000 0.114
2432.000 0.109
2433.000 0.108
2434.000 0.107
2435.000 0.103
2436.000 0.102
2437.000 0.100
2438.000 0.100
2439.000 0.097
2440.000 0.095
2441.000 0.093
2442.000 0.091
2443.000 0.090
2444.000 0.090
2445.000 0.088
2446.000 0.085
2447.000 0.082
2448.000 0.084
2449.000 0.081
2450.000 0.078
2451.000 0.078
2452.000 0.075
2453.000 0.075
2454.000 0.073
2455.000 0.071
2456.000 0.070
2457.000 0.066
2458.000 0.065
2459.000 0.064
2460.000 0.063
2461.000 0.062
2462.000 0.061
2463.000 0.060
2464.000 0.060
2465.000 0.057
2466.000 0.053
2467.000 0.054
2468.000 0.052
2469.000 0.048
2470.000 0.047
2471.000 0.048
2472.000 0.044
2473.000 0.045
2474.000 0.044
2475.000 0.040
2476.000 0.043
2477.000 0.039
2478.000 0.038
2479.000 0.037
2480.000 0.034
2481.000 0.037
2482.000 0.036
2483.000 0.035
2484.000 0.033
2485.000 0.031
2486.000 0.031
2487.000 0.028
2488.000 0.027
2489.000 0.025
2490.000 0.023
2491.000 0.024
2492.000 0.022
2493.000 0.022
2494.000 0.020
2495.000 0.016
2496.000 0.018
2497.000 0.015
2498.000 0.015
2499.000 0.012
2500.000 0.013
2501.000 0.010
2502.000 0.012
2503.000 0.009
2504.000 0.008
2505.000 0.007
2506.000 0.005
2507.000 0.006
2508.000 0.004
2509.000 0.004
2510.000 0.003
2511.000 0.003
2512.000 0.004
2513.000 0.004
2514.000 0.006
2515.000 0.006
2516.000 0.006
2517.000 0.007
2518.000 0.007
2519.000 0.009
2520.000 0.010
2521.000 0.011
2522.000 0.013
2523.000 0.011
2524.000 0.012
2525.000 0.013
2526.000 0.015
2527.000 0.017
2528.000 0.017
2529.000 0.018
2530.000 0.020
2531.000 0.018
2532.000 0.020
2533.000 0.022
2534.000 0.022
2535.000 0.021
2536.000 0.023
2537.000 0.025
2538.000 0.025
2539.000 0.027
2540.000 0.028
2541.000 0.028
2542.000 0.030
2543.000 0.031
2544.000 0.032
2545.000 0.036
2546.000 0.035
2547.000 0.037
2548.000 0.036
2549.000 0.040
2550.000 0.037
2551.000 0.037
2552.000 0.039
2553.000 0.039
2554.000 0.042
2555.000 0.041
2556.000 0.045
2557.000 0.046
2558.000 0.045
2559.000 0.045
2560.000 0.050
2561.000 0.049
2562.000 0.049
2563.000 0.050
2564.000 0.053
2565.000 0.054
2566.000 0.053
2567.000 0.059
2568.000 0.062
2569.000 0.067
2570.000 0.063
2571.000 0.064
2572.000 0.064
2573.000 0.062
2574.000 0.063
2575.000 0.065
2576.000 0.068
2577.000 0.069
2578.000 0.070
2579.000 0.068
2580.000 0.068
2581.000 0.067
2582.000 0.069
2583.000 0.068
2584.000 0.071
2585.000 0.069
2586.000 0.071
2587.000 0.073
2588.000 0.072
2589.000 0.075
2590.000 0.073
2591.000 0.076
2592.000 0.076
2593.000 0.079
2594.000 0.080
2595.000 0.081
2596.000 0.087
2597.000 0.099
2598.000 0.099
2599.000 0.097
2600.000 0.095
