1801.000 0.003
1802.000 1.095
1803.000 3.245
1804.000 3.243
1805.000 3.253
1806.000 3.279
1807.000 3.304
1808.000 3.316
1809.000 3.312
1810.000 3.341
1811.000 3.340
1812.000 3.351
1813.000 3.362
1814.000 3.358
1815.000 3.352
1816.000 3.350
1817.000 3.356
1818.000 3.364
1819.000 3.373
1820.000 3.409
1821.000 3.422
1822.000 3.462
1823.000 3.476
1824.000 3.466
1825.000 3.476
1826.000 3.477
1827.000 3.464
1828.000 3.475
1829.000 3.476
1830.000 3.472
1831.000 3.481
1832.000 3.480
1833.000 3.481
1834.000 3.480
1835.000 3.473
1836.000 3.477
1837.000 3.471
1838.000 3.455
1839.000 3.446
1840.000 3.420
1841.000 3.408
1842.000 3.389
1843.000 3.350
1844.000 3.332
1845.000 3.280
1846.000 3.245
1847.000 3.197
1848.000 3.173
1849.000 3.122
1850.000 3.074
1851.000 3.077
1852.000 3.023
1853.000 2.981
1854.000 2.931
1855.000 2.879
1856.000 2.866
1857.000 2.823
1858.000 2.804
1859.000 2.775
1860.000 2.757
1861.000 2.754
1862.000 2.750
1863.000 2.754
1864.000 2.771
1865.000 2.775
1866.000 2.792
1867.000 2.787
1868.000 2.772
1869.000 2.759
1870.000 2.728
1871.000 2.716
1872.000 2.685
1873.000 2.663
1874.000 2.616
1875.000 2.549
1876.000 2.510
1877.000 2.430
1878.000 2.393
1879.000 2.295
1880.000 2.193
1881.000 2.141
1882.000 2.040
1883.000 1.990
1884.000 1.907
1885.000 1.824
1886.000 1.788
1887.000 1.723
1888.000 1.712
1889.000 1.710
1890.000 1.718
1891.000 1.718
1892.000 1.728
1893.000 1.730
1894.000 1.734
1895.000 1.734
1896.000 1.742
1897.000 1.749
1898.000 1.753
1899.000 1.751
1900.000 1.757
1901.000 1.761
1902.000 1.781
1903.000 1.788
1904.000 1.786
1905.000 1.796
1906.000 1.797
1907.000 1.799
1908.000 1.796
1909.000 1.797
1910.000 1.795
1911.000 1.803
1912.000 1.800
1913.000 1.803
1914.000 1.808
1915.000 1.828
1916.000 1.839
1917.000 1.838
1918.000 1.835
1919.000 1.837
1920.000 1.839
1921.000 1.838
1922.000 1.841
1923.000 1.842
1924.000 1.844
1925.000 1.847
1926.000 1.852
1927.000 1.852
1928.000 1.855
1929.000 1.861
1930.000 1.873
1931.000 1.869
1932.000 1.876
1933.000 1.875
1934.000 1.875
1935.000 1.879
1936.000 1.883
1937.000 1.894
1938.000 1.901
1939.000 1.908
1940.000 1.910
1941.000 1.917
1942.000 1.920
1943.000 1.927
1944.000 1.927
1945.000 1.937
1946.000 1.939
1947.000 1.939
1948.000 1.945
1949.000 1.950
1950.000 1.963
1951.000 1.957
1952.000 1.965
1953.000 1.967
1954.000 1.977
1955.000 1.990
1956.000 1.986
1957.000 1.988
1958.000 2.001
1959.000 2.006
1960.000 2.017
1961.000 2.015
1962.000 2.041
1963.000 2.035
1964.000 2.067
1965.000 2.059
1966.000 2.055
1967.000 2.063
1968.000 2.071
1969.000 2.085
1970.000 2.092
1971.000 2.106
1972.000 2.108
1973.000 2.107
1974.000 2.110
1975.000 2.124
1976.000 2.148
1977.000 2.135
1978.000 2.147
1979.000 2.173
1980.000 2.164
1981.000 2.187
1982.000 2.187
1983.000 2.202
1984.000 2.213
1985.000 2.200
1986.000 2.210
1987.000 2.221
1988.000 2.235
1989.000 2.265
1990.000 2.277
1991.000 2.289
1992.000 2.279
1993.000 2.294
1994.000 2.287
1995.000 2.296
1996.000 2.334
1997.000 2.327
1998.000 2.339
1999.000 2.363
2000.000 2.373
2001.000 2.396
2002.000 2.417
2003.000 2.424
2004.000 2.450
2005.000 2.450
2006.000 2.455
2007.000 2.460
2008.000 2.502
2009.000 2.510
2010.000 2.517
2011.000 2.555
2012.000 2.568
2013.000 2.590
2014.000 2.591
2015.000 2.623
2016.000 2.641
2017.000 2.657
2018.000 2.673
2019.000 2.696
2020.000 2.714
2021.000 2.751
2022.000 2.775
2023.000 2.792
2024.000 2.886
2025.000 2.897
2026.000 2.896
2027.000 2.935
2028.000 2.961
2029.000 3.005
2030.000 3.016
2031.000 3.057
2032.000 3.082
2033.000 3.095
2034.000 3.144
2035.000 3.157
2036.000 3.193
2037.000 3.233
2038.000 3.254
2039.000 3.287
2040.000 3.320
2041.000 3.381
2042.000 3.430
2043.000 3.463
2044.000 3.516
2045.000 3.550
2046.000 3.618
2047.000 3.685
2048.000 3.710
2049.000 3.774
2050.000 3.823
2051.000 3.898
2052.000 3.991
2053.000 4.026
2054.000 4.130
2055.000 4.167
2056.000 4.279
2057.000 4.371
2058.000 4.436
2059.000 4.536
2060.000 4.600
2061.000 4.733
2062.000 4.975
2063.000 5.047
2064.000 5.173
2065.000 5.234
2066.000 5.409
2067.000 5.689
2068.000 5.738
2069.000 5.881
2070.000 5.974
2071.000 6.195
2072.000 6.431
2073.000 6.557
2074.000 6.826
2075.000 6.978
2076.000 7.340
2077.000 7.699
2078.000 7.894
2079.000 8.282
2080.000 8.494
2081.000 8.955
2082.000 9.456
2083.000 9.766
2084.000 10.423
2085.000 10.733
2086.000 11.392
2087.000 11.800
2088.000 12.525
2089.000 13.318
2090.000 13.674
2091.000 14.307
2092.000 14.609
2093.000 15.079
2094.000 15.407
2095.000 15.459
2096.000 15.374
2097.000 15.211
2098.000 14.606
2099.000 13.804
2100.000 13.347
2101.000 12.418
2102.000 11.932
2103.000 10.983
2104.000 10.212
2105.000 9.791
2106.000 9.095
2107.000 8.773
2108.000 8.152
2109.000 7.624
2110.000 7.382
2111.000 6.938
2112.000 6.713
2113.000 6.314
2114.000 5.963
2115.000 5.797
2116.000 5.493
2117.000 5.341
2118.000 5.082
2119.000 4.837
2120.000 4.715
2121.000 4.511
2122.000 4.402
2123.000 4.202
2124.000 4.026
2125.000 3.942
2126.000 3.779
2127.000 3.774
2128.000 3.630
2129.000 3.480
2130.000 3.404
2131.000 3.285
2132.000 3.240
2133.000 3.104
2134.000 3.008
2135.000 2.949
2136.000 2.863
2137.000 2.815
2138.000 2.710
2139.000 2.608
2140.000 2.561
2141.000 2.451
2142.000 2.442
2143.000 2.376
2144.000 2.250
2145.000 2.191
2146.000 2.081
2147.000 2.033
2148.000 1.977
2149.000 1.895
2150.000 1.855
2151.000 1.782
2152.000 1.740
2153.000 1.673
2154.000 1.643
2155.000 1.631
2156.000 1.559
2157.000 1.535
2158.000 1.490
2159.000 1.441
2160.000 1.415
2161.000 1.394
2162.000 1.373
2163.000 1.334
2164.000 1.304
2165.000 1.283
2166.000 1.258
2167.000 1.234
2168.000 1.202
2169.000 1.171
2170.000 1.175
2171.000 1.177
2172.000 1.153
2173.000 1.128
2174.000 1.110
2175.000 1.094
2176.000 1.069
2177.000 1.059
2178.000 1.040
2179.000 1.016
2180.000 1.020
2181.000 1.000
2182.000 0.991
2183.000 0.971
2184.000 0.953
2185.000 0.945
2186.000 0.933
2187.000 0.926
2188.000 0.912
2189.000 0.896
2190.000 0.904
2191.000 0.907
2192.000 0.897
2193.000 0.884
2194.000 0.873
2195.000 0.870
2196.000 0.861
2197.000 0.856
2198.000 0.842
2199.000 0.843
2200.000 0.838
2201.000 0.826
2202.000 0.826
2203.000 0.818
2204.000 0.811
2205.000 0.810
2206.000 0.795
2207.000 0.961
2208.000 0.893
2209.000 0.857
2210.000 0.839
2211.000 0.822
2212.000 0.817
2213.000 0.801
2214.000 0.782
2215.000 0.794
2216.000 0.801
2217.000 0.809
2218.000 0.813
2219.000 0.806
2220.000 0.801
2221.000 0.796
2222.000 0.797
2223.000 0.838
2224.000 0.844
2225.000 0.836
2226.000 0.837
2227.000 0.834
2228.000 0.833
2229.000 0.834
2230.000 0.841
2231.000 0.846
2232.000 0.852
2233.000 0.861
2234.000 0.865
2235.000 0.881
2236.000 0.922
2237.000 0.988
2238.000 1.080
2239.000 1.103
2240.000 1.107
2241.000 1.118
2242.000 1.126
2243.000 1.149
2244.000 1.169
2245.000 1.212
2246.000 1.261
2247.000 1.295
2248.000 1.369
2249.000 1.415
2250.000 1.513
2251.000 1.679
2252.000 1.748
2253.000 1.803
2254.000 1.844
2255.000 1.937
2256.000 2.055
2257.000 2.082
2258.000 2.331
2259.000 2.434
2260.000 2.564
2261.000 2.658
2262.000 2.831
2263.000 3.009
2264.000 3.083
2265.000 3.180
2266.000 3.189
2267.000 3.161
2268.000 3.047
2269.000 2.966
2270.000 2.774
2271.000 2.696
2272.000 2.426
2273.000 2.167
2274.000 2.046
2275.000 2.002
2276.000 1.874
2277.000 1.675
2278.000 1.500
2279.000 1.432
2280.000 1.333
2281.000 1.259
2282.000 1.118
2283.000 1.004
2284.000 0.987
2285.000 0.883
2286.000 0.840
2287.000 0.779
2288.000 0.718
2289.000 0.737
2290.000 0.720
2291.000 0.688
2292.000 0.637
2293.000 0.580
2294.000 0.560
2295.000 0.523
2296.000 0.504
2297.000 0.487
2298.000 0.463
2299.000 0.451
2300.000 0.429
2301.000 0.420
2302.000 0.403
2303.000 0.399
2304.000 0.392
2305.000 0.408
2306.000 0.388
2307.000 0.375
2308.000 0.363
2309.000 0.357
2310.000 0.361
2311.000 0.346
2312.000 0.334
2313.000 0.324
2314.000 0.346
2315.000 0.347
2316.000 0.336
2317.000 0.325
2318.000 0.313
2319.000 0.311
2320.000 0.315
2321.000 0.313
2322.000 0.300
2323.000 0.297
2324.000 0.292
2325.000 0.310
2326.000 0.287
2327.000 0.290
2328.000 0.282
2329.000 0.278
2330.000 0.273
2331.000 0.269
2332.000 0.265
2333.000 0.261
2334.000 0.260
2335.000 0.256
2336.000 0.255
2337.000 0.252
2338.000 0.249
2339.000 0.249
2340.000 0.265
2341.000 0.265
2342.000 0.265
2343.000 0.261
2344.000 0.261
2345.000 0.253
2346.000 0.266
2347.000 0.270
2348.000 0.273
2349.000 0.271
2350.000 0.260
2351.000 0.258
2352.000 0.251
2353.000 0.246
2354.000 0.243
2355.000 0.240
2356.000 0.240
2357.000 0.235
2358.000 0.238
2359.000 0.237
2360.000 0.234
2361.000 0.234
2362.000 0.232
2363.000 0.229
2364.000 0.231
2365.000 0.230
2366.000 0.227
2367.000 0.227
2368.000 0.226
2369.000 0.225
2370.000 0.228
2371.000 0.228
2372.000 0.226
2373.000 0.225
2374.000 0.225
2375.000 0.226
2376.000 0.227
2377.000 0.223
2378.000 0.222
2379.000 0.223
2380.000 0.232
2381.000 0.232
2382.000 0.228
2383.000 0.228
2384.000 0.234
2385.000 0.231
2386.000 0.230
2387.000 0.230
2388.000 0.228
2389.000 0.225
2390.000 0.224
2391.000 0.224
2392.000 0.224
2393.000 0.223
2394.000 0.222
2395.000 0.222
2396.000 0.221
2397.000 0.222
2398.000 0.220
2399.000 0.219
2400.000 0.220
2401.000 0.220
2402.000 0.222
2403.000 0.221
2404.000 0.224
2405.000 0.219
2406.000 0.223
2407.000 0.221
2408.000 0.220
2409.000 0.218
2410.000 0.221
2411.000 0.219
2412.000 0.220
2413.000 0.220
2414.000 0.219
2415.000 0.217
2416.000 0.220
2417.000 0.219
2418.000 0.219
2419.000 0.218
2420.000 0.218
2421.000 0.219
2422.000 0.217
2423.000 0.218
2424.000 0.218
2425.000 0.219
2426.000 0.219
2427.000 0.219
2428.000 0.218
2429.000 0.220
2430.000 0.221
2431.000 0.221
2432.000 0.224
2433.000 0.253
2434.000 0.247
2435.000 0.239
2436.000 0.237
2437.000 0.251
2438.000 0.250
2439.000 0.244
2440.000 0.237
2441.000 0.246
2442.000 0.243
2443.000 0.256
2444.000 0.259
2445.000 0.249
2446.000 0.245
2447.000 0.241
2448.000 0.241
2449.000 0.237
2450.000 0.233
2451.000 0.233
2452.000 0.229
2453.000 0.228
2454.000 0.232
2455.000 0.233
2456.000 0.235
2457.000 0.232
2458.000 0.232
2459.000 0.232
2460.000 0.229
2461.000 0.228
2462.000 0.237
2463.000 0.248
2464.000 0.250
2465.000 0.245
2466.000 0.241
2467.000 0.240
2468.000 0.239
2469.000 0.234
2470.000 0.240
2471.000 0.241
2472.000 0.239
2473.000 0.237
2474.000 0.247
2475.000 0.243
2476.000 0.243
2477.000 0.239
2478.000 0.236
2479.000 0.246
2480.000 0.245
2481.000 0.240
2482.000 0.244
2483.000 0.241
2484.000 0.241
2485.000 0.236
2486.000 0.236
2487.000 0.235
2488.000 0.240
2489.000 0.256
2490.000 0.250
2491.000 0.248
2492.000 0.245
2493.000 0.242
2494.000 0.244
2495.000 0.242
2496.000 0.241
2497.000 0.238
2498.000 0.244
2499.000 0.241
2500.000 0.239
2501.000 0.239
2502.000 0.238
2503.000 0.237
2504.000 0.239
2505.000 0.239
2506.000 0.241
2507.000 0.240
2508.000 0.241
2509.000 0.242
2510.000 0.241
2511.000 0.276
2512.000 0.274
2513.000 0.271
2514.000 0.266
2515.000 0.260
2516.000 0.256
2517.000 0.258
2518.000 0.255
2519.000 0.256
2520.000 0.252
2521.000 0.258
2522.000 0.254
2523.000 0.259
2524.000 0.266
2525.000 0.265
2526.000 0.263
2527.000 0.260
2528.000 0.261
2529.000 0.259
2530.000 0.257
2531.000 0.254
2532.000 0.254
2533.000 0.255
2534.000 0.267
2535.000 0.280
2536.000 0.279
2537.000 0.286
2538.000 0.287
2539.000 0.284
2540.000 0.291
2541.000 0.290
2542.000 0.280
2543.000 0.278
2544.000 0.283
2545.000 0.278
2546.000 0.292
2547.000 0.295
2548.000 0.289
2549.000 0.284
2550.000 0.284
2551.000 0.293
2552.000 0.285
2553.000 0.280
2554.000 0.277
2555.000 0.279
2556.000 0.310
2557.000 0.301
2558.000 0.300
2559.000 0.299
2560.000 0.292
2561.000 0.298
2562.000 0.297
2563.000 0.304
2564.000 0.312
2565.000 0.305
2566.000 0.312
2567.000 0.306
2568.000 0.314
2569.000 0.309
2570.000 0.315
2571.000 0.305
2572.000 0.302
2573.000 0.300
2574.000 0.291
2575.000 0.291
2576.000 0.291
2577.000 0.287
2578.000 0.283
2579.000 0.294
2580.000 0.290
2581.000 0.321
2582.000 0.308
2583.000 0.304
2584.000 0.297
2585.000 0.289
2586.000 0.291
2587.000 0.288
2588.000 0.286
2589.000 0.285
2590.000 0.285
2591.000 0.291
2592.000 0.289
2593.000 0.291
2594.000 0.293
2595.000 0.290
2596.000 0.291
2597.000 0.289
2598.000 0.286
2599.000 0.312
2600.000 0.462
