105.000 0.019
110.000 0.040
115.000 6.311
120.000 6.825
125.000 7.715
130.000 8.381
135.000 8.658
140.000 9.194
145.000 9.491
150.000 10.265
155.000 10.713
160.000 10.949
165.000 10.913
170.000 11.020
175.000 10.890
180.000 10.797
185.000 10.779
190.000 11.034
195.000 10.960
200.000 10.776
205.000 11.086
210.000 11.234
215.000 11.473
220.000 11.652
225.000 11.836
230.000 11.916
235.000 11.942
240.000 12.002
245.000 12.077
250.000 12.072
255.000 12.218
260.000 12.421
265.000 12.627
270.000 12.595
275.000 12.857
280.000 13.116
285.000 13.166
290.000 13.347
295.000 13.457
300.000 13.650
305.000 13.968
310.000 14.105
315.000 14.491
320.000 14.677
325.000 15.228
330.000 15.912
335.000 16.358
340.000 17.480
345.000 17.873
350.000 18.927
355.000 19.553
360.000 23.844
365.000 22.664
370.000 23.413
375.000 24.857
380.000 26.382
385.000 27.227
390.000 28.535
395.000 29.281
400.000 30.722
405.000 32.058
410.000 32.880
415.000 34.183
420.000 34.951
425.000 36.235
430.000 37.256
435.000 37.728
440.000 38.387
445.000 38.514
450.000 38.558
455.000 38.217
460.000 37.841
465.000 36.837
470.000 36.319
475.000 35.069
480.000 33.862
485.000 33.327
490.000 32.146
495.000 31.623
500.000 30.543
505.000 29.656
510.000 29.130
515.000 28.380
520.000 27.861
525.000 26.834
530.000 25.804
535.000 25.165
540.000 23.853
545.000 23.238
550.000 21.828
555.000 20.480
560.000 19.865
565.000 18.957
570.000 18.494
575.000 17.693
580.000 17.127
585.000 16.897
590.000 16.618
595.000 16.618
600.000 16.852
605.000 17.024
610.000 17.283
615.000 17.806
620.000 18.187
625.000 18.931
630.000 19.452
635.000 21.525
640.000 23.743
645.000 25.556
650.000 30.228
655.000 33.457
660.000 40.840
665.000 49.482
670.000 52.841
675.000 56.049
680.000 53.854
685.000 39.709
690.000 26.475
695.000 22.074
700.000 16.276
705.000 14.336
710.000 11.772
715.000 9.479
720.000 8.681
725.000 7.265
730.000 6.792
735.000 5.810
740.000 4.929
745.000 4.555
750.000 4.079
755.000 3.877
760.000 3.413
765.000 3.010
770.000 2.869
775.000 2.601
780.000 2.466
785.000 2.242
790.000 2.019
795.000 1.950
800.000 1.791
805.000 1.711
810.000 1.565
815.000 1.449
820.000 1.385
825.000 1.272
830.000 1.220
835.000 1.130
840.000 1.054
845.000 1.010
850.000 0.934
855.000 0.916
860.000 0.882
865.000 0.795
870.000 0.773
875.000 0.727
880.000 0.706
885.000 0.665
890.000 0.622
895.000 0.602
900.000 0.570
905.000 0.552
910.000 0.521
915.000 0.490
920.000 0.477
925.000 0.449
930.000 0.436
935.000 0.408
940.000 0.383
945.000 0.373
950.000 0.353
955.000 0.337
960.000 0.323
965.000 0.300
970.000 0.297
975.000 0.279
980.000 0.272
985.000 0.258
990.000 0.238
995.000 0.243
1000.000 0.221
1005.000 0.221
1010.000 0.214
1015.000 0.198
1020.000 0.188
1025.000 0.185
1030.000 0.180
1035.000 0.176
1040.000 0.170
1045.000 0.168
1050.000 0.160
1055.000 0.154
1060.000 0.157
1065.000 0.159
1070.000 0.160
1075.000 0.163
1080.000 0.166
1085.000 0.171
1090.000 0.177
1095.000 0.180
1100.000 0.190
1105.000 0.197
1110.000 0.210
1115.000 0.220
1120.000 0.227
1125.000 0.239
1130.000 0.249
1135.000 0.265
1140.000 0.285
1145.000 0.295
1150.000 0.316
1155.000 0.326
1160.000 0.359
1165.000 0.363
1170.000 0.397
1175.000 0.428
1180.000 0.446
1185.000 0.492
1190.000 0.537
1195.000 0.563
1200.000 0.621
1205.000 0.655
1210.000 0.739
1215.000 0.837
1220.000 0.905
1225.000 1.052
1230.000 1.125
1235.000 1.287
1240.000 1.381
1245.000 1.603
1250.000 1.885
1255.000 2.049
1260.000 2.468
1265.000 2.734
1270.000 3.376
1275.000 4.273
1280.000 4.811
1285.000 6.280
1290.000 7.300
1295.000 10.031
1300.000 13.415
1305.000 14.617
1310.000 14.304
1315.000 12.795
1320.000 9.691
1325.000 7.333
1330.000 6.409
1335.000 5.052
1340.000 4.500
1345.000 3.647
1350.000 3.046
1355.000 2.809
1360.000 2.435
1365.000 2.289
1370.000 2.042
1375.000 1.858
1380.000 1.801
1385.000 1.696
1390.000 1.647
1395.000 1.575
1400.000 1.504
1405.000 1.479
1410.000 1.416
1415.000 1.398
1420.000 1.347
1425.000 1.310
1430.000 1.292
1435.000 1.258
1440.000 1.241
1445.000 1.185
1450.000 1.178
1455.000 1.163
1460.000 1.147
1465.000 1.139
1470.000 1.120
1475.000 1.103
1480.000 1.096
1485.000 1.068
1490.000 1.062
1495.000 1.056
1500.000 1.049
1505.000 1.046
1510.000 1.033
1515.000 1.033
1520.000 1.024
1525.000 1.014
1530.000 1.010
1535.000 1.010
1540.000 1.029
1545.000 1.017
1550.000 1.003
1555.000 0.994
1560.000 1.029
1565.000 1.008
1570.000 0.987
1575.000 0.978
1580.000 0.974
1585.000 0.969
1590.000 0.964
1595.000 0.956
1600.000 0.947
1605.000 0.945
1610.000 0.932
1615.000 0.928
1620.000 0.916
1625.000 0.902
1630.000 0.899
1635.000 0.885
1640.000 0.877
1645.000 0.866
1650.000 0.856
1655.000 0.850
1660.000 0.852
1665.000 0.858
1670.000 0.880
1675.000 0.911
1680.000 0.933
1685.000 0.989
1690.000 1.022
1695.000 1.102
1700.000 1.201
1705.000 1.252
1710.000 1.355
1715.000 1.409
1720.000 1.527
1725.000 1.664
1730.000 1.724
1735.000 1.843
1740.000 1.901
1745.000 2.023
1750.000 2.152
1755.000 2.222
1760.000 2.371
1765.000 2.445
1770.000 2.610
1775.000 2.799
1780.000 2.906
1785.000 3.145
1790.000 3.280
1795.000 3.592
1800.000 3.984
1805.000 4.210
1810.000 4.738
1815.000 5.112
1820.000 5.914
1825.000 6.408
1830.000 7.614
1835.000 9.272
1840.000 10.287
1845.000 12.809
1850.000 14.321
1855.000 17.778
1860.000 21.303
1865.000 22.730
1870.000 24.002
1875.000 23.544
1880.000 19.886
1885.000 15.373
1890.000 13.385
1895.000 10.213
1900.000 9.009
1905.000 7.184
1910.000 5.899
1915.000 5.389
1920.000 4.591
1925.000 4.274
1930.000 3.829
1935.000 3.489
1940.000 3.337
1945.000 3.066
1950.000 2.942
1955.000 2.736
1960.000 2.538
1965.000 2.458
1970.000 2.294
1975.000 2.229
1980.000 2.088
1985.000 1.913
1990.000 1.844
1995.000 1.697
2000.000 1.627
2005.000 1.517
2010.000 1.408
2015.000 1.364
2020.000 1.273
2025.000 1.231
2030.000 1.158
2035.000 1.100
2040.000 1.069
2045.000 1.073
2050.000 1.034
2055.000 0.973
2060.000 0.917
2065.000 0.885
2070.000 0.844
2075.000 0.821
2080.000 0.781
2085.000 0.740
2090.000 0.726
2095.000 0.692
2100.000 0.679
2105.000 0.645
2110.000 0.617
2115.000 0.601
2120.000 0.573
2125.000 0.562
2130.000 0.539
2135.000 0.526
2140.000 0.502
2145.000 0.482
2150.000 0.471
2155.000 0.454
2160.000 0.444
2165.000 0.426
2170.000 0.409
2175.000 0.402
2180.000 0.387
2185.000 0.378
2190.000 0.364
2195.000 0.351
2200.000 0.345
2205.000 0.333
2210.000 0.325
2215.000 0.316
2220.000 0.302
2225.000 0.297
2230.000 0.286
2235.000 0.282
2240.000 0.274
2245.000 0.263
2250.000 0.260
2255.000 0.252
2260.000 0.247
2265.000 0.240
2270.000 0.231
2275.000 0.229
2280.000 0.240
2285.000 0.234
2290.000 0.225
2295.000 0.218
2300.000 0.214
2305.000 0.206
2310.000 0.202
2315.000 0.197
2320.000 0.191
2325.000 0.187
2330.000 0.183
2335.000 0.179
2340.000 0.175
2345.000 0.171
2350.000 0.168
2355.000 0.165
2360.000 0.165
2365.000 0.159
2370.000 0.159
2375.000 0.156
2380.000 0.154
2385.000 0.154
2390.000 0.152
2395.000 0.148
2400.000 0.147
2405.000 0.146
2410.000 0.148
2415.000 0.145
2420.000 0.145
2425.000 0.142
2430.000 0.142
2435.000 0.141
2440.000 0.139
2445.000 0.139
2450.000 0.139
2455.000 0.137
2460.000 0.136
2465.000 0.137
2470.000 0.137
2475.000 0.137
2480.000 0.135
2485.000 0.135
2490.000 0.133
2495.000 0.132
2500.000 0.134
2505.000 0.132
2510.000 0.134
2515.000 0.131
2520.000 0.130
2525.000 0.133
2530.000 0.131
2535.000 0.130
2540.000 0.130
2545.000 0.130
2550.000 0.130
2555.000 0.131
2560.000 0.128
2565.000 0.131
2570.000 0.128
2575.000 0.130
2580.000 0.129
2585.000 0.129
2590.000 0.130
2595.000 0.129
2600.000 0.132
2605.000 0.129
2610.000 0.131
2615.000 0.130
2620.000 0.131
2625.000 0.129
2630.000 0.134
2635.000 0.132
2640.000 0.133
2645.000 0.131
2650.000 0.132
2655.000 0.131
2660.000 0.131
2665.000 0.132
2670.000 0.133
2675.000 0.134
2680.000 0.132
2685.000 0.132
2690.000 0.134
2695.000 0.134
2700.000 0.132
2705.000 0.134
2710.000 0.132
2715.000 0.133
2720.000 0.131
2725.000 0.134
2730.000 0.134
2735.000 0.133
2740.000 0.132
2745.000 0.133
2750.000 0.135
2755.000 0.137
2760.000 0.136
2765.000 0.135
2770.000 0.137
2775.000 0.138
2780.000 0.137
2785.000 0.136
2790.000 0.138
2795.000 0.137
2800.000 0.139
2805.000 0.141
2810.000 0.140
2815.000 0.140
2820.000 0.141
2825.000 0.142
2830.000 0.141
2835.000 0.142
2840.000 0.142
2845.000 0.143
2850.000 0.144
2855.000 0.144
2860.000 0.146
2865.000 0.145
2870.000 0.146
2875.000 0.146
2880.000 0.147
2885.000 0.150
2890.000 0.150
2895.000 0.150
2900.000 0.151
2905.000 0.152
2910.000 0.153
2915.000 0.154
2920.000 0.155
2925.000 0.156
2930.000 0.154
2935.000 0.159
2940.000 0.156
2945.000 0.158
2950.000 0.159
2955.000 0.166
2960.000 0.164
2965.000 0.166
2970.000 0.170
2975.000 0.162
2980.000 0.164
2985.000 0.167
2990.000 0.172
2995.000 0.168
3000.000 0.177
3005.000 0.172
3010.000 0.176
3015.000 0.174
3020.000 0.180
3025.000 0.177
3030.000 0.183
3035.000 0.187
3040.000 0.194
3045.000 0.197
3050.000 0.191
3055.000 0.202
3060.000 0.196
3065.000 0.203
3070.000 0.203
3075.000 0.204
3080.000 0.211
3085.000 0.215
3090.000 0.219
3095.000 0.219
3100.000 0.224
3105.000 0.229
3110.000 0.231
3115.000 0.237
3120.000 0.238
3125.000 0.245
3130.000 0.251
3135.000 0.255
3140.000 0.263
3145.000 0.267
3150.000 0.276
3155.000 0.281
3160.000 0.287
3165.000 0.297
3170.000 0.299
3175.000 0.310
3180.000 0.321
3185.000 0.325
3190.000 0.337
3195.000 0.346
3200.000 0.359
3205.000 0.375
3210.000 0.381
3215.000 0.399
3220.000 0.409
3225.000 0.428
3230.000 0.452
3235.000 0.463
3240.000 0.490
3245.000 0.505
3250.000 0.536
3255.000 0.574
3260.000 0.596
3265.000 0.642
3270.000 0.668
3275.000 0.726
3280.000 0.794
3285.000 0.833
3290.000 0.919
3295.000 0.961
3300.000 1.050
3305.000 1.097
3310.000 1.207
3315.000 1.342
3320.000 1.422
3325.000 1.792
3330.000 2.021
3335.000 2.229
3340.000 2.706
3345.000 2.886
3350.000 3.614
3355.000 3.992
3360.000 5.001
3365.000 6.572
3370.000 7.410
3375.000 9.836
3380.000 11.246
3385.000 14.252
3390.000 17.351
3395.000 18.686
3400.000 19.924
3405.000 19.586
3410.000 16.492
3415.000 12.609
3420.000 10.894
3425.000 8.228
3430.000 7.195
3435.000 5.616
3440.000 4.538
3445.000 4.140
3450.000 3.530
3455.000 3.291
3460.000 2.914
3465.000 2.656
3470.000 2.573
3475.000 2.471
3480.000 2.422
3485.000 2.339
3490.000 2.271
3495.000 2.245
3500.000 2.194
3505.000 2.174
3510.000 2.144
3515.000 2.122
3520.000 2.115
3525.000 2.106
3530.000 2.104
3535.000 2.097
3540.000 2.109
3545.000 2.117
3550.000 2.132
3555.000 2.146
3560.000 2.176
3565.000 2.216
3570.000 2.241
3575.000 2.289
3580.000 2.318
3585.000 2.392
3590.000 2.474
3595.000 2.521
3600.000 2.644
3605.000 2.707
3610.000 2.856
3615.000 3.029
3620.000 3.136
3625.000 3.392
3630.000 3.540
3635.000 3.942
3640.000 4.471
3645.000 4.815
3650.000 5.728
3655.000 6.324
3660.000 7.903
3665.000 10.094
3670.000 11.390
3675.000 14.100
3680.000 15.245
3685.000 16.145
3690.000 14.279
3695.000 12.714
3700.000 9.578
3705.000 8.261
3710.000 6.277
3715.000 4.935
3720.000 4.447
3725.000 3.689
3730.000 3.394
3735.000 2.967
3740.000 2.670
3745.000 2.550
3750.000 2.335
3755.000 2.237
3760.000 2.063
3765.000 1.912
3770.000 1.845
3775.000 1.719
3780.000 1.657
3785.000 1.533
3790.000 1.418
3795.000 1.357
3800.000 1.250
3805.000 1.201
3810.000 1.116
3815.000 1.042
3820.000 1.008
3825.000 0.952
3830.000 0.927
3835.000 0.883
3840.000 0.846
3845.000 0.828
3850.000 0.798
3855.000 0.781
3860.000 0.754
3865.000 0.732
3870.000 0.724
3875.000 0.703
3880.000 0.697
3885.000 0.682
3890.000 0.670
3895.000 0.664
3900.000 0.653
3905.000 0.649
3910.000 0.643
3915.000 0.646
3920.000 0.639
3925.000 0.632
3930.000 0.630
3935.000 0.626
3940.000 0.628
3945.000 0.622
3950.000 0.624
3955.000 0.629
3960.000 0.628
3965.000 0.633
3970.000 0.632
3975.000 0.643
3980.000 0.647
3985.000 0.651
3990.000 0.663
3995.000 0.670
4000.000 0.698
4005.000 0.700
4010.000 0.730
4015.000 0.735
4020.000 0.788
4025.000 0.806
4030.000 0.821
4035.000 0.857
4040.000 0.877
4045.000 0.932
4050.000 1.001
4055.000 1.020
4060.000 1.070
4065.000 1.096
4070.000 1.158
4075.000 1.239
4080.000 1.287
4085.000 1.400
4090.000 1.462
4095.000 1.628
4100.000 1.821
4105.000 1.928
4110.000 2.211
4115.000 2.466
4120.000 2.985
4125.000 3.662
4130.000 4.132
4135.000 5.391
4140.000 6.201
4145.000 8.134
4150.000 9.937
4155.000 10.488
4160.000 10.224
4165.000 9.310
4170.000 7.032
4175.000 5.083
4180.000 4.353
4185.000 3.296
4190.000 2.914
4195.000 2.318
4200.000 1.931
4205.000 1.778
4210.000 1.561
4215.000 1.482
4220.000 1.334
4225.000 1.213
4230.000 1.162
4235.000 1.063
4240.000 1.022
4245.000 0.948
4250.000 0.884
4255.000 0.853
4260.000 0.784
4265.000 0.749
4270.000 0.688
4275.000 0.636
4280.000 0.611
4285.000 0.572
4290.000 0.556
4295.000 0.528
4300.000 0.503
4305.000 0.493
4310.000 0.477
4315.000 0.469
4320.000 0.454
4325.000 0.445
4330.000 0.440
4335.000 0.430
4340.000 0.425
4345.000 0.420
4350.000 0.415
4355.000 0.412
4360.000 0.406
4365.000 0.402
4370.000 0.398
4375.000 0.394
4380.000 0.393
4385.000 0.392
4390.000 0.392
4395.000 0.391
4400.000 0.388
4405.000 0.390
4410.000 0.388
4415.000 0.390
4420.000 0.392
4425.000 0.398
4430.000 0.399
4435.000 0.402
4440.000 0.402
4445.000 0.408
4450.000 0.415
4455.000 0.417
4460.000 0.427
4465.000 0.432
4470.000 0.442
4475.000 0.456
4480.000 0.469
4485.000 0.486
4490.000 0.495
4495.000 0.520
4500.000 0.551
4505.000 0.590
4510.000 0.628
4515.000 0.652
4520.000 0.690
4525.000 0.716
4530.000 0.769
4535.000 0.838
4540.000 0.883
4545.000 1.008
4550.000 1.115
4555.000 1.365
4560.000 1.675
4565.000 1.863
4570.000 2.231
4575.000 2.336
4580.000 2.177
4585.000 1.667
4590.000 1.405
4595.000 0.991
4600.000 0.838
4605.000 0.616
4610.000 0.466
4615.000 0.410
4620.000 0.318
4625.000 0.283
4630.000 0.226
4635.000 0.185
4640.000 0.169
4645.000 0.141
4650.000 0.131
4655.000 0.117
4660.000 0.104
4665.000 0.099
4670.000 0.093
4675.000 0.089
4680.000 0.088
4685.000 0.088
4690.000 0.086
4695.000 0.085
4700.000 0.087
4705.000 0.092
4710.000 0.096
4715.000 0.097
4720.000 0.100
4725.000 0.102
4730.000 0.106
4735.000 0.107
4740.000 0.108
4745.000 0.112
4750.000 0.114
4755.000 0.116
4760.000 0.117
4765.000 0.119
4770.000 0.121
4775.000 0.126
4780.000 0.127
4785.000 0.129
4790.000 0.131
4795.000 0.131
4800.000 0.129
4805.000 0.130
4810.000 0.131
4815.000 0.132
4820.000 0.133
4825.000 0.135
4830.000 0.135
4835.000 0.135
4840.000 0.134
4845.000 0.134
4850.000 0.134
4855.000 0.137
4860.000 0.139
4865.000 0.136
4870.000 0.137
4875.000 0.136
4880.000 0.135
4885.000 0.135
4890.000 0.136
4895.000 0.135
4900.000 0.136
4905.000 0.136
4910.000 0.136
4915.000 0.136
4920.000 0.135
4925.000 0.135
4930.000 0.136
4935.000 0.135
4940.000 0.138
4945.000 0.136
4950.000 0.137
4955.000 0.134
4960.000 0.138
4965.000 0.133
4970.000 0.141
4975.000 0.139
4980.000 0.136
4985.000 0.140
4990.000 0.129
4995.000 0.134
5000.000 0.140
5005.000 0.129
5010.000 0.133
5015.000 0.131
5020.000 0.140
5025.000 0.134
5030.000 0.133
5035.000 0.139
5040.000 0.136
5045.000 0.137
5050.000 0.140
5055.000 0.134
5060.000 0.134
5065.000 0.137
5070.000 0.138
5075.000 0.139
5080.000 0.142
5085.000 0.138
5090.000 0.139
5095.000 0.143
5100.000 0.142
5105.000 0.143
5110.000 0.145
5115.000 0.144
5120.000 0.147
5125.000 0.145
5130.000 0.146
5135.000 0.147
5140.000 0.150
5145.000 0.150
5150.000 0.151
5155.000 0.151
5160.000 0.152
5165.000 0.154
5170.000 0.156
5175.000 0.155
5180.000 0.163
5185.000 0.164
5190.000 0.166
5195.000 0.166
5200.000 0.167
5205.000 0.168
5210.000 0.169
5215.000 0.169
5220.000 0.172
5225.000 0.174
5230.000 0.177
5235.000 0.178
5240.000 0.178
5245.000 0.178
5250.000 0.178
5255.000 0.182
5260.000 0.182
5265.000 0.186
5270.000 0.185
5275.000 0.185
5280.000 0.189
5285.000 0.191
5290.000 0.191
5295.000 0.190
5300.000 0.193
5305.000 0.195
5310.000 0.198
5315.000 0.198
5320.000 0.195
5325.000 0.197
5330.000 0.196
5335.000 0.197
5340.000 0.202
5345.000 0.204
5350.000 0.203
5355.000 0.205
5360.000 0.206
5365.000 0.207
5370.000 0.208
5375.000 0.208
5380.000 0.209
5385.000 0.208
5390.000 0.208
5395.000 0.210
5400.000 0.210
5405.000 0.213
5410.000 0.213
5415.000 0.214
5420.000 0.215
5425.000 0.215
5430.000 0.213
5435.000 0.212
5440.000 0.217
5445.000 0.216
5450.000 0.220
5455.000 0.219
5460.000 0.220
5465.000 0.216
5470.000 0.217
5475.000 0.217
5480.000 0.217
5485.000 0.219
5490.000 0.220
5495.000 0.221
5500.000 0.225
5505.000 0.225
5510.000 0.223
5515.000 0.221
5520.000 0.221
5525.000 0.223
5530.000 0.233
5535.000 0.231
5540.000 0.226
5545.000 0.225
5550.000 0.224
5555.000 0.223
5560.000 0.224
5565.000 0.224
5570.000 0.227
5575.000 0.223
5580.000 0.226
5585.000 0.226
5590.000 0.224
5595.000 0.228
5600.000 0.230
5605.000 0.226
5610.000 0.229
5615.000 0.228
5620.000 0.226
5625.000 0.228
5630.000 0.227
5635.000 0.224
5640.000 0.227
5645.000 0.226
5650.000 0.227
5655.000 0.231
5660.000 0.229
5665.000 0.229
5670.000 0.228
5675.000 0.231
5680.000 0.232
5685.000 0.231
5690.000 0.229
5695.000 0.231
5700.000 0.231
5705.000 0.232
5710.000 0.233
5715.000 0.229
5720.000 0.230
5725.000 0.230
5730.000 0.229
5735.000 0.230
5740.000 0.229
5745.000 0.232
5750.000 0.234
5755.000 0.232
5760.000 0.229
5765.000 0.233
5770.000 0.231
5775.000 0.230
5780.000 0.234
5785.000 0.234
5790.000 0.234
5795.000 0.233
5800.000 0.235
5805.000 0.236
5810.000 0.235
5815.000 0.237
5820.000 0.234
5825.000 0.234
5830.000 0.235
5835.000 0.234
5840.000 0.235
5845.000 0.236
5850.000 0.235
5855.000 0.239
5860.000 0.241
5865.000 0.238
5870.000 0.237
5875.000 0.239
5880.000 0.237
5885.000 0.237
5890.000 0.242
5895.000 0.238
5900.000 0.243
5905.000 0.242
5910.000 0.240
5915.000 0.240
5920.000 0.238
5925.000 0.237
5930.000 0.237
5935.000 0.239
5940.000 0.234
5945.000 0.234
5950.000 0.239
5955.000 0.244
5960.000 0.242
5965.000 0.242
5970.000 0.246
5975.000 0.239
5980.000 0.238
5985.000 0.241
5990.000 0.240
5995.000 0.250
6000.000 0.255
6005.000 0.247
6010.000 0.238
6015.000 0.242
6020.000 0.255
6025.000 0.248
6030.000 0.249
6035.000 0.245
6040.000 0.248
6045.000 0.244
6050.000 0.246
6055.000 0.252
6060.000 0.254
6065.000 0.250
6070.000 0.253
6075.000 0.255
6080.000 0.255
6085.000 0.248
6090.000 0.248
6095.000 0.248
6100.000 0.248
6105.000 0.250
6110.000 0.246
6115.000 0.250
6120.000 0.251
6125.000 0.254
6130.000 0.251
6135.000 0.251
6140.000 0.250
6145.000 0.248
6150.000 0.251
6155.000 0.251
6160.000 0.255
6165.000 0.249
6170.000 0.253
6175.000 0.256
6180.000 0.256
6185.000 0.256
6190.000 0.257
6195.000 0.256
6200.000 0.255
6205.000 0.257
6210.000 0.257
6215.000 0.258
6220.000 0.260
6225.000 0.257
6230.000 0.256
6235.000 0.261
6240.000 0.264
6245.000 0.260
6250.000 0.261
6255.000 0.260
6260.000 0.264
6265.000 0.261
6270.000 0.262
6275.000 0.263
6280.000 0.265
6285.000 0.266
6290.000 0.263
6295.000 0.262
6300.000 0.267
6305.000 0.262
6310.000 0.281
6315.000 0.271
6320.000 0.272
6325.000 0.272
6330.000 0.272
6335.000 0.274
6340.000 0.267
6345.000 0.268
6350.000 0.273
6355.000 0.272
6360.000 0.276
6365.000 0.287
6370.000 0.292
6375.000 0.290
6380.000 0.289
6385.000 0.293
6390.000 0.293
6395.000 0.294
6400.000 0.291
6405.000 0.289
6410.000 0.290
6415.000 0.309
6420.000 0.312
6425.000 0.309
6430.000 0.309
6435.000 0.306
6440.000 0.303
6445.000 0.302
6450.000 0.299
6455.000 0.313
6460.000 0.318
6465.000 0.318
6470.000 0.328
6475.000 0.329
6480.000 0.328
6485.000 0.319
6490.000 0.333
6495.000 0.322
6500.000 0.330
6505.000 0.327
6510.000 0.328
6515.000 0.330
6520.000 0.332
6525.000 0.339
6530.000 0.334
6535.000 0.342
6540.000 0.372
6545.000 0.378
6550.000 0.372
6555.000 0.374
6560.000 0.378
6565.000 0.381
6570.000 0.396
6575.000 0.404
6580.000 0.404
6585.000 0.415
6590.000 0.419
6595.000 0.432
6600.000 0.478
6605.000 0.478
6610.000 0.499
6615.000 0.503
6620.000 0.515
6625.000 0.537
6630.000 0.551
6635.000 0.577
6640.000 0.591
6645.000 0.620
6650.000 0.654
6655.000 0.681
6660.000 0.725
6665.000 0.752
6670.000 0.817
6675.000 0.894
6680.000 0.942
6685.000 1.056
6690.000 1.123
6695.000 1.288
6700.000 1.509
6705.000 1.652
6710.000 2.004
6715.000 2.293
6720.000 2.930
6725.000 3.791
6730.000 4.339
6735.000 5.876
6740.000 6.786
6745.000 8.887
6750.000 11.002
6755.000 12.098
6760.000 13.100
6765.000 12.882
6770.000 11.103
6775.000 8.758
6780.000 7.773
6785.000 6.078
6790.000 5.413
6795.000 4.371
6800.000 3.628
6805.000 3.354
6810.000 2.923
6815.000 2.766
6820.000 2.534
6825.000 2.382
6830.000 2.331
6835.000 2.292
6840.000 2.281
6845.000 2.281
6850.000 2.297
6855.000 2.310
6860.000 2.355
6865.000 2.392
6870.000 2.455
6875.000 2.544
6880.000 2.594
6885.000 2.731
6890.000 2.809
6895.000 3.007
6900.000 3.248
6905.000 3.408
6910.000 3.820
6915.000 4.089
6920.000 4.808
6925.000 5.770
6930.000 6.411
6935.000 8.097
6940.000 9.073
6945.000 11.229
6950.000 12.849
6955.000 13.265
6960.000 12.438
6965.000 11.355
6970.000 8.953
6975.000 6.893
6980.000 6.098
6985.000 4.887
6990.000 4.417
6995.000 3.710
7000.000 3.235
7005.000 3.079
7010.000 2.800
7015.000 2.688
7020.000 2.534
7025.000 2.444
7030.000 2.362
7035.000 2.174
7040.000 2.112
7045.000 1.988
7050.000 1.925
7055.000 1.907
7060.000 1.807
7065.000 1.760
7070.000 1.714
7075.000 1.648
7080.000 1.618
7085.000 1.570
7090.000 1.551
7095.000 1.512
7100.000 1.479
7105.000 1.470
7110.000 1.450
7115.000 1.443
7120.000 1.425
7125.000 1.421
7130.000 1.415
7135.000 1.416
7140.000 1.416
7145.000 1.423
7150.000 1.429
7155.000 1.439
7160.000 1.458
7165.000 1.470
7170.000 1.507
7175.000 1.535
7180.000 1.589
7185.000 1.616
7190.000 1.635
7195.000 1.678
7200.000 1.705
7205.000 1.764
7210.000 1.845
7215.000 1.886
7220.000 1.987
7225.000 2.039
7230.000 2.165
7235.000 2.347
7240.000 2.446
7245.000 2.693
7250.000 2.848
7255.000 3.237
7260.000 3.777
7265.000 4.120
7270.000 4.991
7275.000 5.508
7280.000 6.676
7285.000 7.724
7290.000 8.098
7295.000 7.951
7300.000 7.385
7305.000 5.957
7310.000 4.621
7315.000 4.089
7320.000 3.286
7325.000 2.965
7330.000 2.455
7335.000 2.125
7340.000 1.990
7345.000 1.766
7350.000 1.687
7355.000 1.530
7360.000 1.393
7365.000 1.387
7370.000 1.251
7375.000 1.229
7380.000 1.699
7385.000 1.530
7390.000 1.382
7395.000 1.160
7400.000 1.075
7405.000 0.937
7410.000 0.845
7415.000 0.798
7420.000 0.730
7425.000 0.696
7430.000 0.666
7435.000 0.652
7440.000 0.629
7445.000 0.591
7450.000 0.572
7455.000 0.548
7460.000 0.526
7465.000 0.530
7470.000 0.530
7475.000 0.521
7480.000 0.504
7485.000 0.494
7490.000 0.494
7495.000 0.489
7500.000 0.485
7505.000 0.484
7510.000 0.486
7515.000 0.489
7520.000 0.496
7525.000 0.498
7530.000 0.520
7535.000 0.541
7540.000 0.550
7545.000 0.600
7550.000 0.615
7555.000 0.656
7560.000 0.711
7565.000 0.748
7570.000 0.853
7575.000 0.920
7580.000 1.100
7585.000 1.324
7590.000 1.447
7595.000 2.326
7600.000 2.573
7605.000 2.782
7610.000 2.577
7615.000 2.336
7620.000 1.907
7625.000 1.724
7630.000 1.338
7635.000 1.052
7640.000 0.934
7645.000 0.756
7650.000 0.618
7655.000 0.669
7660.000 0.604
7665.000 0.573
7670.000 0.521
7675.000 0.496
7680.000 0.437
7685.000 0.391
7690.000 0.374
7695.000 0.345
7700.000 0.331
7705.000 0.313
7710.000 0.322
7715.000 0.346
7720.000 0.337
7725.000 0.334
7730.000 0.318
7735.000 0.296
7740.000 0.289
7745.000 0.272
7750.000 0.264
7755.000 0.253
7760.000 0.251
7765.000 0.244
7770.000 0.238
7775.000 0.238
7780.000 0.236
7785.000 0.235
7790.000 0.231
7795.000 0.230
7800.000 0.229
7805.000 0.228
7810.000 0.227
7815.000 0.223
7820.000 0.223
7825.000 0.222
7830.000 0.223
7835.000 0.220
7840.000 0.227
7845.000 0.226
7850.000 0.223
7855.000 0.221
7860.000 0.222
7865.000 0.220
7870.000 0.217
7875.000 0.220
7880.000 0.219
7885.000 0.217
7890.000 0.217
7895.000 0.215
7900.000 0.214
7905.000 0.213
7910.000 0.212
7915.000 0.214
7920.000 0.209
7925.000 0.212
7930.000 0.209
7935.000 0.210
7940.000 0.208
7945.000 0.208
7950.000 0.207
7955.000 0.212
7960.000 0.208
7965.000 0.210
7970.000 0.207
7975.000 0.206
7980.000 0.205
7985.000 0.203
7990.000 0.212
7995.000 0.211
8000.000 0.204
8005.000 0.207
8010.000 0.206
8015.000 0.205
8020.000 0.204
8025.000 0.210
8030.000 0.212
8035.000 0.212
8040.000 0.207
8045.000 0.207
8050.000 0.212
8055.000 0.216
8060.000 0.265
8065.000 0.264
8070.000 0.265
8075.000 0.260
8080.000 0.242
8085.000 0.233
8090.000 0.223
8095.000 0.217
8100.000 0.211
8105.000 0.208
8110.000 0.208
8115.000 0.206
8120.000 0.206
8125.000 0.205
8130.000 0.207
8135.000 0.206
8140.000 0.206
8145.000 0.205
8150.000 0.206
8155.000 0.207
8160.000 0.207
8165.000 0.207
8170.000 0.206
8175.000 0.207
8180.000 0.206
8185.000 0.204
8190.000 0.207
8195.000 0.218
8200.000 0.214
8205.000 0.212
8210.000 0.212
8215.000 0.211
8220.000 0.212
8225.000 0.215
8230.000 0.213
8235.000 0.215
8240.000 0.213
8245.000 0.211
8250.000 0.211
8255.000 0.216
8260.000 0.217
8265.000 0.213
8270.000 0.211
8275.000 0.211
8280.000 0.208
8285.000 0.212
8290.000 0.210
8295.000 0.208
8300.000 0.213
8305.000 0.213
8310.000 0.214
8315.000 0.212
8320.000 0.210
8325.000 0.209
8330.000 0.209
8335.000 0.208
8340.000 0.219
8345.000 0.216
8350.000 0.218
8355.000 0.216
8360.000 0.215
8365.000 0.215
8370.000 0.214
8375.000 0.213
8380.000 0.211
8385.000 0.213
8390.000 0.212
8395.000 0.213
8400.000 0.213
8405.000 0.210
8410.000 0.212
8415.000 0.212
8420.000 0.213
8425.000 0.211
8430.000 0.211
8435.000 0.211
8440.000 0.210
8445.000 0.212
8450.000 0.213
8455.000 0.211
8460.000 0.215
8465.000 0.214
8470.000 0.213
8475.000 0.215
8480.000 0.213
8485.000 0.214
8490.000 0.217
8495.000 0.215
8500.000 0.215
8505.000 0.215
8510.000 0.215
8515.000 0.216
8520.000 0.219
8525.000 0.222
8530.000 0.219
8535.000 0.219
8540.000 0.217
8545.000 0.220
8550.000 0.217
8555.000 0.216
8560.000 0.221
8565.000 0.220
8570.000 0.217
8575.000 0.218
8580.000 0.211
8585.000 0.219
8590.000 0.218
8595.000 0.218
8600.000 0.219
8605.000 0.217
8610.000 0.216
8615.000 0.218
8620.000 0.218
8625.000 0.221
8630.000 0.282
8635.000 0.286
8640.000 0.278
8645.000 0.268
8650.000 0.250
8655.000 0.245
8660.000 0.234
8665.000 0.229
8670.000 0.228
8675.000 0.226
8680.000 0.226
8685.000 0.227
8690.000 0.226
8695.000 0.226
8700.000 0.224
8705.000 0.225
8710.000 0.222
8715.000 0.225
8720.000 0.224
8725.000 0.224
8730.000 0.224
8735.000 0.227
8740.000 0.226
8745.000 0.228
8750.000 0.226
8755.000 0.225
8760.000 0.227
8765.000 0.228
8770.000 0.227
8775.000 0.235
8780.000 0.237
8785.000 0.232
8790.000 0.230
8795.000 0.228
8800.000 0.229
8805.000 0.229
8810.000 0.231
8815.000 0.234
8820.000 0.236
8825.000 0.229
8830.000 0.245
8835.000 0.236
8840.000 0.237
8845.000 0.232
8850.000 0.232
8855.000 0.237
8860.000 0.235
8865.000 0.238
8870.000 0.238
8875.000 0.238
8880.000 0.238
8885.000 0.240
8890.000 0.239
8895.000 0.240
8900.000 0.235
8905.000 0.235
8910.000 0.237
8915.000 0.238
8920.000 0.236
8925.000 0.241
8930.000 0.238
8935.000 0.235
8940.000 0.239
8945.000 0.237
8950.000 0.241
8955.000 0.237
8960.000 0.240
8965.000 0.242
8970.000 0.237
8975.000 0.241
8980.000 0.241
8985.000 0.239
8990.000 0.245
8995.000 0.236
9000.000 0.239
9005.000 0.239
9010.000 0.240
9015.000 0.236
9020.000 0.241
9025.000 0.239
9030.000 0.247
9035.000 0.239
9040.000 0.246
9045.000 0.245
9050.000 0.242
9055.000 0.247
9060.000 0.247
9065.000 0.249
9070.000 0.250
9075.000 0.247
9080.000 0.250
9085.000 0.248
9090.000 0.248
9095.000 0.249
9100.000 0.252
9105.000 0.252
9110.000 0.250
9115.000 0.251
9120.000 0.253
9125.000 0.254
9130.000 0.252
9135.000 0.251
9140.000 0.254
9145.000 0.256
9150.000 0.256
9155.000 0.253
9160.000 0.257
9165.000 0.358
9170.000 0.359
9175.000 0.370
9180.000 0.365
9185.000 0.361
9190.000 0.328
9195.000 0.313
9200.000 0.291
9205.000 0.285
9210.000 0.269
9215.000 0.262
9220.000 0.263
9225.000 0.261
9230.000 0.256
9235.000 0.261
9240.000 0.261
9245.000 0.256
9250.000 0.258
9255.000 0.259
9260.000 0.258
9265.000 0.260
9270.000 0.260
9275.000 0.259
9280.000 0.257
9285.000 0.259
9290.000 0.260
9295.000 0.262
9300.000 0.260
9305.000 0.257
9310.000 0.259
9315.000 0.259
9320.000 0.259
9325.000 0.259
9330.000 0.259
9335.000 0.259
9340.000 0.259
9345.000 0.255
9350.000 0.255
9355.000 0.256
9360.000 0.259
9365.000 0.259
9370.000 0.262
9375.000 0.261
9380.000 0.259
9385.000 0.260
9390.000 0.261
9395.000 0.260
9400.000 0.258
9405.000 0.262
9410.000 0.261
9415.000 0.264
9420.000 0.262
9425.000 0.262
9430.000 0.261
9435.000 0.263
9440.000 0.264
9445.000 0.263
9450.000 0.264
9455.000 0.266
9460.000 0.265
9465.000 0.265
9470.000 0.264
9475.000 0.265
9480.000 0.261
9485.000 0.264
9490.000 0.264
9495.000 0.264
9500.000 0.265
9505.000 0.263
9510.000 0.265
9515.000 0.267
9520.000 0.266
9525.000 0.264
9530.000 0.267
9535.000 0.265
9540.000 0.268
9545.000 0.267
9550.000 0.269
9555.000 0.266
9560.000 0.264
9565.000 0.264
9570.000 0.264
9575.000 0.267
9580.000 0.267
9585.000 0.267
9590.000 0.266
9595.000 0.267
9600.000 0.266
9605.000 0.266
9610.000 0.270
9615.000 0.276
9620.000 0.274
9625.000 0.271
9630.000 0.271
9635.000 0.271
9640.000 0.271
9645.000 0.271
9650.000 0.270
9655.000 0.269
9660.000 0.272
9665.000 0.271
9670.000 0.272
9675.000 0.271
9680.000 0.274
9685.000 0.271
9690.000 0.271
9695.000 0.276
9700.000 0.274
9705.000 0.273
9710.000 0.274
9715.000 0.275
9720.000 0.276
9725.000 0.275
9730.000 0.273
9735.000 0.275
9740.000 0.277
9745.000 0.279
9750.000 0.281
9755.000 0.280
9760.000 0.280
9765.000 0.281
9770.000 0.280
9775.000 0.286
9780.000 0.281
9785.000 0.288
9790.000 0.286
9795.000 0.289
9800.000 0.292
9805.000 0.292
9810.000 0.295
9815.000 0.294
9820.000 0.296
9825.000 0.299
9830.000 0.294
9835.000 0.301
9840.000 0.298
9845.000 0.301
9850.000 0.300
9855.000 0.304
9860.000 0.308
9865.000 0.309
9870.000 0.311
9875.000 0.311
9880.000 0.315
9885.000 0.320
9890.000 0.322
9895.000 0.325
9900.000 0.325
9905.000 0.333
9910.000 0.337
9915.000 0.341
9920.000 0.342
9925.000 0.351
9930.000 0.354
9935.000 0.360
9940.000 0.363
9945.000 0.371
9950.000 0.372
9955.000 0.386
9960.000 0.397
9965.000 0.407
9970.000 0.415
9975.000 0.426
9980.000 0.445
9985.000 0.456
9990.000 0.471
9995.000 0.487
10000.000 0.528
10005.000 0.536
10010.000 0.569
10015.000 0.586
10020.000 0.643
10025.000 0.661
10030.000 0.731
10035.000 0.832
10040.000 0.952
10045.000 1.034
10050.000 1.135
10055.000 1.391
10060.000 1.757
10065.000 1.964
10070.000 2.395
10075.000 2.564
10080.000 2.674
10085.000 2.395
10090.000 2.178
10095.000 1.734
10100.000 1.540
10105.000 1.237
10110.000 1.026
10115.000 0.942
10120.000 0.819
10125.000 0.780
10130.000 0.718
10135.000 0.675
10140.000 0.660
10145.000 0.636
10150.000 0.633
10155.000 0.627
10160.000 0.628
10165.000 0.630
10170.000 0.641
10175.000 0.650
10180.000 0.672
10185.000 0.709
10190.000 0.730
10195.000 0.780
10200.000 0.806
10205.000 0.871
10210.000 0.958
10215.000 1.015
10220.000 1.149
10225.000 1.236
10230.000 1.455
10235.000 1.757
10240.000 1.943
10245.000 2.484
10250.000 2.842
10255.000 3.599
10260.000 4.295
10265.000 4.564
10270.000 4.808
10275.000 4.747
10280.000 4.278
10285.000 3.625
10290.000 3.303
10295.000 2.742
10300.000 2.503
10305.000 2.124
10310.000 1.842
10315.000 1.732
10320.000 1.550
10325.000 1.504
10330.000 1.396
10335.000 1.328
10340.000 1.318
10345.000 1.257
10350.000 1.230
10355.000 1.174
10360.000 1.151
10365.000 1.134
10370.000 1.098
10375.000 1.083
10380.000 1.058
10385.000 1.033
10390.000 1.017
10395.000 1.004
10400.000 0.998
10405.000 0.993
10410.000 0.986
10415.000 0.984
10420.000 0.982
10425.000 0.981
10430.000 0.982
10435.000 0.983
10440.000 0.993
10445.000 1.007
10450.000 1.014
10455.000 1.027
10460.000 1.041
10465.000 1.060
10470.000 1.096
10475.000 1.114
10480.000 1.155
10485.000 1.170
10490.000 1.220
10495.000 1.274
10500.000 1.313
10505.000 1.386
10510.000 1.431
10515.000 1.530
10520.000 1.645
10525.000 1.710
10530.000 1.864
10535.000 1.944
10540.000 2.097
10545.000 2.153
10550.000 2.145
10555.000 2.077
10560.000 2.009
10565.000 1.806
10570.000 1.572
10575.000 1.459
10580.000 1.240
10585.000 1.145
10590.000 0.976
10595.000 0.838
10600.000 0.782
10605.000 0.674
10610.000 0.632
10615.000 0.547
10620.000 0.478
10625.000 0.449
10630.000 0.392
10635.000 0.368
10640.000 0.326
10645.000 0.285
10650.000 0.267
10655.000 0.236
10660.000 0.224
10665.000 0.198
10670.000 0.182
10675.000 0.168
10680.000 0.158
10685.000 0.145
10690.000 0.134
10695.000 0.123
10700.000 0.121
10705.000 0.115
10710.000 0.112
10715.000 0.111
10720.000 0.108
10725.000 0.109
10730.000 0.112
10735.000 0.114
10740.000 0.122
10745.000 0.135
10750.000 0.141
10755.000 0.163
10760.000 0.173
10765.000 0.202
10770.000 0.247
10775.000 0.279
10780.000 0.360
10785.000 0.419
10790.000 0.567
10795.000 0.756
10800.000 0.868
10805.000 1.055
10810.000 1.135
10815.000 1.241
10820.000 1.239
10825.000 1.198
10830.000 1.082
10835.000 1.003
10840.000 0.854
10845.000 0.727
10850.000 0.677
10855.000 0.591
10860.000 0.557
10865.000 0.499
10870.000 0.455
10875.000 0.449
10880.000 0.420
10885.000 0.413
10890.000 0.393
10895.000 0.382
10900.000 0.371
10905.000 0.366
10910.000 0.358
10915.000 0.352
10920.000 0.342
10925.000 0.340
10930.000 0.333
10935.000 0.326
10940.000 0.325
10945.000 0.323
10950.000 0.320
10955.000 0.311
10960.000 0.314
10965.000 0.313
10970.000 0.305
10975.000 0.307
10980.000 0.304
10985.000 0.302
10990.000 0.299
10995.000 0.297
11000.000 0.293
11005.000 0.295
11010.000 0.292
11015.000 0.288
11020.000 0.284
11025.000 0.291
11030.000 0.298
11035.000 0.291
11040.000 0.304
11045.000 0.298
11050.000 0.297
11055.000 0.283
11060.000 0.287
11065.000 0.282
11070.000 0.282
11075.000 0.282
11080.000 0.280
11085.000 0.279
11090.000 0.276
11095.000 0.276
11100.000 0.277
11105.000 0.275
11110.000 0.274
11115.000 0.273
11120.000 0.275
11125.000 0.271
11130.000 0.271
11135.000 0.270
11140.000 0.268
11145.000 0.270
11150.000 0.268
11155.000 0.267
11160.000 0.267
11165.000 0.268
11170.000 0.269
11175.000 0.267
11180.000 0.268
11185.000 0.269
11190.000 0.272
11195.000 0.269
11200.000 0.266
11205.000 0.264
11210.000 0.262
11215.000 0.265
11220.000 0.265
11225.000 0.263
11230.000 0.263
11235.000 0.262
11240.000 0.261
11245.000 0.258
11250.000 0.262
11255.000 0.261
11260.000 0.261
11265.000 0.263
11270.000 0.261
11275.000 0.260
11280.000 0.261
11285.000 0.262
11290.000 0.257
11295.000 0.258
11300.000 0.262
11305.000 0.258
11310.000 0.259
11315.000 0.260
11320.000 0.260
11325.000 0.258
11330.000 0.259
11335.000 0.258
11340.000 0.259
11345.000 0.262
11350.000 0.260
11355.000 0.260
11360.000 0.259
11365.000 0.258
11370.000 0.260
11375.000 0.257
11380.000 0.258
11385.000 0.261
11390.000 0.262
11395.000 0.258
11400.000 0.260
11405.000 0.257
11410.000 0.258
11415.000 0.256
11420.000 0.259
11425.000 0.256
11430.000 0.256
11435.000 0.254
11440.000 0.256
11445.000 0.255
11450.000 0.256
11455.000 0.257
11460.000 0.258
11465.000 0.255
11470.000 0.257
11475.000 0.256
11480.000 0.255
11485.000 0.253
11490.000 0.254
11495.000 0.253
11500.000 0.255
11505.000 0.254
11510.000 0.254
11515.000 0.255
11520.000 0.253
11525.000 0.260
11530.000 0.260
11535.000 0.260
11540.000 0.260
11545.000 0.258
11550.000 0.256
11555.000 0.255
11560.000 0.257
11565.000 0.254
11570.000 0.251
11575.000 0.256
11580.000 0.256
11585.000 0.256
11590.000 0.255
11595.000 0.252
11600.000 0.250
11605.000 0.251
11610.000 0.254
11615.000 0.254
11620.000 0.250
11625.000 0.255
11630.000 0.254
11635.000 0.253
11640.000 0.253
11645.000 0.250
11650.000 0.251
11655.000 0.253
11660.000 0.250
11665.000 0.256
11670.000 0.254
11675.000 0.255
11680.000 0.257
11685.000 0.256
11690.000 0.255
11695.000 0.253
11700.000 0.250
11705.000 0.251
11710.000 0.251
11715.000 0.251
11720.000 0.257
11725.000 0.252
11730.000 0.255
11735.000 0.252
11740.000 0.251
11745.000 0.250
11750.000 0.251
11755.000 0.251
11760.000 0.250
11765.000 0.248
11770.000 0.250
11775.000 0.253
11780.000 0.253
11785.000 0.251
11790.000 0.250
11795.000 0.248
11800.000 0.251
11805.000 0.249
11810.000 0.251
11815.000 0.252
11820.000 0.251
11825.000 0.250
11830.000 0.250
11835.000 0.249
11840.000 0.247
11845.000 0.249
11850.000 0.251
11855.000 0.251
11860.000 0.248
11865.000 0.250
11870.000 0.246
11875.000 0.246
11880.000 0.248
11885.000 0.247
11890.000 0.247
11895.000 0.244
11900.000 0.247
11905.000 0.246
11910.000 0.250
11915.000 0.249
11920.000 0.247
11925.000 0.248
11930.000 0.250
11935.000 0.247
11940.000 0.251
11945.000 0.253
11950.000 0.252
11955.000 0.251
11960.000 0.251
11965.000 0.254
11970.000 0.249
11975.000 0.249
11980.000 0.248
11985.000 0.248
11990.000 0.245
11995.000 0.245
12000.000 0.241
