105.000 0.483
110.000 1.060
115.000 6.393
120.000 10.335
125.000 11.502
130.000 11.516
135.000 12.777
140.000 13.222
145.000 14.862
150.000 15.728
155.000 16.853
160.000 17.288
165.000 17.761
170.000 17.395
175.000 16.846
180.000 16.626
185.000 16.266
190.000 16.199
195.000 16.914
200.000 16.344
205.000 16.775
210.000 16.522
215.000 16.843
220.000 16.999
225.000 16.942
230.000 16.792
235.000 16.328
240.000 16.061
245.000 15.653
250.000 15.509
255.000 15.454
260.000 15.491
265.000 15.511
270.000 15.642
275.000 15.914
280.000 16.027
285.000 15.982
290.000 16.018
295.000 16.255
300.000 16.416
305.000 16.652
310.000 17.038
315.000 17.228
320.000 17.605
325.000 18.156
330.000 18.352
335.000 19.072
340.000 19.363
345.000 20.271
350.000 21.562
355.000 21.862
360.000 22.608
365.000 22.815
370.000 23.864
375.000 25.068
380.000 25.399
385.000 26.402
390.000 26.802
395.000 28.677
400.000 30.117
405.000 30.692
410.000 32.108
415.000 33.067
420.000 34.159
425.000 34.403
430.000 35.383
435.000 36.049
440.000 36.307
445.000 36.425
450.000 36.402
455.000 36.236
460.000 35.245
465.000 34.750
470.000 33.050
475.000 32.220
480.000 30.295
485.000 28.440
490.000 27.475
495.000 25.587
500.000 24.677
505.000 22.827
510.000 20.655
515.000 19.616
520.000 17.599
525.000 16.571
530.000 15.108
535.000 13.595
540.000 13.013
545.000 11.850
550.000 11.315
555.000 10.284
560.000 9.319
565.000 8.864
570.000 8.054
575.000 7.671
580.000 6.947
585.000 6.265
590.000 5.912
595.000 5.331
600.000 5.070
605.000 4.622
610.000 4.304
615.000 4.268
620.000 4.059
625.000 3.942
630.000 3.698
635.000 3.493
640.000 3.378
645.000 3.212
650.000 3.170
655.000 2.963
660.000 2.821
665.000 2.750
670.000 2.629
675.000 2.565
680.000 2.418
685.000 2.452
690.000 2.307
695.000 2.271
700.000 2.280
705.000 2.147
710.000 2.086
715.000 2.015
720.000 1.969
725.000 1.940
730.000 1.882
735.000 1.834
740.000 1.803
745.000 1.752
750.000 1.724
755.000 1.676
760.000 1.634
765.000 1.622
770.000 1.574
775.000 1.574
780.000 1.537
785.000 1.508
790.000 1.512
795.000 1.477
800.000 1.448
805.000 1.400
810.000 1.340
815.000 1.314
820.000 1.290
825.000 1.250
830.000 1.165
835.000 1.103
840.000 1.068
845.000 1.020
850.000 1.003
855.000 0.967
860.000 0.950
865.000 0.937
870.000 0.901
875.000 0.883
880.000 0.852
885.000 0.824
890.000 0.814
895.000 0.794
900.000 0.788
905.000 0.774
910.000 0.755
915.000 0.748
920.000 0.723
925.000 0.711
930.000 0.687
935.000 0.664
940.000 0.651
945.000 0.637
950.000 0.627
955.000 0.617
960.000 0.598
965.000 0.595
970.000 0.585
975.000 0.579
980.000 0.572
985.000 0.560
990.000 0.557
995.000 0.546
1000.000 0.552
1005.000 0.534
1010.000 0.535
1015.000 0.523
1020.000 0.529
1025.000 0.522
1030.000 0.520
1035.000 0.525
1040.000 0.524
1045.000 0.529
1050.000 0.530
1055.000 0.527
1060.000 0.536
1065.000 0.544
1070.000 0.550
1075.000 0.557
1080.000 0.573
1085.000 0.578
1090.000 0.596
1095.000 0.614
1100.000 0.625
1105.000 0.652
1110.000 0.673
1115.000 0.706
1120.000 0.753
1125.000 0.780
1130.000 0.833
1135.000 0.860
1140.000 0.917
1145.000 0.983
1150.000 1.020
1155.000 1.094
1160.000 1.137
1165.000 1.232
1170.000 1.340
1175.000 1.390
1180.000 1.489
1185.000 1.534
1190.000 1.640
1195.000 1.769
1200.000 1.831
1205.000 1.973
1210.000 2.053
1215.000 2.241
1220.000 2.464
1225.000 2.584
1230.000 2.891
1235.000 3.080
1240.000 3.523
1245.000 4.087
1250.000 4.424
1255.000 5.247
1260.000 5.765
1265.000 7.057
1270.000 8.740
1275.000 9.763
1280.000 12.190
1285.000 13.536
1290.000 16.493
1295.000 19.489
1300.000 20.951
1305.000 22.648
1310.000 22.814
1315.000 21.219
1320.000 19.576
1325.000 15.729
1330.000 12.280
1335.000 10.861
1340.000 8.641
1345.000 7.767
1350.000 6.411
1355.000 5.442
1360.000 5.068
1365.000 4.463
1370.000 4.234
1375.000 3.878
1380.000 3.627
1385.000 3.521
1390.000 3.331
1395.000 3.237
1400.000 3.082
1405.000 2.938
1410.000 2.876
1415.000 2.748
1420.000 2.696
1425.000 2.591
1430.000 2.494
1435.000 2.443
1440.000 2.342
1445.000 2.293
1450.000 2.193
1455.000 2.098
1460.000 2.054
1465.000 1.981
1470.000 1.952
1475.000 1.882
1480.000 1.821
1485.000 1.794
1490.000 1.746
1495.000 1.717
1500.000 1.672
1505.000 1.623
1510.000 1.599
1515.000 1.562
1520.000 1.541
1525.000 1.507
1530.000 1.478
1535.000 1.460
1540.000 1.423
1545.000 1.409
1550.000 1.382
1555.000 1.350
1560.000 1.336
1565.000 1.304
1570.000 1.294
1575.000 1.261
1580.000 1.231
1585.000 1.218
1590.000 1.185
1595.000 1.169
1600.000 1.135
1605.000 1.097
1610.000 1.079
1615.000 1.034
1620.000 1.011
1625.000 0.964
1630.000 0.920
1635.000 0.898
1640.000 0.861
1645.000 0.844
1650.000 0.816
1655.000 0.800
1660.000 0.793
1665.000 0.803
1670.000 0.811
1675.000 0.844
1680.000 0.896
1685.000 0.931
1690.000 1.009
1695.000 1.046
1700.000 1.100
1705.000 1.159
1710.000 1.187
1715.000 1.231
1720.000 1.259
1725.000 1.296
1730.000 1.327
1735.000 1.350
1740.000 1.382
1745.000 1.397
1750.000 1.423
1755.000 1.448
1760.000 1.459
1765.000 1.476
1770.000 1.481
1775.000 1.493
1780.000 1.501
1785.000 1.503
1790.000 1.503
1795.000 1.510
1800.000 1.514
1805.000 1.518
1810.000 1.522
1815.000 1.527
1820.000 1.529
1825.000 1.533
1830.000 1.535
1835.000 1.539
1840.000 1.543
1845.000 1.545
1850.000 1.551
1855.000 1.551
1860.000 1.554
1865.000 1.552
1870.000 1.553
1875.000 1.552
1880.000 1.551
1885.000 1.554
1890.000 1.553
1895.000 1.557
1900.000 1.555
1905.000 1.561
1910.000 1.561
1915.000 1.560
1920.000 1.565
1925.000 1.568
1930.000 1.564
1935.000 1.565
1940.000 1.577
1945.000 1.582
1950.000 1.586
1955.000 1.585
1960.000 1.582
1965.000 1.577
1970.000 1.577
1975.000 1.584
1980.000 1.582
1985.000 1.577
1990.000 1.565
1995.000 1.574
2000.000 1.569
2005.000 1.572
2010.000 1.554
2015.000 1.557
2020.000 1.560
2025.000 1.548
2030.000 1.548
2035.000 1.535
2040.000 1.532
2045.000 1.528
2050.000 1.515
2055.000 1.517
2060.000 1.510
2065.000 1.503
2070.000 1.499
2075.000 1.487
2080.000 1.478
2085.000 1.472
2090.000 1.462
2095.000 1.455
2100.000 1.442
2105.000 1.436
2110.000 1.424
2115.000 1.415
2120.000 1.406
2125.000 1.394
2130.000 1.389
2135.000 1.375
2140.000 1.364
2145.000 1.356
2150.000 1.342
2155.000 1.341
2160.000 1.325
2165.000 1.311
2170.000 1.305
2175.000 1.283
2180.000 1.275
2185.000 1.258
2190.000 1.238
2195.000 1.232
2200.000 1.216
2205.000 1.206
2210.000 1.192
2215.000 1.181
2220.000 1.173
2225.000 1.154
2230.000 1.147
2235.000 1.129
2240.000 1.117
2245.000 1.111
2250.000 1.097
2255.000 1.092
2260.000 1.077
2265.000 1.064
2270.000 1.054
2275.000 1.042
2280.000 1.034
2285.000 1.018
2290.000 1.003
2295.000 0.996
2300.000 0.987
2305.000 0.977
2310.000 0.968
2315.000 0.951
2320.000 0.943
2325.000 0.937
2330.000 0.931
2335.000 0.917
2340.000 0.908
2345.000 0.905
2350.000 0.892
2355.000 0.888
2360.000 0.877
2365.000 0.867
2370.000 0.864
2375.000 0.854
2380.000 0.849
2385.000 0.837
2390.000 0.831
2395.000 0.825
2400.000 0.818
2405.000 0.815
2410.000 0.808
2415.000 0.798
2420.000 0.794
2425.000 0.782
2430.000 0.779
2435.000 0.772
2440.000 0.764
2445.000 0.762
2450.000 0.756
2455.000 0.751
2460.000 0.749
2465.000 0.743
2470.000 0.737
2475.000 0.730
2480.000 0.726
2485.000 0.722
2490.000 0.720
2495.000 0.718
2500.000 0.705
2505.000 0.708
2510.000 0.698
2515.000 0.698
2520.000 0.695
2525.000 0.689
2530.000 0.689
2535.000 0.685
2540.000 0.682
2545.000 0.679
2550.000 0.671
2555.000 0.670
2560.000 0.667
2565.000 0.664
2570.000 0.659
2575.000 0.658
2580.000 0.652
2585.000 0.652
2590.000 0.651
2595.000 0.650
2600.000 0.645
2605.000 0.643
2610.000 0.646
2615.000 0.640
2620.000 0.641
2625.000 0.634
2630.000 0.635
2635.000 0.630
2640.000 0.628
2645.000 0.626
2650.000 0.630
2655.000 0.627
2660.000 0.626
2665.000 0.626
2670.000 0.626
2675.000 0.627
2680.000 0.623
2685.000 0.623
2690.000 0.621
2695.000 0.621
2700.000 0.620
2705.000 0.617
2710.000 0.618
2715.000 0.620
2720.000 0.617
2725.000 0.616
2730.000 0.615
2735.000 0.612
2740.000 0.615
2745.000 0.615
2750.000 0.614
2755.000 0.616
2760.000 0.616
2765.000 0.619
2770.000 0.613
2775.000 0.614
2780.000 0.620
2785.000 0.616
2790.000 0.621
2795.000 0.622
2800.000 0.617
2805.000 0.618
2810.000 0.626
2815.000 0.623
2820.000 0.624
2825.000 0.627
2830.000 0.631
2835.000 0.630
2840.000 0.633
2845.000 0.633
2850.000 0.637
2855.000 0.636
2860.000 0.638
2865.000 0.642
2870.000 0.643
2875.000 0.646
2880.000 0.646
2885.000 0.650
2890.000 0.649
2895.000 0.653
2900.000 0.655
2905.000 0.657
2910.000 0.665
2915.000 0.670
2920.000 0.671
2925.000 0.676
2930.000 0.681
2935.000 0.685
2940.000 0.685
2945.000 0.696
2950.000 0.704
2955.000 0.705
2960.000 0.710
2965.000 0.703
2970.000 0.712
2975.000 0.721
2980.000 0.723
2985.000 0.724
2990.000 0.742
2995.000 0.740
3000.000 0.755
3005.000 0.746
3010.000 0.752
3015.000 0.753
3020.000 0.780
3025.000 0.775
3030.000 0.788
3035.000 0.788
3040.000 0.798
3045.000 0.807
3050.000 0.815
3055.000 0.830
3060.000 0.839
3065.000 0.835
3070.000 0.854
3075.000 0.864
3080.000 0.867
3085.000 0.882
3090.000 0.892
3095.000 0.903
3100.000 0.910
3105.000 0.922
3110.000 0.938
3115.000 0.949
3120.000 0.964
3125.000 0.973
3130.000 0.992
3135.000 1.010
3140.000 1.020
3145.000 1.041
3150.000 1.051
3155.000 1.077
3160.000 1.104
3165.000 1.112
3170.000 1.138
3175.000 1.150
3180.000 1.169
3185.000 1.199
3190.000 1.209
3195.000 1.238
3200.000 1.260
3205.000 1.291
3210.000 1.323
3215.000 1.338
3220.000 1.375
3225.000 1.394
3230.000 1.433
3235.000 1.481
3240.000 1.507
3245.000 1.557
3250.000 1.582
3255.000 1.638
3260.000 1.696
3265.000 1.727
3270.000 1.795
3275.000 1.830
3280.000 1.909
3285.000 1.991
3290.000 2.039
3295.000 2.134
3300.000 2.182
3305.000 2.294
3310.000 2.413
3315.000 2.481
3320.000 2.627
3325.000 2.707
3330.000 2.882
3335.000 3.086
3340.000 3.196
3345.000 3.455
3350.000 3.611
3355.000 3.974
3360.000 4.440
3365.000 4.707
3370.000 5.357
3375.000 5.752
3380.000 6.790
3385.000 8.121
3390.000 8.934
3395.000 10.947
3400.000 12.167
3405.000 14.896
3410.000 17.882
3415.000 19.255
3420.000 21.264
3425.000 21.651
3430.000 20.657
3435.000 17.415
3440.000 15.637
3445.000 12.344
3450.000 10.964
3455.000 8.776
3460.000 7.213
3465.000 6.606
3470.000 5.646
3475.000 5.290
3480.000 4.786
3485.000 4.408
3490.000 4.249
3495.000 3.952
3500.000 3.822
3505.000 3.579
3510.000 3.362
3515.000 3.265
3520.000 3.076
3525.000 3.001
3530.000 2.853
3535.000 2.715
3540.000 2.650
3545.000 2.535
3550.000 2.479
3555.000 2.375
3560.000 2.287
3565.000 2.242
3570.000 2.135
3575.000 2.083
3580.000 1.992
3585.000 1.906
3590.000 1.866
3595.000 1.792
3600.000 1.759
3605.000 1.699
3610.000 1.646
3615.000 1.613
3620.000 1.558
3625.000 1.531
3630.000 1.472
3635.000 1.424
3640.000 1.406
3645.000 1.364
3650.000 1.347
3655.000 1.311
3660.000 1.276
3665.000 1.261
3670.000 1.234
3675.000 1.221
3680.000 1.194
3685.000 1.183
3690.000 1.162
3695.000 1.139
3700.000 1.134
3705.000 1.129
3710.000 1.125
3715.000 1.106
3720.000 1.088
3725.000 1.081
3730.000 1.068
3735.000 1.062
3740.000 1.051
3745.000 1.040
3750.000 1.032
3755.000 1.030
3760.000 1.026
3765.000 1.016
3770.000 1.009
3775.000 1.006
3780.000 1.002
3785.000 1.000
3790.000 0.993
3795.000 0.991
3800.000 0.991
3805.000 0.990
3810.000 0.989
3815.000 0.990
3820.000 0.994
3825.000 0.994
3830.000 0.993
3835.000 0.995
3840.000 0.998
3845.000 1.006
3850.000 1.009
3855.000 1.014
3860.000 1.021
3865.000 1.026
3870.000 1.035
3875.000 1.038
3880.000 1.049
3885.000 1.054
3890.000 1.067
3895.000 1.080
3900.000 1.086
3905.000 1.096
3910.000 1.096
3915.000 1.105
3920.000 1.118
3925.000 1.120
3930.000 1.133
3935.000 1.136
3940.000 1.149
3945.000 1.163
3950.000 1.170
3955.000 1.184
3960.000 1.188
3965.000 1.201
3970.000 1.229
3975.000 1.232
3980.000 1.253
3985.000 1.265
3990.000 1.302
3995.000 1.331
4000.000 1.337
4005.000 1.379
4010.000 1.395
4015.000 1.439
4020.000 1.464
4025.000 1.523
4030.000 1.574
4035.000 1.581
4040.000 1.620
4045.000 1.681
4050.000 1.709
4055.000 1.787
4060.000 1.824
4065.000 1.916
4070.000 1.991
4075.000 2.041
4080.000 2.160
4085.000 2.218
4090.000 2.328
4095.000 2.470
4100.000 2.536
4105.000 2.698
4110.000 2.785
4115.000 2.973
4120.000 3.200
4125.000 3.352
4130.000 3.707
4135.000 3.922
4140.000 4.477
4145.000 5.215
4150.000 5.677
4155.000 6.853
4160.000 7.561
4165.000 9.145
4170.000 10.641
4175.000 11.128
4180.000 11.103
4185.000 10.515
4190.000 8.784
4195.000 6.964
4200.000 6.184
4205.000 5.078
4210.000 4.575
4215.000 3.757
4220.000 3.215
4225.000 3.014
4230.000 2.670
4235.000 2.519
4240.000 2.258
4245.000 2.029
4250.000 1.925
4255.000 1.744
4260.000 1.681
4265.000 1.509
4270.000 1.351
4275.000 1.279
4280.000 1.158
4285.000 1.094
4290.000 0.968
4295.000 0.916
4300.000 0.820
4305.000 0.756
4310.000 0.722
4315.000 0.662
4320.000 0.632
4325.000 0.586
4330.000 0.544
4335.000 0.525
4340.000 0.494
4345.000 0.477
4350.000 0.446
4355.000 0.422
4360.000 0.409
4365.000 0.389
4370.000 0.379
4375.000 0.359
4380.000 0.342
4385.000 0.335
4390.000 0.320
4395.000 0.312
4400.000 0.297
4405.000 0.286
4410.000 0.278
4415.000 0.267
4420.000 0.264
4425.000 0.252
4430.000 0.244
4435.000 0.239
4440.000 0.230
4445.000 0.224
4450.000 0.215
4455.000 0.210
4460.000 0.206
4465.000 0.198
4470.000 0.195
4475.000 0.188
4480.000 0.183
4485.000 0.179
4490.000 0.174
4495.000 0.170
4500.000 0.165
4505.000 0.161
4510.000 0.158
4515.000 0.154
4520.000 0.150
4525.000 0.148
4530.000 0.144
4535.000 0.143
4540.000 0.138
4545.000 0.138
4550.000 0.137
4555.000 0.133
4560.000 0.132
4565.000 0.128
4570.000 0.126
4575.000 0.124
4580.000 0.125
4585.000 0.121
4590.000 0.118
4595.000 0.116
4600.000 0.115
4605.000 0.116
4610.000 0.113
4615.000 0.114
4620.000 0.112
4625.000 0.111
4630.000 0.112
4635.000 0.114
4640.000 0.115
4645.000 0.115
4650.000 0.115
4655.000 0.114
4660.000 0.115
4665.000 0.113
4670.000 0.114
4675.000 0.117
4680.000 0.115
4685.000 0.116
4690.000 0.117
4695.000 0.118
4700.000 0.120
4705.000 0.121
4710.000 0.122
4715.000 0.122
4720.000 0.123
4725.000 0.122
4730.000 0.122
4735.000 0.122
4740.000 0.122
4745.000 0.121
4750.000 0.125
4755.000 0.125
4760.000 0.122
4765.000 0.119
4770.000 0.120
4775.000 0.118
4780.000 0.117
4785.000 0.114
4790.000 0.113
4795.000 0.113
4800.000 0.109
4805.000 0.107
4810.000 0.104
4815.000 0.100
4820.000 0.099
4825.000 0.095
4830.000 0.093
4835.000 0.090
4840.000 0.087
4845.000 0.084
4850.000 0.081
4855.000 0.081
4860.000 0.078
4865.000 0.075
4870.000 0.071
4875.000 0.067
4880.000 0.067
4885.000 0.062
4890.000 0.058
4895.000 0.059
4900.000 0.055
4905.000 0.053
4910.000 0.048
4915.000 0.047
4920.000 0.044
4925.000 0.040
4930.000 0.039
4935.000 0.038
4940.000 0.029
4945.000 0.029
4950.000 0.024
4955.000 0.023
4960.000 0.020
4965.000 0.017
4970.000 0.020
4975.000 0.010
4980.000 0.011
4985.000 0.016
4990.000 0.011
4995.000 0.022
5000.000 0.024
5005.000 0.027
5010.000 0.027
5015.000 0.036
5020.000 0.041
5025.000 0.044
5030.000 0.042
5035.000 0.050
5040.000 0.053
5045.000 0.056
5050.000 0.065
5055.000 0.075
5060.000 0.081
5065.000 0.085
5070.000 0.089
5075.000 0.095
5080.000 0.100
5085.000 0.103
5090.000 0.114
5095.000 0.115
5100.000 0.124
5105.000 0.126
5110.000 0.134
5115.000 0.142
5120.000 0.146
5125.000 0.151
5130.000 0.153
5135.000 0.160
5140.000 0.166
5145.000 0.170
5150.000 0.175
5155.000 0.177
5160.000 0.187
5165.000 0.191
5170.000 0.195
5175.000 0.201
5180.000 0.204
5185.000 0.207
5190.000 0.211
5195.000 0.215
5200.000 0.224
5205.000 0.223
5210.000 0.228
5215.000 0.230
5220.000 0.235
5225.000 0.239
5230.000 0.240
5235.000 0.241
5240.000 0.243
5245.000 0.245
5250.000 0.249
5255.000 0.249
5260.000 0.252
5265.000 0.252
5270.000 0.258
5275.000 0.261
5280.000 0.262
5285.000 0.263
5290.000 0.262
5295.000 0.265
5300.000 0.262
5305.000 0.264
5310.000 0.267
5315.000 0.267
5320.000 0.268
5325.000 0.269
5330.000 0.269
5335.000 0.269
5340.000 0.269
5345.000 0.272
5350.000 0.275
5355.000 0.275
5360.000 0.279
5365.000 0.278
5370.000 0.279
5375.000 0.282
5380.000 0.281
5385.000 0.283
5390.000 0.286
5395.000 0.287
5400.000 0.287
5405.000 0.290
5410.000 0.288
5415.000 0.289
5420.000 0.291
5425.000 0.292
5430.000 0.295
5435.000 0.296
5440.000 0.299
5445.000 0.298
5450.000 0.298
5455.000 0.299
5460.000 0.302
5465.000 0.302
5470.000 0.302
5475.000 0.303
5480.000 0.305
5485.000 0.305
5490.000 0.307
5495.000 0.305
5500.000 0.308
5505.000 0.310
5510.000 0.313
5515.000 0.309
5525.000 0.326
5530.000 0.331
5535.000 0.326
5540.000 0.317
5545.000 0.314
5550.000 0.310
5555.000 0.310
5560.000 0.308
5565.000 0.307
5570.000 0.310
5575.000 0.307
5580.000 0.308
5585.000 0.312
5590.000 0.307
5595.000 0.323
5600.000 0.328
5605.000 0.325
5610.000 0.321
5615.000 0.318
5620.000 0.320
5625.000 0.320
5630.000 0.318
5635.000 0.316
5640.000 0.319
5645.000 0.318
5650.000 0.317
5655.000 0.314
5660.000 0.314
5665.000 0.316
5670.000 0.316
5675.000 0.317
5680.000 0.315
5685.000 0.314
5690.000 0.316
5695.000 0.318
5700.000 0.319
5705.000 0.315
5710.000 0.311
5715.000 0.316
5720.000 0.315
5725.000 0.317
5730.000 0.319
5735.000 0.317
5740.000 0.318
5745.000 0.321
5750.000 0.325
5755.000 0.323
5760.000 0.321
5765.000 0.319
5770.000 0.325
5775.000 0.319
5780.000 0.324
5785.000 0.321
5790.000 0.321
5795.000 0.323
5800.000 0.325
5805.000 0.321
5810.000 0.320
5815.000 0.324
5820.000 0.325
5825.000 0.327
5830.000 0.325
5835.000 0.330
5840.000 0.330
5845.000 0.327
5850.000 0.327
5855.000 0.331
5860.000 0.329
5865.000 0.329
5870.000 0.332
5875.000 0.333
5880.000 0.334
5885.000 0.336
5890.000 0.347
5895.000 0.352
5900.000 0.348
5905.000 0.353
5910.000 0.360
5915.000 0.354
5920.000 0.354
5925.000 0.349
5930.000 0.348
5935.000 0.352
5940.000 0.347
5945.000 0.356
5950.000 0.355
5955.000 0.348
5960.000 0.355
5965.000 0.352
5970.000 0.359
5975.000 0.354
5980.000 0.353
5985.000 0.356
5990.000 0.366
5995.000 0.356
6000.000 0.371
6005.000 0.358
6010.000 0.359
6015.000 0.358
6020.000 0.378
6025.000 0.371
6030.000 0.370
6035.000 0.366
6040.000 0.367
6045.000 0.370
6050.000 0.368
6055.000 0.381
6060.000 0.377
6065.000 0.372
6070.000 0.377
6075.000 0.380
6080.000 0.375
6085.000 0.377
6090.000 0.375
6095.000 0.380
6100.000 0.381
6105.000 0.384
6110.000 0.383
6115.000 0.387
6120.000 0.384
6125.000 0.381
6130.000 0.385
6135.000 0.390
6140.000 0.391
6145.000 0.395
6150.000 0.395
6155.000 0.393
6160.000 0.398
6165.000 0.399
6170.000 0.404
6175.000 0.405
6180.000 0.409
6185.000 0.408
6190.000 0.410
6195.000 0.435
6200.000 0.654
6205.000 0.673
6210.000 0.671
6215.000 0.645
6220.000 0.570
6225.000 0.519
6230.000 0.497
6235.000 0.463
6240.000 0.452
6245.000 0.440
6250.000 0.433
6255.000 0.432
6260.000 0.434
6265.000 0.439
6270.000 0.438
6275.000 0.445
6280.000 0.447
6285.000 0.448
6290.000 0.448
6295.000 0.456
6300.000 0.459
6305.000 0.461
6310.000 0.495
6315.000 0.482
6320.000 0.562
6325.000 0.553
6330.000 0.535
6335.000 0.524
6340.000 0.517
6345.000 0.517
6350.000 0.520
6355.000 0.538
6360.000 0.537
6365.000 0.538
6370.000 0.540
6375.000 0.545
6380.000 0.541
6385.000 0.538
6390.000 0.538
6395.000 0.539
6400.000 0.542
6405.000 0.575
6410.000 0.578
6415.000 0.575
6420.000 0.574
6425.000 0.580
6430.000 0.586
6435.000 0.587
6440.000 0.591
6445.000 0.599
6450.000 0.603
6455.000 0.625
6460.000 0.632
6465.000 0.652
6470.000 0.659
6475.000 0.658
6480.000 0.672
6485.000 0.695
6490.000 0.708
6495.000 0.715
6500.000 0.721
6505.000 0.730
6510.000 0.742
6515.000 0.750
6520.000 0.765
6525.000 0.774
6530.000 0.797
6535.000 0.830
6540.000 0.839
6545.000 0.848
6550.000 0.859
6555.000 0.883
6560.000 0.896
6565.000 0.908
6570.000 0.927
6575.000 0.958
6580.000 0.986
6585.000 1.002
6590.000 1.017
6595.000 1.040
6600.000 1.063
6605.000 1.093
6610.000 1.130
6615.000 1.148
6620.000 1.189
6625.000 1.210
6630.000 1.261
6635.000 1.287
6640.000 1.339
6645.000 1.391
6650.000 1.428
6655.000 1.488
6660.000 1.519
6665.000 1.602
6670.000 1.669
6675.000 1.715
6680.000 1.814
6685.000 1.867
6690.000 1.976
6695.000 2.110
6700.000 2.171
6705.000 2.353
6710.000 2.435
6715.000 2.615
6720.000 2.882
6725.000 3.004
6730.000 3.327
6735.000 3.508
6740.000 3.943
6745.000 4.536
6750.000 4.905
6755.000 5.801
6760.000 6.354
6765.000 7.736
6770.000 9.574
6775.000 10.656
6780.000 13.076
6785.000 14.336
6790.000 16.650
6795.000 18.016
6800.000 18.050
6805.000 16.468
6810.000 14.994
6815.000 11.984
6820.000 9.433
6825.000 8.372
6830.000 6.746
6835.000 6.122
6840.000 5.152
6845.000 4.464
6850.000 4.186
6855.000 3.796
6860.000 3.644
6865.000 3.386
6870.000 3.175
6875.000 3.072
6880.000 2.899
6885.000 2.824
6890.000 2.672
6895.000 2.541
6900.000 2.516
6905.000 2.418
6910.000 2.350
6915.000 2.240
6920.000 2.150
6925.000 2.112
6930.000 2.036
6935.000 1.996
6940.000 1.938
6945.000 1.875
6950.000 1.849
6955.000 1.804
6960.000 1.777
6965.000 1.730
6970.000 1.674
6975.000 1.663
6980.000 1.656
6985.000 1.667
6990.000 1.637
6995.000 1.567
7000.000 1.528
7005.000 1.494
7010.000 1.473
7015.000 1.438
7020.000 1.393
7025.000 1.383
7030.000 1.366
7035.000 1.349
7040.000 1.341
7045.000 1.330
7050.000 1.319
7055.000 1.369
7060.000 1.349
7065.000 1.336
7070.000 1.328
7075.000 1.325
7080.000 1.315
7085.000 1.316
7090.000 1.323
7095.000 1.324
7100.000 1.337
7105.000 1.344
7110.000 1.354
7115.000 1.368
7120.000 1.393
7125.000 1.398
7130.000 1.424
7135.000 1.438
7140.000 1.474
7145.000 1.509
7150.000 1.524
7155.000 1.544
7160.000 1.558
7165.000 1.589
7170.000 1.613
7175.000 1.637
7180.000 1.676
7185.000 1.699
7190.000 1.737
7195.000 1.811
7200.000 1.835
7205.000 1.918
7210.000 1.963
7215.000 2.019
7220.000 2.054
7225.000 2.122
7230.000 2.212
7235.000 2.256
7240.000 2.369
7245.000 2.428
7250.000 2.571
7255.000 2.737
7260.000 2.828
7265.000 3.037
7270.000 3.166
7275.000 3.472
7280.000 3.861
7285.000 4.103
7290.000 4.687
7295.000 5.044
7300.000 5.911
7305.000 6.995
7310.000 7.608
7315.000 8.858
7320.000 9.425
7325.000 10.126
7330.000 9.852
7335.000 9.307
7340.000 7.885
7345.000 7.144
7350.000 5.837
7355.000 4.825
7360.000 4.422
7365.000 3.996
7370.000 3.711
7375.000 3.238
7380.000 2.894
7385.000 2.753
7390.000 2.495
7395.000 2.394
7400.000 2.198
7405.000 2.026
7410.000 1.951
7415.000 1.812
7420.000 1.748
7425.000 1.644
7430.000 1.548
7435.000 1.495
7440.000 1.413
7445.000 1.369
7450.000 1.301
7455.000 1.229
7460.000 1.184
7465.000 1.114
7470.000 1.081
7475.000 1.013
7480.000 0.952
7485.000 0.928
7490.000 0.877
7495.000 0.861
7500.000 0.817
7505.000 0.776
7510.000 0.762
7515.000 0.736
7520.000 0.725
7525.000 0.703
7530.000 0.675
7535.000 0.660
7540.000 0.633
7545.000 0.622
7550.000 0.642
7555.000 0.612
7560.000 0.597
7565.000 0.572
7570.000 0.566
7575.000 0.546
7580.000 0.529
7585.000 0.516
7590.000 0.503
7595.000 0.496
7600.000 0.482
7605.000 0.465
7610.000 0.476
7615.000 0.486
7620.000 0.476
7625.000 0.460
7630.000 0.448
7635.000 0.454
7640.000 0.437
7645.000 0.431
7650.000 0.418
7655.000 0.409
7660.000 0.405
7665.000 0.396
7670.000 0.394
7675.000 0.385
7680.000 0.380
7685.000 0.377
7690.000 0.372
7695.000 0.369
7700.000 0.364
7705.000 0.361
7710.000 0.357
7715.000 0.351
7720.000 0.351
7725.000 0.349
7730.000 0.343
7735.000 0.341
7740.000 0.337
7745.000 0.336
7750.000 0.334
7755.000 0.331
7760.000 0.326
7765.000 0.338
7770.000 0.336
7775.000 0.333
7780.000 0.327
7785.000 0.324
7790.000 0.321
7795.000 0.323
7800.000 0.320
7805.000 0.317
7810.000 0.312
7815.000 0.310
7820.000 0.311
7825.000 0.307
7830.000 0.306
7835.000 0.302
7840.000 0.304
7845.000 0.301
7850.000 0.299
7855.000 0.297
7860.000 0.305
7865.000 0.305
7870.000 0.303
7875.000 0.298
7880.000 0.298
7885.000 0.294
7890.000 0.293
7895.000 0.289
7900.000 0.290
7905.000 0.287
7910.000 0.286
7915.000 0.285
7920.000 0.285
7925.000 0.283
7930.000 0.283
7935.000 0.281
7940.000 0.280
7945.000 0.280
7950.000 0.281
7955.000 0.275
7960.000 0.276
7965.000 0.276
7970.000 0.284
7975.000 0.291
7980.000 0.289
7985.000 0.276
7990.000 0.275
7995.000 0.270
8000.000 0.270
8005.000 0.278
8010.000 0.282
8015.000 0.285
8020.000 0.282
8025.000 0.290
8030.000 0.279
8035.000 0.285
8040.000 0.279
8045.000 0.280
8050.000 0.281
8055.000 0.284
8060.000 0.282
8065.000 0.278
8070.000 0.278
8075.000 0.277
8080.000 0.277
8085.000 0.277
8090.000 0.278
8095.000 0.274
8100.000 0.275
8105.000 0.282
8110.000 0.287
8115.000 0.282
8120.000 0.283
8125.000 0.286
8130.000 0.284
8135.000 0.282
8140.000 0.287
8145.000 0.287
8150.000 0.282
8155.000 0.280
8160.000 0.276
8165.000 0.282
8170.000 0.280
8175.000 0.276
8180.000 0.279
8185.000 0.280
8190.000 0.276
8195.000 0.274
8200.000 0.278
8205.000 0.277
8210.000 0.274
8215.000 0.271
8220.000 0.278
8225.000 0.286
8230.000 0.283
8235.000 0.278
8240.000 0.285
8245.000 0.285
8250.000 0.285
8255.000 0.282
8260.000 0.280
8265.000 0.274
8270.000 0.276
8275.000 0.273
8280.000 0.272
8285.000 0.271
8290.000 0.270
8295.000 0.272
8300.000 0.272
8305.000 0.272
8310.000 0.271
8315.000 0.270
8320.000 0.271
8325.000 0.269
8330.000 0.269
8335.000 0.277
8340.000 0.286
8345.000 0.285
8350.000 0.279
8355.000 0.276
8360.000 0.277
8365.000 0.283
8370.000 0.285
8375.000 0.283
8380.000 0.279
8385.000 0.277
8390.000 0.275
8395.000 0.271
8400.000 0.271
8405.000 0.270
8410.000 0.270
8415.000 0.271
8420.000 0.269
8425.000 0.269
8430.000 0.267
8435.000 0.268
8440.000 0.270
8445.000 0.268
8450.000 0.279
8455.000 0.275
8460.000 0.273
8465.000 0.274
8470.000 0.271
8475.000 0.270
8480.000 0.268
8485.000 0.269
8490.000 0.271
8495.000 0.284
8500.000 0.283
8505.000 0.282
8510.000 0.279
8515.000 0.278
8520.000 0.271
8525.000 0.270
8530.000 0.266
8535.000 0.273
8540.000 0.271
8545.000 0.272
8550.000 0.271
8555.000 0.272
8560.000 0.271
8565.000 0.270
8570.000 0.271
8575.000 0.277
8580.000 0.273
8585.000 0.274
8590.000 0.274
8595.000 0.270
8600.000 0.270
8605.000 0.272
8610.000 0.270
8615.000 0.272
8620.000 0.272
8625.000 0.271
8630.000 0.271
8635.000 0.272
8640.000 0.274
8645.000 0.271
8650.000 0.278
8655.000 0.275
8660.000 0.278
8665.000 0.278
8670.000 0.276
8675.000 0.273
8680.000 0.275
8685.000 0.275
8690.000 0.275
8695.000 0.276
8700.000 0.274
8705.000 0.275
8710.000 0.273
8715.000 0.271
8720.000 0.273
8725.000 0.274
8730.000 0.272
8735.000 0.274
8740.000 0.270
8745.000 0.271
8750.000 0.273
8755.000 0.275
8760.000 0.278
8765.000 0.279
8770.000 0.282
8775.000 0.284
8780.000 0.284
8785.000 0.285
8790.000 0.287
8795.000 0.287
8800.000 0.290
8805.000 0.291
8810.000 0.295
8815.000 0.295
8820.000 0.306
8825.000 0.325
8830.000 0.308
8835.000 0.320
8840.000 0.313
8845.000 0.305
8850.000 0.305
8855.000 0.302
8860.000 0.294
8865.000 0.293
8870.000 0.302
8875.000 0.296
8880.000 0.297
8885.000 0.294
8890.000 0.292
8895.000 0.292
8900.000 0.290
8905.000 0.290
8910.000 0.290
8915.000 0.291
8920.000 0.291
8925.000 0.291
8930.000 0.291
8935.000 0.292
8940.000 0.291
8945.000 0.293
8950.000 0.294
8955.000 0.289
8960.000 0.294
8965.000 0.290
8970.000 0.307
8975.000 0.299
8980.000 0.301
8985.000 0.299
8990.000 0.304
8995.000 0.303
9000.000 0.300
9005.000 0.300
9010.000 0.297
9015.000 0.297
9020.000 0.307
9025.000 0.298
9030.000 0.303
9035.000 0.311
9040.000 0.304
9045.000 0.306
9050.000 0.307
9055.000 0.303
9060.000 0.305
9065.000 0.306
9070.000 0.303
9075.000 0.300
9080.000 0.298
9085.000 0.304
9090.000 0.302
9095.000 0.304
9100.000 0.308
9105.000 0.308
9110.000 0.308
9115.000 0.309
9120.000 0.312
9125.000 0.311
9130.000 0.311
9135.000 0.313
9140.000 0.314
9145.000 0.316
9150.000 0.318
9155.000 0.319
9160.000 0.321
9165.000 0.321
9170.000 0.320
9175.000 0.319
9180.000 0.320
9185.000 0.324
9190.000 0.323
9195.000 0.324
9200.000 0.326
9205.000 0.322
9210.000 0.323
9215.000 0.324
9220.000 0.324
9225.000 0.323
9230.000 0.324
9235.000 0.327
9240.000 0.332
9245.000 0.329
9250.000 0.327
9255.000 0.326
9260.000 0.329
9265.000 0.328
9270.000 0.330
9275.000 0.333
9280.000 0.331
9285.000 0.329
9290.000 0.329
9295.000 0.330
9300.000 0.331
9305.000 0.332
9310.000 0.331
9315.000 0.333
9320.000 0.334
9325.000 0.335
9330.000 0.334
9335.000 0.333
9340.000 0.336
9345.000 0.336
9350.000 0.339
9355.000 0.336
9360.000 0.334
9365.000 0.337
9370.000 0.339
9375.000 0.340
9380.000 0.339
9385.000 0.342
9390.000 0.340
9395.000 0.340
9400.000 0.340
9405.000 0.341
9410.000 0.344
9415.000 0.343
9420.000 0.343
9425.000 0.342
9430.000 0.345
9435.000 0.345
9440.000 0.345
9445.000 0.346
9450.000 0.346
9455.000 0.345
9460.000 0.346
9465.000 0.350
9470.000 0.351
9475.000 0.351
9480.000 0.351
9485.000 0.351
9490.000 0.351
9495.000 0.352
9500.000 0.353
9505.000 0.353
9510.000 0.358
9515.000 0.360
9520.000 0.362
9525.000 0.361
9530.000 0.364
9535.000 0.364
9540.000 0.364
9545.000 0.366
9550.000 0.368
9555.000 0.366
9560.000 0.368
9565.000 0.368
9570.000 0.368
9575.000 0.369
9580.000 0.369
9585.000 0.370
9590.000 0.372
9595.000 0.372
9600.000 0.377
9605.000 0.380
9610.000 0.381
9615.000 0.379
9620.000 0.383
9625.000 0.383
9630.000 0.385
9635.000 0.385
9640.000 0.389
9645.000 0.387
9650.000 0.391
9655.000 0.388
9660.000 0.391
9665.000 0.393
9670.000 0.398
9675.000 0.399
9680.000 0.399
9685.000 0.404
9690.000 0.402
9695.000 0.406
9700.000 0.404
9705.000 0.407
9710.000 0.411
9715.000 0.412
9720.000 0.408
9725.000 0.409
9730.000 0.417
9735.000 0.416
9740.000 0.425
9745.000 0.429
9750.000 0.428
9755.000 0.429
9760.000 0.428
9765.000 0.433
9770.000 0.440
9775.000 0.442
9780.000 0.448
9785.000 0.451
9790.000 0.454
9795.000 0.458
9800.000 0.461
9805.000 0.463
9810.000 0.466
9815.000 0.474
9820.000 0.476
9825.000 0.479
9830.000 0.483
9835.000 0.482
9840.000 0.489
9845.000 0.494
9850.000 0.496
9855.000 0.503
9860.000 0.506
9865.000 0.512
9870.000 0.518
9875.000 0.519
9880.000 0.525
9885.000 0.533
9890.000 0.540
9895.000 0.545
9900.000 0.553
9905.000 0.562
9910.000 0.569
9915.000 0.576
9920.000 0.586
9925.000 0.595
9930.000 0.605
9935.000 0.611
9940.000 0.624
9945.000 0.629
9950.000 0.647
9955.000 0.661
9960.000 0.668
9965.000 0.681
9970.000 0.693
9975.000 0.711
9980.000 0.729
9985.000 0.743
9990.000 0.755
9995.000 0.772
10000.000 0.803
10005.000 0.821
10010.000 0.842
10015.000 0.868
10020.000 0.881
10025.000 0.927
10030.000 0.964
10035.000 0.994
10040.000 1.036
10045.000 1.064
10050.000 1.118
10055.000 1.183
10060.000 1.233
10065.000 1.300
10070.000 1.332
10075.000 1.423
10080.000 1.531
10085.000 1.588
10090.000 1.733
10095.000 1.816
10100.000 2.023
10105.000 2.288
10110.000 2.448
10115.000 2.831
10120.000 3.057
10125.000 3.566
10130.000 4.124
10135.000 4.386
10140.000 4.772
10145.000 4.860
10150.000 4.670
10155.000 4.148
10160.000 3.838
10165.000 3.230
10170.000 2.959
10175.000 2.495
10180.000 2.127
10185.000 1.992
10190.000 1.779
10195.000 1.682
10200.000 1.517
10205.000 1.378
10210.000 1.315
10215.000 1.207
10220.000 1.156
10225.000 1.072
10230.000 0.995
10235.000 0.961
10240.000 0.929
10245.000 0.891
10250.000 0.836
10255.000 0.820
10260.000 0.802
10265.000 0.761
10270.000 0.741
10275.000 0.711
10280.000 0.686
10285.000 0.679
10290.000 0.659
10295.000 0.650
10300.000 0.628
10305.000 0.609
10310.000 0.601
10315.000 0.590
10320.000 0.579
10325.000 0.569
10330.000 0.556
10335.000 0.552
10340.000 0.540
10345.000 0.538
10350.000 0.535
10355.000 0.525
10360.000 0.523
10365.000 0.520
10370.000 0.514
10375.000 0.514
10380.000 0.517
10385.000 0.519
10390.000 0.520
10395.000 0.516
10400.000 0.517
10405.000 0.516
10410.000 0.519
10415.000 0.526
10420.000 0.529
10425.000 0.532
10430.000 0.536
10435.000 0.541
10440.000 0.552
10445.000 0.557
10450.000 0.566
10455.000 0.580
10460.000 0.590
10465.000 0.601
10470.000 0.609
10475.000 0.633
10480.000 0.645
10485.000 0.668
10490.000 0.695
10495.000 0.711
10500.000 0.745
10505.000 0.765
10510.000 0.802
10515.000 0.849
10520.000 0.873
10525.000 0.930
10530.000 0.959
10535.000 1.028
10540.000 1.133
10545.000 1.640
10550.000 1.851
10555.000 1.846
10560.000 1.836
10565.000 2.255
10570.000 2.488
10575.000 2.679
10580.000 2.655
10585.000 2.631
10590.000 2.693
10595.000 2.749
10600.000 2.980
10605.000 3.080
10610.000 3.170
10615.000 3.056
10620.000 2.944
10625.000 2.663
10630.000 2.512
10635.000 2.231
10640.000 2.005
10645.000 1.914
10650.000 1.750
10655.000 1.672
10660.000 1.539
10665.000 1.421
10670.000 1.369
10675.000 1.275
10680.000 1.225
10685.000 1.150
10690.000 1.077
10695.000 1.044
10700.000 0.990
10705.000 0.956
10710.000 0.911
10715.000 0.869
10720.000 0.850
10725.000 0.813
10730.000 0.794
10735.000 0.763
10740.000 0.738
10745.000 0.726
10750.000 0.697
10755.000 0.687
10760.000 0.671
10765.000 0.646
10770.000 0.640
10775.000 0.618
10780.000 0.612
10785.000 0.596
10790.000 0.582
10795.000 0.575
10800.000 0.559
10805.000 0.553
10810.000 0.540
10815.000 0.528
10820.000 0.528
10825.000 0.516
10830.000 0.510
10835.000 0.501
10840.000 0.488
10845.000 0.487
10850.000 0.481
10855.000 0.477
10860.000 0.469
10865.000 0.460
10870.000 0.458
10875.000 0.451
10880.000 0.452
10885.000 0.442
10890.000 0.438
10895.000 0.437
10900.000 0.428
10905.000 0.429
10910.000 0.423
10915.000 0.422
10920.000 0.420
10925.000 0.410
10930.000 0.413
10935.000 0.405
10940.000 0.400
10945.000 0.399
10950.000 0.396
10955.000 0.392
10960.000 0.386
10965.000 0.385
10970.000 0.380
10975.000 0.379
10980.000 0.381
10985.000 0.374
10990.000 0.378
10995.000 0.374
11000.000 0.367
11005.000 0.371
11010.000 0.376
11015.000 0.367
11020.000 0.360
11025.000 0.367
11030.000 0.360
11035.000 0.366
11040.000 0.375
11045.000 0.381
11050.000 0.375
11055.000 0.364
11060.000 0.355
11065.000 0.348
11070.000 0.342
11075.000 0.341
11080.000 0.342
11085.000 0.344
11090.000 0.340
11095.000 0.337
11100.000 0.339
11105.000 0.330
11110.000 0.330
11115.000 0.334
11120.000 0.331
11125.000 0.330
11130.000 0.331
11135.000 0.332
11140.000 0.331
11145.000 0.329
11150.000 0.328
11155.000 0.326
11160.000 0.323
11165.000 0.324
11170.000 0.323
11175.000 0.322
11180.000 0.324
11185.000 0.321
11190.000 0.320
11195.000 0.319
11200.000 0.318
11205.000 0.319
11210.000 0.315
11215.000 0.316
11220.000 0.318
11225.000 0.318
11230.000 0.317
11235.000 0.310
11240.000 0.313
11245.000 0.310
11250.000 0.308
11255.000 0.307
11260.000 0.306
11265.000 0.304
11270.000 0.306
11275.000 0.303
11280.000 0.305
11285.000 0.308
11290.000 0.305
11295.000 0.306
11300.000 0.303
11305.000 0.306
11310.000 0.304
11315.000 0.304
11320.000 0.301
11325.000 0.302
11330.000 0.299
11335.000 0.298
11340.000 0.298
11345.000 0.296
11350.000 0.296
11355.000 0.297
11360.000 0.297
11365.000 0.296
11370.000 0.295
11375.000 0.294
11380.000 0.291
11385.000 0.293
11390.000 0.293
11395.000 0.294
11400.000 0.292
11405.000 0.293
11410.000 0.292
11415.000 0.288
11420.000 0.290
11425.000 0.289
11430.000 0.290
11435.000 0.289
11440.000 0.289
11445.000 0.289
11450.000 0.286
11455.000 0.289
11460.000 0.287
11465.000 0.287
11470.000 0.286
11475.000 0.287
11480.000 0.287
11485.000 0.283
11490.000 0.287
11495.000 0.285
11500.000 0.283
11505.000 0.286
11510.000 0.282
11515.000 0.284
11520.000 0.283
11525.000 0.286
11530.000 0.284
11535.000 0.284
11540.000 0.288
11545.000 0.283
11550.000 0.284
11555.000 0.283
11560.000 0.282
11565.000 0.283
11570.000 0.282
11575.000 0.280
11580.000 0.280
11585.000 0.280
11590.000 0.280
11595.000 0.278
11600.000 0.278
11605.000 0.281
11610.000 0.281
11615.000 0.281
11620.000 0.280
11625.000 0.279
11630.000 0.281
11635.000 0.278
11640.000 0.279
11645.000 0.280
11650.000 0.279
11655.000 0.278
11660.000 0.275
11665.000 0.277
11670.000 0.276
11675.000 0.274
11680.000 0.273
11685.000 0.274
11690.000 0.273
11695.000 0.274
11700.000 0.275
11705.000 0.275
11710.000 0.274
11715.000 0.274
11720.000 0.273
11725.000 0.272
11730.000 0.272
11735.000 0.272
11740.000 0.270
11745.000 0.271
11750.000 0.270
11755.000 0.270
11760.000 0.267
11765.000 0.268
11770.000 0.273
11775.000 0.272
11780.000 0.272
11785.000 0.272
11790.000 0.272
11795.000 0.271
11800.000 0.271
11805.000 0.271
11810.000 0.273
11815.000 0.274
11820.000 0.270
11825.000 0.267
11830.000 0.267
11835.000 0.267
11840.000 0.265
11845.000 0.266
11850.000 0.266
11855.000 0.268
11860.000 0.265
11865.000 0.264
11870.000 0.264
11875.000 0.264
11880.000 0.263
11885.000 0.265
11890.000 0.268
11895.000 0.264
11900.000 0.262
11905.000 0.261
11910.000 0.264
11915.000 0.264
11920.000 0.265
11925.000 0.267
11930.000 0.264
11935.000 0.265
11940.000 0.265
11945.000 0.267
11950.000 0.265
11955.000 0.261
11960.000 0.262
11965.000 0.263
11970.000 0.262
11975.000 0.260
11980.000 0.260
11985.000 0.263
11990.000 0.263
11995.000 0.265
12000.000 0.261
