105.000 0.080
110.000 0.607
115.000 2.695
120.000 4.018
125.000 4.672
130.000 4.766
135.000 4.847
140.000 4.784
145.000 4.672
150.000 4.672
155.000 4.654
160.000 4.547
165.000 4.638
170.000 4.650
175.000 4.772
180.000 4.852
185.000 5.082
190.000 5.475
195.000 5.750
200.000 6.341
205.000 6.729
210.000 7.893
215.000 9.437
220.000 10.422
225.000 12.931
230.000 13.726
235.000 15.329
240.000 16.172
245.000 17.179
250.000 20.513
255.000 23.330
260.000 30.172
265.000 37.109
270.000 41.813
275.000 48.140
280.000 50.251
285.000 46.640
290.000 34.717
295.000 30.605
300.000 25.156
305.000 22.707
310.000 19.167
315.000 16.889
320.000 15.905
325.000 14.221
330.000 13.698
335.000 12.635
340.000 12.032
345.000 11.898
350.000 11.595
355.000 11.541
360.000 11.649
365.000 11.972
370.000 12.214
375.000 12.822
380.000 13.288
385.000 14.283
390.000 15.348
395.000 15.938
400.000 17.311
405.000 18.040
410.000 19.685
415.000 21.599
420.000 22.648
425.000 24.901
430.000 26.087
435.000 28.337
440.000 30.288
445.000 31.193
450.000 32.612
455.000 33.108
460.000 33.975
465.000 34.670
470.000 34.971
475.000 35.589
480.000 35.949
485.000 36.810
490.000 37.942
495.000 38.600
500.000 40.476
505.000 41.677
510.000 44.652
515.000 48.789
520.000 51.403
525.000 57.823
530.000 61.721
535.000 69.807
540.000 71.802
545.000 70.933
550.000 50.879
555.000 39.630
560.000 27.821
565.000 23.824
570.000 18.047
575.000 14.126
580.000 12.634
585.000 10.163
590.000 9.200
595.000 7.600
600.000 6.358
605.000 5.872
610.000 5.042
615.000 4.368
620.000 4.104
625.000 3.878
630.000 3.468
635.000 3.108
640.000 2.845
645.000 2.722
650.000 2.511
655.000 2.410
660.000 2.254
665.000 2.191
670.000 2.082
675.000 1.991
680.000 1.955
685.000 1.893
690.000 1.871
695.000 1.842
700.000 1.830
705.000 1.817
710.000 1.820
715.000 1.833
720.000 1.854
725.000 1.897
730.000 1.936
735.000 1.975
740.000 2.060
745.000 2.206
750.000 2.362
755.000 2.476
760.000 2.767
765.000 2.944
770.000 3.488
775.000 4.358
780.000 5.037
785.000 7.503
790.000 9.601
795.000 14.824
800.000 15.774
805.000 13.001
810.000 7.299
815.000 5.809
820.000 3.962
825.000 2.842
830.000 2.478
835.000 1.930
840.000 1.719
845.000 1.411
850.000 1.189
855.000 1.100
860.000 1.015
865.000 0.882
870.000 0.782
875.000 0.699
880.000 0.661
885.000 0.600
890.000 0.578
895.000 0.534
900.000 0.494
905.000 0.476
910.000 0.445
915.000 0.430
920.000 0.407
925.000 0.389
930.000 0.382
935.000 0.366
940.000 0.362
945.000 0.349
950.000 0.347
955.000 0.344
960.000 0.341
965.000 0.341
970.000 0.357
975.000 0.340
980.000 0.352
985.000 0.358
990.000 0.372
995.000 0.395
1000.000 0.401
1005.000 0.440
1010.000 0.466
1015.000 0.524
1020.000 0.600
1025.000 0.659
1030.000 0.808
1035.000 1.001
1040.000 1.179
1045.000 1.585
1050.000 1.811
1055.000 2.095
1060.000 1.697
1065.000 1.389
1070.000 1.003
1075.000 0.899
1080.000 0.751
1085.000 0.647
1090.000 0.603
1095.000 0.543
1100.000 0.522
1105.000 0.481
1110.000 0.454
1115.000 0.438
1120.000 0.419
1125.000 0.410
1130.000 0.397
1135.000 0.388
1140.000 0.383
1145.000 0.377
1150.000 0.372
1155.000 0.375
1160.000 0.375
1165.000 0.375
1170.000 0.376
1175.000 0.381
1180.000 0.383
1185.000 0.387
1190.000 0.397
1195.000 0.409
1200.000 0.424
1205.000 0.430
1210.000 0.448
1215.000 0.457
1220.000 0.484
1225.000 0.510
1230.000 0.530
1235.000 0.571
1240.000 0.595
1245.000 0.648
1250.000 0.684
1255.000 0.766
1260.000 0.869
1265.000 0.939
1270.000 1.119
1275.000 1.237
1280.000 1.589
1285.000 1.862
1290.000 2.789
1295.000 4.420
1300.000 5.372
1305.000 6.322
1310.000 5.821
1315.000 3.885
1320.000 2.675
1325.000 2.289
1330.000 1.741
1335.000 1.392
1340.000 1.264
1345.000 1.064
1350.000 0.987
1355.000 0.872
1360.000 0.781
1365.000 0.746
1370.000 0.712
1375.000 0.663
1380.000 0.620
1385.000 0.589
1390.000 0.578
1395.000 0.554
1400.000 0.553
1405.000 0.539
1410.000 0.533
1415.000 0.531
1420.000 0.531
1425.000 0.530
1430.000 0.533
1435.000 0.543
1440.000 0.551
1445.000 0.568
1450.000 0.580
1455.000 0.607
1460.000 0.642
1465.000 0.663
1470.000 0.712
1475.000 0.741
1480.000 0.812
1485.000 0.911
1490.000 0.979
1495.000 1.049
1500.000 1.245
1505.000 1.560
1510.000 2.076
1515.000 2.432
1520.000 2.816
1525.000 3.844
1530.000 5.193
1535.000 6.762
1540.000 7.493
1545.000 7.943
1550.000 7.328
1555.000 5.286
1560.000 4.453
1565.000 3.268
1570.000 2.495
1575.000 2.217
1580.000 1.809
1585.000 1.657
1590.000 1.413
1595.000 1.236
1600.000 1.166
1605.000 1.049
1610.000 0.998
1615.000 0.907
1620.000 0.872
1625.000 0.803
1630.000 0.750
1635.000 0.725
1640.000 0.685
1645.000 0.653
1650.000 0.639
1655.000 0.625
1660.000 0.621
1665.000 0.623
1670.000 0.630
1675.000 0.663
1680.000 0.712
1685.000 0.750
1690.000 0.847
1695.000 0.995
1700.000 1.091
1705.000 1.296
1710.000 1.406
1715.000 1.679
1720.000 2.043
1725.000 2.272
1730.000 2.859
1735.000 3.227
1740.000 4.137
1745.000 5.333
1750.000 6.062
1755.000 7.838
1760.000 8.896
1765.000 11.083
1770.000 11.989
1775.000 11.331
1780.000 8.547
1785.000 7.250
1790.000 5.325
1795.000 4.031
1800.000 3.552
1805.000 2.840
1810.000 2.575
1815.000 2.177
1820.000 1.887
1825.000 1.773
1830.000 1.591
1835.000 1.528
1840.000 1.439
1845.000 1.379
1850.000 1.354
1855.000 1.317
1860.000 1.302
1865.000 1.284
1870.000 1.279
1875.000 1.281
1880.000 1.292
1885.000 1.303
1890.000 1.333
1895.000 1.397
1900.000 1.422
1905.000 1.498
1910.000 1.552
1915.000 1.684
1920.000 1.871
1925.000 1.996
1930.000 2.334
1935.000 2.561
1940.000 3.208
1945.000 4.205
1950.000 4.878
1955.000 6.567
1960.000 7.494
1965.000 8.961
1970.000 9.116
1975.000 7.751
1980.000 5.699
1985.000 4.853
1990.000 3.625
1995.000 2.837
2000.000 2.543
2005.000 2.107
2010.000 1.944
2015.000 1.683
2020.000 1.528
2025.000 1.463
2030.000 1.421
2035.000 1.345
2040.000 1.286
2045.000 1.251
2050.000 1.238
2055.000 1.224
2060.000 1.221
2065.000 1.232
2070.000 1.245
2075.000 1.295
2080.000 1.363
2085.000 1.419
2090.000 1.572
2095.000 1.829
2100.000 2.006
2105.000 2.387
2110.000 2.523
2115.000 2.339
2120.000 1.683
2125.000 1.340
2130.000 0.856
2135.000 0.691
2140.000 0.455
2145.000 0.375
2150.000 0.259
2155.000 0.181
2160.000 0.149
2165.000 0.101
2170.000 0.082
2175.000 0.052
2180.000 0.028
2185.000 0.019
2190.000 0.011
2195.000 0.015
2200.000 0.024
2205.000 0.030
2210.000 0.039
2215.000 0.046
2220.000 0.049
2225.000 0.056
2230.000 0.062
2235.000 0.065
2240.000 0.069
2245.000 0.071
2250.000 0.073
2255.000 0.077
2260.000 0.079
2265.000 0.081
2270.000 0.084
2275.000 0.085
2280.000 0.086
2285.000 0.087
2290.000 0.089
2295.000 0.091
2300.000 0.092
2305.000 0.094
2310.000 0.093
2315.000 0.095
2320.000 0.096
2325.000 0.096
2330.000 0.099
2335.000 0.099
2340.000 0.099
2345.000 0.099
2350.000 0.099
2355.000 0.102
2360.000 0.102
2365.000 0.102
2370.000 0.102
2375.000 0.103
2380.000 0.105
2385.000 0.104
2390.000 0.105
2395.000 0.104
2400.000 0.106
2405.000 0.107
2410.000 0.108
2415.000 0.106
2420.000 0.107
2425.000 0.108
2430.000 0.108
2435.000 0.109
2440.000 0.109
2445.000 0.110
2450.000 0.110
2455.000 0.111
2460.000 0.109
2465.000 0.110
2470.000 0.110
2475.000 0.112
2480.000 0.110
2485.000 0.112
2490.000 0.110
2495.000 0.114
2500.000 0.113
2505.000 0.114
2510.000 0.114
2515.000 0.113
2520.000 0.115
2525.000 0.114
2530.000 0.115
2535.000 0.113
2540.000 0.115
2545.000 0.115
2550.000 0.115
2555.000 0.116
2560.000 0.114
2565.000 0.116
2570.000 0.117
2575.000 0.116
2580.000 0.117
2585.000 0.115
2590.000 0.116
2595.000 0.116
2600.000 0.118
2605.000 0.117
2610.000 0.116
2615.000 0.116
2620.000 0.118
2625.000 0.119
2630.000 0.118
2635.000 0.118
2640.000 0.118
2645.000 0.118
2650.000 0.119
2655.000 0.119
2660.000 0.118
2665.000 0.120
2670.000 0.118
2675.000 0.117
2680.000 0.120
2685.000 0.121
2690.000 0.119
2695.000 0.120
2700.000 0.120
2705.000 0.120
2710.000 0.122
2715.000 0.119
2720.000 0.120
2725.000 0.119
2730.000 0.120
2735.000 0.121
2740.000 0.121
2745.000 0.120
2750.000 0.121
2755.000 0.120
2760.000 0.121
2765.000 0.121
2770.000 0.120
2775.000 0.122
2780.000 0.123
2785.000 0.122
2790.000 0.121
2795.000 0.123
2800.000 0.121
2805.000 0.123
2810.000 0.121
2815.000 0.122
2820.000 0.123
2825.000 0.122
2830.000 0.122
2835.000 0.123
2840.000 0.124
2845.000 0.123
2850.000 0.123
2855.000 0.125
2860.000 0.124
2865.000 0.124
2870.000 0.124
2875.000 0.125
2880.000 0.124
2885.000 0.124
2890.000 0.124
2895.000 0.125
2900.000 0.123
2905.000 0.126
2910.000 0.125
2915.000 0.125
2920.000 0.127
2925.000 0.126
2930.000 0.126
2935.000 0.129
2940.000 0.124
2945.000 0.126
2950.000 0.127
2955.000 0.128
2960.000 0.124
2965.000 0.123
2970.000 0.128
2975.000 0.134
2980.000 0.133
2985.000 0.132
2990.000 0.134
2995.000 0.127
3000.000 0.126
3005.000 0.128
3010.000 0.133
3015.000 0.128
3020.000 0.129
3025.000 0.128
3030.000 0.138
3035.000 0.128
3040.000 0.133
3045.000 0.133
3050.000 0.130
3055.000 0.140
3060.000 0.139
3065.000 0.134
3070.000 0.137
3075.000 0.139
3080.000 0.134
3085.000 0.139
3090.000 0.137
3095.000 0.138
3100.000 0.137
3105.000 0.139
3110.000 0.138
3115.000 0.139
3120.000 0.138
3125.000 0.139
3130.000 0.139
3135.000 0.139
3140.000 0.136
3145.000 0.137
3150.000 0.136
3155.000 0.139
3160.000 0.139
3165.000 0.139
3170.000 0.138
3175.000 0.139
3180.000 0.139
3185.000 0.137
3190.000 0.138
3195.000 0.138
3200.000 0.140
3205.000 0.138
3210.000 0.139
3215.000 0.138
3220.000 0.139
3225.000 0.140
3230.000 0.141
3235.000 0.143
3240.000 0.143
3245.000 0.142
3250.000 0.142
3255.000 0.146
3260.000 0.145
3265.000 0.146
3270.000 0.146
3275.000 0.153
3280.000 0.153
3285.000 0.157
3290.000 0.162
3295.000 0.170
3300.000 0.182
3305.000 0.189
3310.000 0.208
3315.000 0.236
3320.000 0.255
3325.000 0.308
3330.000 0.348
3335.000 0.475
3340.000 0.571
3345.000 0.897
3350.000 1.142
3355.000 1.821
3360.000 2.811
3365.000 3.450
3370.000 5.164
3375.000 7.470
3380.000 8.659
3385.000 9.979
3390.000 9.754
3395.000 8.488
3400.000 7.750
3405.000 7.613
3410.000 7.680
3415.000 7.879
3420.000 8.600
3425.000 9.761
3430.000 10.540
3435.000 12.406
3440.000 13.269
3445.000 13.861
3450.000 12.038
3455.000 10.594
3460.000 8.086
3465.000 7.091
3470.000 5.650
3475.000 4.594
3480.000 4.099
3485.000 3.357
3490.000 3.082
3495.000 2.690
3500.000 2.452
3505.000 2.280
3510.000 2.197
3515.000 2.162
3520.000 2.155
3525.000 2.233
3530.000 2.314
3535.000 2.571
3540.000 2.708
3545.000 3.206
3550.000 4.071
3555.000 4.708
3560.000 6.553
3565.000 7.704
3570.000 10.138
3575.000 11.432
3580.000 10.941
3585.000 8.341
3590.000 6.959
3595.000 4.892
3600.000 4.187
3605.000 3.201
3610.000 2.574
3615.000 2.349
3620.000 2.000
3625.000 1.876
3630.000 1.709
3635.000 1.604
3640.000 1.562
3645.000 1.490
3650.000 1.450
3655.000 1.434
3660.000 1.416
3665.000 1.418
3670.000 1.518
3675.000 1.497
3680.000 1.500
3685.000 1.539
3690.000 1.561
3695.000 1.633
3700.000 1.738
3705.000 1.807
3710.000 2.004
3715.000 2.139
3720.000 2.545
3725.000 3.225
3730.000 3.686
3735.000 4.284
3740.000 5.844
3745.000 7.689
3750.000 8.636
3755.000 8.312
3760.000 6.358
3765.000 5.292
3770.000 3.689
3775.000 2.710
3780.000 2.378
3785.000 1.888
3790.000 1.707
3795.000 1.439
3800.000 1.343
3805.000 1.207
3810.000 1.121
3815.000 1.087
3820.000 1.023
3825.000 0.996
3830.000 0.949
3835.000 0.921
3840.000 0.904
3845.000 0.894
3850.000 0.881
3855.000 0.889
3860.000 0.908
3865.000 0.917
3870.000 0.952
3875.000 1.007
3880.000 1.039
3885.000 1.127
3890.000 1.164
3895.000 1.270
3900.000 1.432
3905.000 1.538
3910.000 1.843
3915.000 2.054
3920.000 2.668
3925.000 3.151
3930.000 4.384
3935.000 5.983
3940.000 6.773
3945.000 7.546
3950.000 7.285
3955.000 5.635
3960.000 3.955
3965.000 3.319
3970.000 2.450
3975.000 2.144
3980.000 1.709
3985.000 1.552
3990.000 1.319
3995.000 1.155
4000.000 1.090
4005.000 1.018
4010.000 0.960
4015.000 0.924
4020.000 0.875
4025.000 0.864
4030.000 0.826
4035.000 0.788
4040.000 0.776
4045.000 0.762
4050.000 0.763
4055.000 0.759
4060.000 0.769
4065.000 0.778
4070.000 0.791
4075.000 0.804
4080.000 0.841
4085.000 0.885
4090.000 0.922
4095.000 1.007
4100.000 1.058
4105.000 1.185
4110.000 1.382
4115.000 1.515
4120.000 1.903
4125.000 2.160
4130.000 2.844
4135.000 3.565
4140.000 3.779
4145.000 3.547
4150.000 3.126
4155.000 2.244
4160.000 1.613
4165.000 1.389
4170.000 1.214
4175.000 0.960
4180.000 0.792
4185.000 0.682
4190.000 0.642
4195.000 0.607
4200.000 0.553
4205.000 0.512
4210.000 0.485
4215.000 0.474
4220.000 0.457
4225.000 0.451
4230.000 0.440
4235.000 0.436
4240.000 0.434
4245.000 0.441
4250.000 0.440
4255.000 0.450
4260.000 0.456
4265.000 0.475
4270.000 0.501
4275.000 0.514
4280.000 0.551
4285.000 0.579
4290.000 0.646
4295.000 0.753
4300.000 0.831
4305.000 1.059
4310.000 1.231
4315.000 1.731
4320.000 2.413
4325.000 2.737
4330.000 3.043
4335.000 2.921
4340.000 2.293
4345.000 1.675
4350.000 1.443
4355.000 1.118
4360.000 0.906
4365.000 0.825
4370.000 0.707
4375.000 0.663
4380.000 0.600
4385.000 0.558
4390.000 0.540
4395.000 0.515
4400.000 0.507
4405.000 0.491
4410.000 0.481
4415.000 0.468
4420.000 0.469
4425.000 0.507
4430.000 0.501
4435.000 0.507
4440.000 0.508
4445.000 0.506
4450.000 0.514
4455.000 0.530
4460.000 0.555
4465.000 0.571
4470.000 0.622
4475.000 0.658
4480.000 0.756
4485.000 0.821
4490.000 0.929
4495.000 0.938
4500.000 0.881
4505.000 0.688
4510.000 0.487
4515.000 0.412
4520.000 0.299
4525.000 0.259
4530.000 0.203
4535.000 0.183
4540.000 0.156
4545.000 0.141
4550.000 0.137
4555.000 0.129
4560.000 0.130
4565.000 0.133
4570.000 0.139
4575.000 0.138
4580.000 0.151
4585.000 0.161
4590.000 0.181
4595.000 0.213
4600.000 0.235
4605.000 0.300
4610.000 0.341
4615.000 0.452
4620.000 0.627
4625.000 0.742
4630.000 0.989
4635.000 1.096
4640.000 1.159
4645.000 0.998
4650.000 0.896
4655.000 0.713
4660.000 0.646
4665.000 0.539
4670.000 0.462
4675.000 0.432
4680.000 0.391
4685.000 0.374
4690.000 0.357
4695.000 0.336
4700.000 0.329
4705.000 0.315
4710.000 0.304
4715.000 0.278
4720.000 0.227
4725.000 0.194
4730.000 0.126
4735.000 0.108
4740.000 0.114
4745.000 0.132
4750.000 0.141
4755.000 0.159
4760.000 0.166
4765.000 0.181
4770.000 0.186
4775.000 0.190
4780.000 0.192
4785.000 0.194
4790.000 0.195
4795.000 0.198
4800.000 0.199
4805.000 0.202
4810.000 0.204
4815.000 0.203
4820.000 0.201
4825.000 0.205
4830.000 0.204
4835.000 0.205
4840.000 0.204
4845.000 0.202
4850.000 0.206
4855.000 0.208
4860.000 0.205
4865.000 0.205
4870.000 0.203
4875.000 0.206
4880.000 0.207
4885.000 0.209
4890.000 0.212
4895.000 0.208
4900.000 0.210
4905.000 0.208
4910.000 0.208
4915.000 0.212
4920.000 0.209
4925.000 0.207
4930.000 0.213
4935.000 0.210
4940.000 0.211
4945.000 0.211
4950.000 0.209
4955.000 0.212
4960.000 0.214
4965.000 0.217
4970.000 0.215
4975.000 0.205
4980.000 0.209
4985.000 0.210
4990.000 0.216
4995.000 0.217
5000.000 0.226
5005.000 0.208
5010.000 0.210
5015.000 0.208
5020.000 0.217
5025.000 0.207
5030.000 0.215
5035.000 0.212
5040.000 0.223
5045.000 0.219
5050.000 0.210
5055.000 0.217
5060.000 0.210
5065.000 0.217
5070.000 0.216
5075.000 0.211
5080.000 0.217
5085.000 0.214
5090.000 0.214
5095.000 0.213
5100.000 0.214
5105.000 0.213
5110.000 0.213
5115.000 0.214
5120.000 0.217
5125.000 0.213
5130.000 0.216
5135.000 0.215
5140.000 0.217
5145.000 0.221
5150.000 0.215
5155.000 0.214
5160.000 0.215
5165.000 0.215
5170.000 0.216
5175.000 0.215
5180.000 0.218
5185.000 0.218
5190.000 0.214
5195.000 0.217
5200.000 0.217
5205.000 0.218
5210.000 0.217
5215.000 0.222
5220.000 0.218
5225.000 0.223
5230.000 0.221
5235.000 0.219
5240.000 0.220
5245.000 0.221
5250.000 0.220
5255.000 0.218
5260.000 0.221
5265.000 0.218
5270.000 0.217
5275.000 0.218
5280.000 0.220
5285.000 0.219
5290.000 0.219
5295.000 0.218
5300.000 0.221
5305.000 0.223
5310.000 0.219
5315.000 0.220
5320.000 0.220
5325.000 0.223
5330.000 0.221
5335.000 0.221
5340.000 0.218
5345.000 0.221
5350.000 0.220
5355.000 0.221
5360.000 0.221
5365.000 0.220
5370.000 0.221
5375.000 0.223
5380.000 0.224
5385.000 0.225
5390.000 0.225
5395.000 0.220
5400.000 0.221
5405.000 0.224
5410.000 0.222
5415.000 0.225
5420.000 0.225
5425.000 0.226
5430.000 0.225
5435.000 0.228
5440.000 0.226
5445.000 0.224
5450.000 0.224
5455.000 0.225
5460.000 0.233
5465.000 0.227
5470.000 0.227
5475.000 0.227
5480.000 0.230
5485.000 0.228
5490.000 0.224
5495.000 0.226
5500.000 0.230
5505.000 0.235
5510.000 0.232
5515.000 0.228
5520.000 0.235
5525.000 0.235
5530.000 0.237
5535.000 0.236
5540.000 0.233
5545.000 0.229
5550.000 0.229
5555.000 0.229
5560.000 0.230
5565.000 0.230
5570.000 0.230
5575.000 0.232
5580.000 0.232
5585.000 0.230
5590.000 0.233
5595.000 0.232
5600.000 0.233
5605.000 0.232
5610.000 0.234
5615.000 0.233
5620.000 0.239
5625.000 0.237
5630.000 0.234
5635.000 0.233
5640.000 0.237
5645.000 0.239
5650.000 0.234
5655.000 0.235
5660.000 0.232
5665.000 0.232
5670.000 0.234
5675.000 0.231
5680.000 0.232
5685.000 0.234
5690.000 0.235
5695.000 0.235
5700.000 0.234
5705.000 0.236
5710.000 0.236
5715.000 0.232
5720.000 0.235
5725.000 0.235
5730.000 0.234
5735.000 0.233
5740.000 0.239
5745.000 0.236
5750.000 0.235
5755.000 0.239
5760.000 0.240
5765.000 0.239
5770.000 0.237
5775.000 0.238
5780.000 0.238
5785.000 0.238
5790.000 0.237
5795.000 0.237
5800.000 0.240
5805.000 0.239
5810.000 0.235
5815.000 0.239
5820.000 0.241
5825.000 0.241
5830.000 0.240
5835.000 0.239
5840.000 0.242
5845.000 0.242
5850.000 0.245
5855.000 0.246
5860.000 0.244
5865.000 0.242
5870.000 0.247
5875.000 0.246
5880.000 0.247
5885.000 0.245
5890.000 0.245
5895.000 0.245
5900.000 0.243
5905.000 0.251
5910.000 0.252
5915.000 0.249
5920.000 0.252
5925.000 0.247
5930.000 0.249
5935.000 0.250
5940.000 0.251
5945.000 0.247
5950.000 0.247
5955.000 0.254
5960.000 0.252
5965.000 0.255
5970.000 0.244
5975.000 0.256
5980.000 0.255
5985.000 0.249
5990.000 0.259
5995.000 0.261
6000.000 0.285
6005.000 0.281
6010.000 0.269
6015.000 0.268
6020.000 0.279
6025.000 0.269
6030.000 0.254
6035.000 0.267
6040.000 0.260
6045.000 0.261
6050.000 0.262
6055.000 0.251
6060.000 0.251
6065.000 0.255
6070.000 0.255
6075.000 0.254
6080.000 0.253
6085.000 0.258
6090.000 0.257
6095.000 0.256
6100.000 0.256
6105.000 0.257
6110.000 0.254
6115.000 0.254
6120.000 0.260
6125.000 0.281
6130.000 0.274
6135.000 0.265
6140.000 0.263
6145.000 0.273
6150.000 0.266
6155.000 0.259
6160.000 0.258
6165.000 0.260
6170.000 0.275
6175.000 0.280
6180.000 0.279
6185.000 0.275
6190.000 0.272
6195.000 0.263
6200.000 0.261
6205.000 0.262
6210.000 0.257
6215.000 0.255
6220.000 0.256
6225.000 0.258
6230.000 0.275
6235.000 0.282
6240.000 0.283
6245.000 0.276
6250.000 0.277
6255.000 0.283
6260.000 0.278
6265.000 0.273
6270.000 0.267
6275.000 0.275
6280.000 0.276
6285.000 0.278
6290.000 0.274
6295.000 0.269
6300.000 0.264
6305.000 0.271
6310.000 0.276
6315.000 0.282
6320.000 0.277
6325.000 0.269
6330.000 0.266
6335.000 0.261
6340.000 0.258
6345.000 0.254
6350.000 0.255
6355.000 0.260
6360.000 0.259
6365.000 0.256
6370.000 0.259
6375.000 0.257
6380.000 0.259
6385.000 0.281
6390.000 0.279
6395.000 0.277
6400.000 0.269
6405.000 0.270
6410.000 0.267
6415.000 0.264
6420.000 0.288
6425.000 0.287
6430.000 0.287
6435.000 0.277
6440.000 0.277
6445.000 0.273
6450.000 0.265
6455.000 0.261
6460.000 0.261
6465.000 0.261
6470.000 0.261
6475.000 0.261
6480.000 0.259
6485.000 0.256
6490.000 0.258
6495.000 0.267
6500.000 0.279
6505.000 0.277
6510.000 0.277
6515.000 0.267
6520.000 0.271
6525.000 0.270
6530.000 0.269
6535.000 0.263
6540.000 0.270
6545.000 0.268
6550.000 0.265
6555.000 0.260
6560.000 0.267
6565.000 0.269
6570.000 0.267
6575.000 0.264
6580.000 0.263
6585.000 0.262
6590.000 0.260
6595.000 0.282
6600.000 0.280
6605.000 0.277
6610.000 0.277
6615.000 0.272
6620.000 0.268
6625.000 0.268
6630.000 0.270
6635.000 0.271
6640.000 0.272
6645.000 0.274
6650.000 0.279
6655.000 0.296
6660.000 0.301
6665.000 0.307
6670.000 0.311
6675.000 0.323
6680.000 0.347
6685.000 0.374
6690.000 0.394
6695.000 0.460
6700.000 0.505
6705.000 0.657
6710.000 0.936
6715.000 1.158
6720.000 1.784
6725.000 2.227
6730.000 3.277
6735.000 4.207
6740.000 4.391
6745.000 4.352
6750.000 4.338
6755.000 4.626
6760.000 5.353
6765.000 5.829
6770.000 6.886
6775.000 7.387
6780.000 7.984
6785.000 7.403
6790.000 6.797
6795.000 5.659
6800.000 5.210
6805.000 4.536
6810.000 4.100
6815.000 3.969
6820.000 3.848
6825.000 3.867
6830.000 4.018
6835.000 4.491
6840.000 4.886
6845.000 5.862
6850.000 6.468
6855.000 7.480
6860.000 7.977
6865.000 7.784
6870.000 6.392
6875.000 5.571
6880.000 4.194
6885.000 3.258
6890.000 2.931
6895.000 2.452
6900.000 2.257
6905.000 2.007
6910.000 1.849
6915.000 1.794
6920.000 1.748
6925.000 1.747
6930.000 1.783
6935.000 1.867
6940.000 1.932
6945.000 2.123
6950.000 2.260
6955.000 2.684
6960.000 2.983
6965.000 3.809
6970.000 4.763
6975.000 5.184
6980.000 5.593
6985.000 5.432
6990.000 4.502
6995.000 3.488
7000.000 3.077
7005.000 2.493
7010.000 2.111
7015.000 1.977
7020.000 1.768
7025.000 1.728
7030.000 1.649
7035.000 1.575
7040.000 1.554
7045.000 1.545
7050.000 1.534
7055.000 1.543
7060.000 1.585
7065.000 1.621
7070.000 1.708
7075.000 1.761
7080.000 1.919
7085.000 2.152
7090.000 2.317
7095.000 2.763
7100.000 3.056
7105.000 3.751
7110.000 4.499
7115.000 4.789
7120.000 4.864
7125.000 4.580
7130.000 3.694
7135.000 2.859
7140.000 2.518
7145.000 2.017
7150.000 1.869
7155.000 1.638
7160.000 1.542
7165.000 1.363
7170.000 1.225
7175.000 1.173
7180.000 1.104
7185.000 1.048
7190.000 1.031
7195.000 0.979
7200.000 1.006
7205.000 1.020
7210.000 1.012
7215.000 1.061
7220.000 1.113
7225.000 1.145
7230.000 1.170
7235.000 1.292
7240.000 1.458
7245.000 1.581
7250.000 1.919
7255.000 2.375
7260.000 2.653
7265.000 3.101
7270.000 3.038
7275.000 2.892
7280.000 2.623
7285.000 2.091
7290.000 1.689
7295.000 1.422
7300.000 1.320
7305.000 1.176
7310.000 1.125
7315.000 1.053
7320.000 0.998
7325.000 0.984
7330.000 0.955
7335.000 0.949
7340.000 0.954
7345.000 0.990
7350.000 1.003
7355.000 1.054
7360.000 1.124
7365.000 1.145
7370.000 1.205
7375.000 1.289
7380.000 1.341
7385.000 1.487
7390.000 1.708
7395.000 1.989
7400.000 2.135
7405.000 2.373
7410.000 2.429
7415.000 2.296
7420.000 1.875
7425.000 1.678
7430.000 1.483
7435.000 1.180
7440.000 1.003
7445.000 1.281
7450.000 1.196
7455.000 1.044
7460.000 0.939
7465.000 0.763
7470.000 0.646
7475.000 0.603
7480.000 0.537
7485.000 0.516
7490.000 0.479
7495.000 0.470
7500.000 0.461
7505.000 0.472
7510.000 0.489
7515.000 0.525
7520.000 0.554
7525.000 0.631
7530.000 0.731
7535.000 0.790
7540.000 0.937
7545.000 0.973
7550.000 0.928
7555.000 0.805
7560.000 0.747
7565.000 0.646
7570.000 0.590
7575.000 0.573
7580.000 0.550
7585.000 0.545
7590.000 0.536
7595.000 0.537
7600.000 0.541
7605.000 0.550
7610.000 0.559
7615.000 0.587
7620.000 0.625
7625.000 0.645
7630.000 0.695
7635.000 0.714
7640.000 0.731
7645.000 0.712
7650.000 0.681
7655.000 0.581
7660.000 0.529
7665.000 0.429
7670.000 0.348
7675.000 0.318
7680.000 0.264
7685.000 0.240
7690.000 0.200
7695.000 0.160
7700.000 0.143
7705.000 0.108
7710.000 0.100
7715.000 0.110
7720.000 0.144
7725.000 0.163
7730.000 0.176
7735.000 0.190
7740.000 0.199
7745.000 0.204
7750.000 0.206
7755.000 0.209
7760.000 0.210
7765.000 0.209
7770.000 0.211
7775.000 0.212
7780.000 0.212
7785.000 0.211
7790.000 0.210
7795.000 0.212
7800.000 0.220
7805.000 0.221
7810.000 0.219
7815.000 0.217
7820.000 0.216
7825.000 0.215
7830.000 0.214
7835.000 0.210
7840.000 0.208
7845.000 0.209
7850.000 0.208
7855.000 0.209
7860.000 0.211
7865.000 0.209
7870.000 0.214
7875.000 0.211
7880.000 0.210
7885.000 0.211
7890.000 0.220
7895.000 0.219
7900.000 0.221
7905.000 0.217
7910.000 0.217
7915.000 0.218
7920.000 0.216
7925.000 0.215
7930.000 0.216
7935.000 0.216
7940.000 0.216
7945.000 0.213
7950.000 0.215
7955.000 0.222
7960.000 0.217
7965.000 0.216
7970.000 0.215
7975.000 0.221
7980.000 0.223
7985.000 0.222
7990.000 0.214
7995.000 0.218
8000.000 0.212
8005.000 0.223
8010.000 0.225
8015.000 0.223
8020.000 0.214
8025.000 0.224
8030.000 0.220
8035.000 0.227
8040.000 0.221
8045.000 0.221
8050.000 0.233
8055.000 0.232
8060.000 0.228
8065.000 0.227
8070.000 0.223
8075.000 0.226
8080.000 0.227
8085.000 0.224
8090.000 0.228
8095.000 0.227
8100.000 0.227
8105.000 0.229
8110.000 0.227
8115.000 0.228
8120.000 0.228
8125.000 0.226
8130.000 0.225
8135.000 0.226
8140.000 0.227
8145.000 0.229
8150.000 0.229
8155.000 0.230
8160.000 0.232
8165.000 0.230
8170.000 0.234
8175.000 0.233
8180.000 0.235
8185.000 0.235
8190.000 0.234
8195.000 0.235
8200.000 0.233
8205.000 0.234
8210.000 0.235
8215.000 0.237
8220.000 0.234
8225.000 0.236
8230.000 0.235
8235.000 0.239
8240.000 0.236
8245.000 0.239
8250.000 0.237
8255.000 0.238
8260.000 0.241
8265.000 0.247
8270.000 0.245
8275.000 0.246
8280.000 0.249
8285.000 0.248
8290.000 0.248
8295.000 0.247
8300.000 0.247
8305.000 0.246
8310.000 0.247
8315.000 0.249
8320.000 0.248
8325.000 0.247
8330.000 0.250
8335.000 0.242
8340.000 0.246
8345.000 0.249
8350.000 0.255
8355.000 0.253
8360.000 0.251
8365.000 0.254
8370.000 0.253
8375.000 0.248
8380.000 0.249
8385.000 0.250
8390.000 0.251
8395.000 0.255
8400.000 0.257
8405.000 0.253
8410.000 0.258
8415.000 0.255
8420.000 0.256
8425.000 0.261
8430.000 0.263
8435.000 0.261
8440.000 0.260
8445.000 0.263
8450.000 0.258
8455.000 0.253
8460.000 0.255
8465.000 0.250
8470.000 0.250
8475.000 0.255
8480.000 0.255
8485.000 0.255
8490.000 0.261
8495.000 0.264
8500.000 0.262
8505.000 0.259
8510.000 0.257
8515.000 0.258
8520.000 0.257
8525.000 0.258
8530.000 0.259
8535.000 0.260
8540.000 0.265
8545.000 0.260
8550.000 0.257
8555.000 0.259
8560.000 0.259
8565.000 0.259
8570.000 0.255
8575.000 0.256
8580.000 0.256
8585.000 0.268
8590.000 0.265
8595.000 0.262
8600.000 0.262
8605.000 0.263
8610.000 0.260
8615.000 0.264
8620.000 0.260
8625.000 0.261
8630.000 0.262
8635.000 0.260
8640.000 0.258
8645.000 0.259
8650.000 0.262
8655.000 0.259
8660.000 0.263
8665.000 0.259
8670.000 0.258
8675.000 0.257
8680.000 0.256
8685.000 0.255
8690.000 0.256
8695.000 0.264
8700.000 0.272
8705.000 0.273
8710.000 0.273
8715.000 0.268
8720.000 0.261
8725.000 0.264
8730.000 0.268
8735.000 0.266
8740.000 0.264
8745.000 0.266
8750.000 0.263
8755.000 0.264
8760.000 0.266
8765.000 0.264
8770.000 0.260
8775.000 0.261
8780.000 0.260
8785.000 0.262
8790.000 0.265
8795.000 0.260
8800.000 0.257
8805.000 0.256
8810.000 0.261
8815.000 0.262
8820.000 0.258
8825.000 0.258
8830.000 0.291
8835.000 0.281
8840.000 0.286
8845.000 0.269
8850.000 0.265
8855.000 0.268
8860.000 0.266
8865.000 0.271
8870.000 0.268
8875.000 0.268
8880.000 0.265
8885.000 0.264
8890.000 0.270
8895.000 0.269
8900.000 0.264
8905.000 0.266
8910.000 0.264
8915.000 0.261
8920.000 0.262
8925.000 0.270
8930.000 0.272
8935.000 0.271
8940.000 0.270
8945.000 0.266
8950.000 0.263
8955.000 0.261
8960.000 0.261
8965.000 0.263
8970.000 0.265
8975.000 0.262
8980.000 0.264
8985.000 0.273
8990.000 0.267
8995.000 0.271
9000.000 0.260
9005.000 0.265
9010.000 0.274
9015.000 0.270
9020.000 0.269
9025.000 0.265
9030.000 0.272
9035.000 0.267
9040.000 0.271
9045.000 0.273
9050.000 0.276
9055.000 0.270
9060.000 0.262
9065.000 0.270
9070.000 0.265
9075.000 0.263
9080.000 0.267
9085.000 0.268
9090.000 0.267
9095.000 0.265
9100.000 0.263
9105.000 0.264
9110.000 0.263
9115.000 0.266
9120.000 0.265
9125.000 0.263
9130.000 0.263
9135.000 0.270
9140.000 0.269
9145.000 0.266
9150.000 0.263
9155.000 0.264
9160.000 0.259
9165.000 0.257
9170.000 0.348
9175.000 0.365
9180.000 0.365
9185.000 0.362
9190.000 0.326
9195.000 0.302
9200.000 0.286
9205.000 0.284
9210.000 0.271
9215.000 0.266
9220.000 0.268
9225.000 0.273
9230.000 0.270
9235.000 0.267
9240.000 0.262
9245.000 0.266
9250.000 0.267
9255.000 0.270
9260.000 0.270
9265.000 0.274
9270.000 0.271
9275.000 0.275
9280.000 0.271
9285.000 0.269
9290.000 0.268
9295.000 0.268
9300.000 0.268
9305.000 0.264
9310.000 0.263
9315.000 0.263
9320.000 0.260
9325.000 0.264
9330.000 0.257
9335.000 0.262
9340.000 0.261
9345.000 0.265
9350.000 0.262
9355.000 0.262
9360.000 0.262
9365.000 0.263
9370.000 0.262
9375.000 0.260
9380.000 0.262
9385.000 0.272
9390.000 0.270
9395.000 0.272
9400.000 0.270
9405.000 0.266
9410.000 0.268
9415.000 0.267
9420.000 0.257
9425.000 0.260
9430.000 0.257
9435.000 0.260
9440.000 0.258
9445.000 0.266
9450.000 0.267
9455.000 0.267
9460.000 0.264
9465.000 0.257
9470.000 0.256
9475.000 0.256
9480.000 0.260
9485.000 0.258
9490.000 0.257
9495.000 0.270
9500.000 0.266
9505.000 0.267
9510.000 0.261
9515.000 0.264
9520.000 0.264
9525.000 0.264
9530.000 0.265
9535.000 0.265
9540.000 0.263
9545.000 0.266
9550.000 0.264
9555.000 0.261
9560.000 0.262
9565.000 0.266
9570.000 0.268
9575.000 0.269
9580.000 0.267
9585.000 0.266
9590.000 0.263
9595.000 0.262
9600.000 0.258
9605.000 0.263
9610.000 0.258
9615.000 0.258
9620.000 0.258
9625.000 0.260
9630.000 0.266
9635.000 0.261
9640.000 0.263
9645.000 0.264
9650.000 0.261
9655.000 0.252
9660.000 0.257
9665.000 0.257
9670.000 0.253
9675.000 0.254
9680.000 0.255
9685.000 0.254
9690.000 0.257
9695.000 0.255
9700.000 0.254
9705.000 0.258
9710.000 0.256
9715.000 0.256
9720.000 0.258
9725.000 0.257
9730.000 0.254
9735.000 0.257
9740.000 0.257
9745.000 0.258
9750.000 0.261
9755.000 0.269
9760.000 0.257
9765.000 0.259
9770.000 0.261
9775.000 0.260
9780.000 0.264
9785.000 0.265
9790.000 0.264
9795.000 0.264
9800.000 0.262
9805.000 0.259
9810.000 0.260
9815.000 0.263
9820.000 0.264
9825.000 0.266
9830.000 0.262
9835.000 0.266
9840.000 0.271
9845.000 0.264
9850.000 0.264
9855.000 0.263
9860.000 0.261
9865.000 0.262
9870.000 0.259
9875.000 0.260
9880.000 0.260
9885.000 0.260
9890.000 0.262
9895.000 0.261
9900.000 0.263
9905.000 0.262
9910.000 0.265
9915.000 0.261
9920.000 0.262
9925.000 0.261
9930.000 0.258
9935.000 0.258
9940.000 0.260
9945.000 0.265
9950.000 0.268
9955.000 0.272
9960.000 0.265
9965.000 0.265
9970.000 0.271
9975.000 0.267
9980.000 0.277
9985.000 0.281
9990.000 0.278
9995.000 0.282
10000.000 0.296
10005.000 0.294
10010.000 0.298
10015.000 0.304
10020.000 0.313
10025.000 0.314
10030.000 0.313
10035.000 0.307
10040.000 0.253
10045.000 0.196
10050.000 0.188
10055.000 0.213
10060.000 0.267
10065.000 0.495
10070.000 0.898
10075.000 1.156
10080.000 1.617
10085.000 1.841
10090.000 2.099
10095.000 2.142
10100.000 2.101
10105.000 2.001
10110.000 1.957
10115.000 1.911
10120.000 1.887
10125.000 1.886
10130.000 1.872
10135.000 1.925
10140.000 2.066
10145.000 2.230
10150.000 2.301
10155.000 2.391
10160.000 2.284
10165.000 1.897
10170.000 1.455
10175.000 1.255
10180.000 0.947
10185.000 0.832
10190.000 0.667
10195.000 0.566
10200.000 0.530
10205.000 0.494
10210.000 0.488
10215.000 0.504
10220.000 0.542
10225.000 0.573
10230.000 0.696
10235.000 0.781
10240.000 1.058
10245.000 1.452
10250.000 1.678
10255.000 2.132
10260.000 2.270
10265.000 2.379
10270.000 2.181
10275.000 2.028
10280.000 1.730
10285.000 1.596
10290.000 1.369
10295.000 1.205
10300.000 1.143
10305.000 1.046
10310.000 1.009
10315.000 0.978
10320.000 0.972
10325.000 0.974
10330.000 0.986
10335.000 1.001
10340.000 1.043
10345.000 1.100
10350.000 1.135
10355.000 1.222
10360.000 1.275
10365.000 1.353
10370.000 1.414
10375.000 1.425
10380.000 1.363
10385.000 1.288
10390.000 1.119
10395.000 0.933
10400.000 0.824
10405.000 0.680
10410.000 0.618
10415.000 0.516
10420.000 0.442
10425.000 0.413
10430.000 0.388
10435.000 0.357
10440.000 0.337
10445.000 0.333
10450.000 0.335
10455.000 0.353
10460.000 0.363
10465.000 0.404
10470.000 0.428
10475.000 0.514
10480.000 0.657
10485.000 0.756
10490.000 1.013
10495.000 1.170
10500.000 1.507
10505.000 1.762
10510.000 1.820
10515.000 1.825
10520.000 1.672
10525.000 1.440
10530.000 1.234
10535.000 1.146
10540.000 1.000
10545.000 0.949
10550.000 0.857
10555.000 0.775
10560.000 0.755
10565.000 0.739
10570.000 0.734
10575.000 0.734
10580.000 0.741
10585.000 0.743
10590.000 0.751
10595.000 0.772
10600.000 0.804
10605.000 0.839
10610.000 0.857
10615.000 0.877
10620.000 0.886
10625.000 0.883
10630.000 0.831
10635.000 0.781
10640.000 0.718
10645.000 0.583
10650.000 0.463
10655.000 0.357
10660.000 0.312
10665.000 0.235
10670.000 0.211
10675.000 0.148
10680.000 0.112
10685.000 0.101
10690.000 0.076
10695.000 0.070
10700.000 0.069
10705.000 0.075
10710.000 0.095
10715.000 0.134
10720.000 0.164
10725.000 0.253
10730.000 0.399
10735.000 0.488
10740.000 0.675
10745.000 0.763
10750.000 0.914
10755.000 0.989
10760.000 1.004
10765.000 0.979
10770.000 0.959
10775.000 0.898
10780.000 0.836
10785.000 0.801
10790.000 0.749
10795.000 0.722
10800.000 0.678
10805.000 0.641
10810.000 0.625
10815.000 0.601
10820.000 0.583
10825.000 0.552
10830.000 0.529
10835.000 0.473
10840.000 0.398
10845.000 0.357
10850.000 0.276
10855.000 0.210
10860.000 0.190
10865.000 0.166
10870.000 0.159
10875.000 0.160
10880.000 0.166
10885.000 0.176
10890.000 0.196
10895.000 0.208
10900.000 0.235
10905.000 0.249
10910.000 0.270
10915.000 0.274
10920.000 0.274
10925.000 0.269
10930.000 0.264
10935.000 0.265
10940.000 0.264
10945.000 0.259
10950.000 0.261
10955.000 0.262
10960.000 0.256
10965.000 0.256
10970.000 0.260
10975.000 0.260
10980.000 0.262
10985.000 0.263
10990.000 0.260
10995.000 0.261
11000.000 0.258
11005.000 0.262
11010.000 0.263
11015.000 0.262
11020.000 0.255
11025.000 0.262
11030.000 0.268
11035.000 0.266
11040.000 0.265
11045.000 0.269
11050.000 0.261
11055.000 0.258
11060.000 0.255
11065.000 0.259
11070.000 0.256
11075.000 0.254
11080.000 0.256
11085.000 0.256
11090.000 0.259
11095.000 0.257
11100.000 0.257
11105.000 0.260
11110.000 0.257
11115.000 0.257
11120.000 0.256
11125.000 0.257
11130.000 0.253
11135.000 0.256
11140.000 0.251
11145.000 0.252
11150.000 0.253
11155.000 0.254
11160.000 0.252
11165.000 0.254
11170.000 0.258
11175.000 0.259
11180.000 0.257
11185.000 0.257
11190.000 0.258
11195.000 0.256
11200.000 0.255
11205.000 0.253
11210.000 0.253
11215.000 0.254
11220.000 0.255
11225.000 0.255
11230.000 0.254
11235.000 0.251
11240.000 0.252
11245.000 0.256
11250.000 0.256
11255.000 0.254
11260.000 0.250
11265.000 0.256
11270.000 0.255
11275.000 0.256
11280.000 0.257
11285.000 0.253
11290.000 0.253
11295.000 0.253
11300.000 0.251
11305.000 0.250
11310.000 0.254
11315.000 0.251
11320.000 0.256
11325.000 0.251
11330.000 0.249
11335.000 0.253
11340.000 0.250
11345.000 0.251
11350.000 0.251
11355.000 0.250
11360.000 0.253
11365.000 0.253
11370.000 0.253
11375.000 0.253
11380.000 0.254
11385.000 0.252
11390.000 0.254
11395.000 0.253
11400.000 0.253
11405.000 0.262
11410.000 0.256
11415.000 0.257
11420.000 0.253
11425.000 0.255
11430.000 0.254
11435.000 0.254
11440.000 0.251
11445.000 0.254
11450.000 0.252
11455.000 0.254
11460.000 0.251
11465.000 0.251
11470.000 0.250
11475.000 0.248
11480.000 0.249
11485.000 0.249
11490.000 0.251
11495.000 0.249
11500.000 0.250
11505.000 0.249
11510.000 0.251
11515.000 0.248
11520.000 0.249
11525.000 0.250
11530.000 0.250
11535.000 0.249
11540.000 0.249
11545.000 0.249
11550.000 0.252
11555.000 0.248
11560.000 0.250
11565.000 0.248
11570.000 0.248
11575.000 0.248
11580.000 0.249
11585.000 0.250
11590.000 0.250
11595.000 0.248
11600.000 0.248
11605.000 0.247
11610.000 0.246
11615.000 0.246
11620.000 0.248
11625.000 0.248
11630.000 0.248
11635.000 0.248
11640.000 0.246
11645.000 0.249
11650.000 0.250
11655.000 0.249
11660.000 0.247
11665.000 0.249
11670.000 0.251
11675.000 0.249
11680.000 0.249
11685.000 0.248
11690.000 0.249
11695.000 0.250
11700.000 0.246
11705.000 0.249
11710.000 0.247
11715.000 0.245
11720.000 0.250
11725.000 0.247
11730.000 0.251
11735.000 0.250
11740.000 0.252
11745.000 0.249
11750.000 0.248
11755.000 0.245
11760.000 0.246
11765.000 0.247
11770.000 0.249
11775.000 0.248
11780.000 0.249
11785.000 0.247
11790.000 0.248
11795.000 0.248
11800.000 0.249
11805.000 0.250
11810.000 0.244
11815.000 0.246
11820.000 0.244
11825.000 0.244
11830.000 0.245
11835.000 0.246
11840.000 0.248
11845.000 0.249
11850.000 0.249
11855.000 0.248
11860.000 0.247
11865.000 0.246
11870.000 0.248
11875.000 0.242
11880.000 0.245
11885.000 0.243
11890.000 0.243
11895.000 0.242
11900.000 0.244
11905.000 0.244
11910.000 0.244
11915.000 0.242
11920.000 0.242
11925.000 0.244
11930.000 0.243
11935.000 0.242
11940.000 0.244
11950.000 0.242
11955.000 0.244
11960.000 0.245
11970.000 0.240
11975.000 0.241
11980.000 0.241
11985.000 0.238
11990.000 0.246
11995.000 0.248
12000.000 0.243
