1801.000 0.007
1802.000 3.642
1803.000 3.763
1804.000 3.657
1805.000 3.559
1806.000 3.524
1807.000 3.467
1808.000 3.443
1809.000 3.409
1810.000 3.386
1811.000 3.377
1812.000 3.365
1813.000 3.357
1814.000 3.345
1815.000 3.347
1816.000 3.352
1817.000 3.353
1818.000 3.357
1819.000 3.366
1820.000 3.383
1821.000 3.394
1822.000 3.407
1823.000 3.411
1824.000 3.427
1825.000 3.445
1826.000 3.451
1827.000 3.468
1828.000 3.466
1829.000 3.479
1830.000 3.472
1831.000 3.480
1832.000 3.477
1833.000 3.482
1834.000 3.484
1835.000 3.479
1836.000 3.467
1837.000 3.457
1838.000 3.448
1839.000 3.428
1840.000 3.414
1841.000 3.396
1842.000 3.381
1843.000 3.365
1844.000 3.352
1845.000 3.345
1846.000 3.347
1847.000 3.353
1848.000 3.358
1849.000 3.361
1850.000 3.359
1851.000 3.361
1852.000 3.359
1853.000 3.348
1854.000 3.337
1855.000 3.340
1856.000 3.302
1857.000 3.268
1858.000 3.238
1859.000 3.181
1860.000 3.144
1861.000 3.050
1862.000 2.965
1863.000 2.905
1864.000 2.791
1865.000 2.730
1866.000 2.617
1867.000 2.500
1868.000 2.449
1869.000 2.345
1870.000 2.301
1871.000 2.219
1872.000 2.180
1873.000 2.179
1874.000 2.189
1875.000 2.196
1876.000 2.205
1877.000 2.216
1878.000 2.228
1879.000 2.233
1880.000 2.244
1881.000 2.252
1882.000 2.258
1883.000 2.265
1884.000 2.276
1885.000 2.281
1886.000 2.292
1887.000 2.297
1888.000 2.305
1889.000 2.310
1890.000 2.315
1891.000 2.327
1892.000 2.328
1893.000 2.329
1894.000 2.331
1895.000 2.335
1896.000 2.344
1897.000 2.408
1898.000 2.397
1899.000 2.374
1900.000 2.366
1901.000 2.390
1902.000 2.372
1903.000 2.371
1904.000 2.406
1905.000 2.389
1906.000 2.387
1907.000 2.419
1908.000 2.432
1909.000 2.408
1910.000 2.399
1911.000 2.402
1912.000 2.405
1913.000 2.408
1914.000 2.416
1915.000 2.414
1916.000 2.437
1917.000 2.434
1918.000 2.424
1919.000 2.445
1920.000 2.430
1921.000 2.446
1922.000 2.456
1923.000 2.458
1924.000 2.459
1925.000 2.453
1926.000 2.467
1927.000 2.498
1928.000 2.506
1929.000 2.514
1930.000 2.514
1931.000 2.514
1932.000 2.513
1933.000 2.519
1934.000 2.534
1935.000 2.540
1936.000 2.568
1937.000 2.569
1938.000 2.574
1939.000 2.579
1940.000 2.591
1941.000 2.591
1942.000 2.603
1943.000 2.601
1944.000 2.620
1945.000 2.627
1946.000 2.624
1947.000 2.634
1948.000 2.635
1949.000 2.636
1950.000 2.647
1951.000 2.653
1952.000 2.653
1953.000 2.668
1954.000 2.686
1955.000 2.670
1956.000 2.677
1957.000 2.683
1958.000 2.690
1959.000 2.712
1960.000 2.702
1961.000 2.725
1962.000 2.718
1963.000 2.748
1964.000 2.745
1965.000 2.748
1966.000 2.763
1967.000 2.770
1968.000 2.784
1969.000 2.794
1970.000 2.804
1971.000 2.808
1972.000 2.805
1973.000 2.815
1974.000 2.824
1975.000 2.830
1976.000 2.848
1977.000 2.861
1978.000 2.854
1979.000 2.878
1980.000 2.872
1981.000 2.896
1982.000 2.888
1983.000 2.909
1984.000 2.920
1985.000 2.910
1986.000 2.934
1987.000 2.951
1988.000 2.965
1989.000 2.969
1990.000 2.977
1991.000 2.994
1992.000 2.990
1993.000 3.013
1994.000 3.015
1995.000 3.028
1996.000 3.056
1997.000 3.064
1998.000 3.070
1999.000 3.098
2000.000 3.109
2001.000 3.129
2002.000 3.136
2003.000 3.159
2004.000 3.181
2005.000 3.188
2006.000 3.198
2007.000 3.204
2008.000 3.253
2009.000 3.263
2010.000 3.276
2011.000 3.314
2012.000 3.308
2013.000 3.347
2014.000 3.370
2015.000 3.376
2016.000 3.406
2017.000 3.405
2018.000 3.426
2019.000 3.463
2020.000 3.502
2021.000 3.515
2022.000 3.533
2023.000 3.571
2024.000 3.585
2025.000 3.622
2026.000 3.645
2027.000 3.657
2028.000 3.719
2029.000 3.731
2030.000 3.742
2031.000 3.790
2032.000 3.814
2033.000 3.856
2034.000 3.908
2035.000 3.932
2036.000 3.970
2037.000 3.989
2038.000 4.038
2039.000 4.104
2040.000 4.141
2041.000 4.186
2042.000 4.209
2043.000 4.280
2044.000 4.342
2045.000 4.383
2046.000 4.447
2047.000 4.480
2048.000 4.556
2049.000 4.633
2050.000 4.668
2051.000 4.744
2052.000 4.797
2053.000 4.882
2054.000 4.972
2055.000 5.032
2056.000 5.127
2057.000 5.189
2058.000 5.298
2059.000 5.425
2060.000 5.499
2061.000 5.643
2062.000 5.704
2063.000 5.949
2064.000 6.067
2065.000 6.206
2066.000 6.340
2067.000 6.407
2068.000 6.622
2069.000 6.707
2070.000 6.952
2071.000 7.153
2072.000 7.285
2073.000 7.535
2074.000 7.670
2075.000 7.986
2076.000 8.334
2077.000 8.504
2078.000 8.887
2079.000 9.096
2080.000 9.518
2081.000 10.027
2082.000 10.275
2083.000 10.848
2084.000 11.132
2085.000 11.754
2086.000 12.441
2087.000 12.794
2088.000 13.496
2089.000 13.852
2090.000 14.536
2091.000 15.132
2092.000 15.372
2093.000 15.776
2094.000 15.900
2095.000 15.935
2096.000 15.648
2097.000 15.374
2098.000 14.634
2099.000 14.194
2100.000 13.198
2101.000 12.173
2102.000 11.630
2103.000 10.672
2104.000 10.272
2105.000 9.437
2106.000 8.667
2107.000 8.332
2108.000 7.730
2109.000 7.429
2110.000 6.908
2111.000 6.434
2112.000 6.206
2113.000 5.781
2114.000 5.598
2115.000 5.220
2116.000 4.909
2117.000 4.750
2118.000 4.468
2119.000 4.334
2120.000 4.079
2121.000 3.846
2122.000 3.741
2123.000 3.524
2124.000 3.429
2125.000 3.237
2126.000 3.062
2127.000 2.977
2128.000 2.808
2129.000 2.717
2130.000 2.506
2131.000 2.403
2132.000 2.212
2133.000 2.042
2134.000 1.963
2135.000 1.818
2136.000 1.753
2137.000 1.633
2138.000 1.522
2139.000 1.476
2140.000 1.379
2141.000 1.338
2142.000 1.260
2143.000 1.191
2144.000 1.159
2145.000 1.085
2146.000 1.048
2147.000 0.984
2148.000 0.922
2149.000 0.894
2150.000 0.837
2151.000 0.811
2152.000 0.768
2153.000 0.717
2154.000 0.695
2155.000 0.648
2156.000 0.632
2157.000 0.592
2158.000 0.549
2159.000 0.532
2160.000 0.496
2161.000 0.478
2162.000 0.442
2163.000 0.410
2164.000 0.395
2165.000 0.365
2166.000 0.348
2167.000 0.323
2168.000 0.295
2169.000 0.279
2170.000 0.254
2171.000 0.240
2172.000 0.214
2173.000 0.190
2174.000 0.178
2175.000 0.156
2176.000 0.147
2177.000 0.129
2178.000 0.110
2179.000 0.102
2180.000 0.094
2181.000 0.089
2182.000 0.087
2183.000 0.093
2184.000 0.095
2185.000 0.108
2186.000 0.119
2187.000 0.131
2188.000 0.153
2189.000 0.163
2190.000 0.183
2191.000 0.193
2192.000 0.215
2193.000 0.234
2194.000 0.245
2195.000 0.276
2196.000 0.275
2197.000 0.302
2198.000 0.329
2199.000 0.323
2200.000 0.363
2201.000 0.381
2202.000 0.408
2203.000 0.431
2204.000 0.446
2205.000 0.475
2206.000 0.481
2207.000 0.519
2208.000 0.548
2209.000 0.564
2210.000 0.596
2211.000 0.610
2212.000 0.643
2213.000 0.690
2214.000 0.692
2215.000 0.726
2216.000 0.748
2217.000 0.783
2218.000 0.824
2219.000 0.846
2220.000 0.894
2221.000 0.920
2222.000 0.970
2223.000 1.028
2224.000 1.060
2225.000 1.125
2226.000 1.164
2227.000 1.241
2228.000 1.337
2229.000 1.384
2230.000 1.491
2231.000 1.593
2232.000 1.758
2233.000 1.837
2234.000 1.880
2235.000 1.954
2236.000 1.992
2237.000 2.089
2238.000 2.180
2239.000 2.232
2240.000 2.344
2241.000 2.401
2242.000 2.518
2243.000 2.681
2244.000 2.758
2245.000 2.952
2246.000 3.019
2247.000 3.239
2248.000 3.322
2249.000 3.524
2250.000 3.753
2251.000 3.892
2252.000 4.189
2253.000 4.351
2254.000 4.729
2255.000 5.207
2256.000 5.486
2257.000 6.098
2258.000 6.415
2259.000 7.183
2260.000 7.996
2261.000 8.411
2262.000 9.404
2263.000 9.891
2264.000 10.829
2265.000 11.492
2266.000 11.654
2267.000 11.564
2268.000 11.275
2269.000 10.315
2270.000 9.223
2271.000 8.691
2272.000 7.810
2273.000 7.455
2274.000 6.796
2275.000 6.199
2276.000 5.950
2277.000 5.463
2278.000 5.274
2279.000 4.862
2280.000 4.552
2281.000 4.405
2282.000 4.082
2283.000 3.947
2284.000 3.702
2285.000 3.465
2286.000 3.370
2287.000 3.168
2288.000 3.091
2289.000 2.931
2290.000 2.785
2291.000 2.714
2292.000 2.584
2293.000 2.526
2294.000 2.410
2295.000 2.308
2296.000 2.261
2297.000 2.180
2298.000 2.125
2299.000 2.053
2300.000 1.990
2301.000 1.950
2302.000 1.889
2303.000 1.842
2304.000 1.891
2305.000 1.775
2306.000 1.733
2307.000 1.680
2308.000 1.648
2309.000 1.690
2310.000 1.638
2311.000 1.593
2312.000 1.531
2313.000 1.482
2314.000 1.391
2315.000 1.310
2316.000 1.281
2317.000 1.216
2318.000 1.191
2319.000 1.136
2320.000 1.099
2321.000 1.080
2322.000 1.046
2323.000 1.009
2324.000 0.984
2325.000 0.953
2326.000 0.940
2327.000 0.909
2328.000 0.894
2329.000 0.856
2330.000 0.823
2331.000 0.811
2332.000 0.799
2333.000 0.788
2334.000 0.766
2335.000 0.739
2336.000 0.729
2337.000 0.715
2338.000 0.702
2339.000 0.687
2340.000 0.669
2341.000 0.669
2342.000 0.657
2343.000 0.645
2344.000 0.628
2345.000 0.615
2346.000 0.605
2347.000 0.589
2348.000 0.588
2349.000 0.573
2350.000 0.563
2351.000 0.556
2352.000 0.544
2353.000 0.538
2354.000 0.528
2355.000 0.515
2356.000 0.508
2357.000 0.496
2358.000 0.493
2359.000 0.478
2360.000 0.466
2361.000 0.466
2362.000 0.453
2363.000 0.445
2364.000 0.439
2365.000 0.436
2366.000 0.429
2367.000 0.419
2368.000 0.417
2369.000 0.410
2370.000 0.404
2371.000 0.399
2372.000 0.392
2373.000 0.389
2374.000 0.384
2375.000 0.384
2376.000 0.375
2377.000 0.363
2378.000 0.358
2379.000 0.348
2380.000 0.347
2381.000 0.340
2382.000 0.333
2383.000 0.330
2384.000 0.326
2385.000 0.321
2386.000 0.315
2387.000 0.310
2388.000 0.309
2389.000 0.305
2390.000 0.300
2391.000 0.298
2392.000 0.287
2393.000 0.290
2394.000 0.288
2395.000 0.282
2396.000 0.277
2397.000 0.268
2398.000 0.269
2399.000 0.263
2400.000 0.259
2401.000 0.255
2402.000 0.253
2403.000 0.247
2404.000 0.249
2405.000 0.245
2406.000 0.240
2407.000 0.237
2408.000 0.233
2409.000 0.233
2410.000 0.231
2411.000 0.228
2412.000 0.224
2413.000 0.221
2414.000 0.216
2415.000 0.212
2416.000 0.207
2417.000 0.205
2418.000 0.200
2419.000 0.202
2420.000 0.190
2421.000 0.190
2422.000 0.186
2423.000 0.184
2424.000 0.182
2425.000 0.181
2426.000 0.174
2427.000 0.172
2428.000 0.171
2429.000 0.170
2430.000 0.169
2431.000 0.170
2432.000 0.164
2433.000 0.157
2434.000 0.162
2435.000 0.157
2436.000 0.155
2437.000 0.145
2438.000 0.149
2439.000 0.259
2440.000 0.303
2441.000 0.199
2442.000 0.174
2443.000 0.166
2444.000 0.176
2445.000 0.164
2446.000 0.149
2447.000 0.137
2448.000 0.136
2449.000 0.133
2450.000 0.132
2451.000 0.125
2452.000 0.123
2453.000 0.120
2454.000 0.115
2455.000 0.115
2456.000 0.123
2457.000 0.136
2458.000 0.127
2459.000 0.122
2460.000 0.114
2461.000 0.112
2462.000 0.111
2463.000 0.104
2464.000 0.104
2465.000 0.103
2466.000 0.097
2467.000 0.094
2468.000 0.096
2469.000 0.092
2470.000 0.091
2471.000 0.088
2472.000 0.085
2473.000 0.087
2474.000 0.086
2475.000 0.086
2476.000 0.079
2477.000 0.076
2478.000 0.077
2479.000 0.074
2480.000 0.074
2481.000 0.074
2482.000 0.072
2483.000 0.073
2484.000 0.070
2485.000 0.069
2486.000 0.066
2487.000 0.065
2488.000 0.065
2489.000 0.063
2490.000 0.062
2491.000 0.063
2492.000 0.060
2493.000 0.059
2494.000 0.061
2495.000 0.056
2496.000 0.055
2497.000 0.056
2498.000 0.053
2499.000 0.056
2500.000 0.054
2501.000 0.052
2502.000 0.052
2503.000 0.051
2504.000 0.054
2505.000 0.050
2506.000 0.050
2507.000 0.051
2508.000 0.048
2509.000 0.050
2510.000 0.048
2511.000 0.047
2512.000 0.047
2513.000 0.048
2514.000 0.048
2515.000 0.052
2516.000 0.054
2517.000 0.055
2518.000 0.052
2519.000 0.051
2520.000 0.051
2521.000 0.054
2522.000 0.052
2523.000 0.054
2524.000 0.050
2525.000 0.053
2526.000 0.054
2527.000 0.052
2528.000 0.055
2529.000 0.054
2530.000 0.054
2531.000 0.056
2532.000 0.055
2533.000 0.056
2534.000 0.059
2535.000 0.059
2536.000 0.058
2537.000 0.058
2538.000 0.061
2539.000 0.062
2540.000 0.058
2541.000 0.061
2542.000 0.061
2543.000 0.064
2544.000 0.063
2545.000 0.063
2546.000 0.063
2547.000 0.064
2548.000 0.066
2549.000 0.066
2550.000 0.069
2551.000 0.069
2552.000 0.071
2553.000 0.070
2554.000 0.073
2555.000 0.073
2556.000 0.078
2557.000 0.079
2558.000 0.076
2559.000 0.080
2560.000 0.080
2561.000 0.082
2562.000 0.081
2563.000 0.084
2564.000 0.084
2565.000 0.083
2566.000 0.084
2567.000 0.097
2568.000 0.368
2569.000 0.243
2570.000 0.230
2571.000 0.190
2572.000 0.176
2573.000 0.155
2574.000 0.140
2575.000 0.135
2576.000 0.125
2577.000 0.129
2578.000 0.118
2579.000 0.115
2580.000 0.115
2581.000 0.120
2582.000 0.119
2583.000 0.116
2584.000 0.115
2585.000 0.114
2586.000 0.112
2587.000 0.112
2588.000 0.115
2589.000 0.113
2590.000 0.116
2591.000 0.116
2592.000 0.114
2593.000 0.123
2594.000 0.123
2595.000 0.123
2596.000 0.249
2597.000 0.316
2598.000 0.298
2599.000 0.265
2600.000 0.243
