1801.000 0.002
1802.000 1.659
1803.000 2.012
1804.000 2.100
1805.000 2.121
1806.000 2.134
1807.000 2.150
1808.000 2.160
1809.000 2.177
1810.000 2.192
1811.000 2.049
1812.000 1.867
1813.000 1.843
1814.000 1.848
1815.000 1.860
1816.000 1.889
1817.000 1.921
1818.000 1.931
1819.000 1.967
1820.000 1.973
1821.000 2.002
1822.000 2.014
1823.000 2.034
1824.000 2.065
1825.000 2.075
1826.000 2.097
1827.000 2.105
1828.000 2.132
1829.000 2.151
1830.000 2.164
1831.000 2.188
1832.000 2.198
1833.000 2.227
1834.000 2.246
1835.000 2.260
1836.000 2.287
1837.000 2.302
1838.000 2.318
1839.000 2.309
1840.000 2.306
1841.000 2.295
1842.000 2.297
1843.000 2.281
1844.000 2.277
1845.000 2.272
1846.000 2.270
1847.000 2.261
1848.000 2.261
1849.000 2.267
1850.000 2.282
1851.000 2.291
1852.000 2.291
1853.000 2.303
1854.000 2.316
1855.000 2.322
1856.000 2.332
1857.000 2.331
1858.000 2.350
1859.000 2.367
1860.000 2.369
1861.000 2.386
1862.000 2.390
1863.000 2.399
1864.000 2.405
1865.000 2.410
1866.000 2.422
1867.000 2.429
1868.000 2.430
1869.000 2.416
1870.000 2.403
1871.000 2.370
1872.000 2.356
1873.000 2.312
1874.000 2.254
1875.000 2.229
1876.000 2.154
1877.000 2.115
1878.000 2.018
1879.000 1.978
1880.000 1.887
1881.000 1.793
1882.000 1.749
1883.000 1.668
1884.000 1.627
1885.000 1.562
1886.000 1.510
1887.000 1.501
1888.000 1.505
1889.000 1.503
1890.000 1.510
1891.000 1.509
1892.000 1.509
1893.000 1.509
1894.000 1.511
1895.000 1.520
1896.000 1.520
1897.000 1.520
1898.000 1.522
1899.000 1.530
1900.000 1.527
1901.000 1.528
1902.000 1.531
1903.000 1.537
1904.000 1.536
1905.000 1.541
1906.000 1.543
1907.000 1.540
1908.000 1.544
1909.000 1.545
1910.000 1.545
1911.000 1.545
1912.000 1.547
1913.000 1.552
1914.000 1.549
1915.000 1.558
1916.000 1.552
1917.000 1.560
1918.000 1.566
1919.000 1.571
1920.000 1.562
1921.000 1.564
1922.000 1.569
1923.000 1.568
1924.000 1.573
1925.000 1.578
1926.000 1.610
1927.000 1.609
1928.000 1.605
1929.000 1.597
1930.000 1.593
1931.000 1.592
1932.000 1.589
1933.000 1.597
1934.000 1.598
1935.000 1.593
1936.000 1.595
1937.000 1.596
1938.000 1.602
1939.000 1.607
1940.000 1.606
1941.000 1.603
1942.000 1.612
1943.000 1.627
1944.000 1.628
1945.000 1.615
1946.000 1.624
1947.000 1.625
1948.000 1.625
1949.000 1.630
1950.000 1.629
1951.000 1.632
1952.000 1.640
1953.000 1.640
1954.000 1.634
1955.000 1.636
1956.000 1.635
1957.000 1.645
1958.000 1.642
1959.000 1.652
1960.000 1.652
1961.000 1.649
1962.000 1.654
1963.000 1.662
1964.000 1.664
1965.000 1.662
1966.000 1.669
1967.000 1.678
1968.000 1.677
1969.000 1.675
1970.000 1.676
1971.000 1.683
1972.000 1.684
1973.000 1.693
1974.000 1.695
1975.000 1.691
1976.000 1.698
1977.000 1.706
1978.000 1.705
1979.000 1.703
1980.000 1.801
1981.000 1.780
1982.000 1.754
1983.000 1.784
1984.000 1.752
1985.000 1.737
1986.000 1.776
1987.000 1.814
1988.000 1.825
1989.000 1.824
1990.000 1.872
1991.000 1.847
1992.000 1.817
1993.000 1.803
1994.000 1.787
1995.000 1.766
1996.000 1.762
1997.000 1.752
1998.000 1.752
1999.000 1.765
2000.000 1.759
2001.000 1.763
2002.000 1.768
2003.000 1.780
2004.000 1.776
2005.000 1.790
2006.000 1.777
2007.000 1.777
2008.000 1.795
2009.000 1.791
2010.000 1.821
2011.000 1.819
2012.000 1.791
2013.000 1.815
2014.000 1.801
2015.000 1.811
2016.000 1.807
2017.000 1.813
2018.000 1.821
2019.000 1.842
2020.000 1.845
2021.000 1.834
2022.000 1.863
2023.000 1.847
2024.000 1.850
2025.000 1.846
2026.000 1.854
2027.000 1.836
2028.000 1.889
2029.000 1.894
2030.000 1.862
2031.000 1.854
2032.000 1.858
2033.000 1.865
2034.000 1.867
2035.000 1.875
2036.000 1.875
2037.000 1.873
2038.000 1.881
2039.000 1.888
2040.000 1.903
2041.000 1.900
2042.000 1.903
2043.000 1.910
2044.000 1.911
2045.000 1.917
2046.000 1.913
2047.000 1.927
2048.000 1.938
2049.000 1.939
2050.000 1.941
2051.000 1.953
2052.000 1.963
2053.000 1.974
2054.000 1.977
2055.000 1.989
2056.000 1.988
2057.000 1.993
2058.000 2.010
2059.000 2.012
2060.000 2.019
2061.000 2.030
2062.000 2.042
2063.000 2.047
2064.000 2.053
2065.000 2.069
2066.000 2.069
2067.000 2.074
2068.000 2.081
2069.000 2.087
2070.000 2.108
2071.000 2.113
2072.000 2.125
2073.000 2.133
2074.000 2.156
2075.000 2.159
2076.000 2.168
2077.000 2.185
2078.000 2.197
2079.000 2.197
2080.000 2.215
2081.000 2.223
2082.000 2.242
2083.000 2.256
2084.000 2.266
2085.000 2.301
2086.000 2.310
2087.000 2.306
2088.000 2.333
2089.000 2.324
2090.000 2.347
2091.000 2.355
2092.000 2.386
2093.000 2.412
2094.000 2.425
2095.000 2.439
2096.000 2.457
2097.000 2.481
2098.000 2.512
2099.000 2.521
2100.000 2.538
2101.000 2.560
2102.000 2.585
2103.000 2.622
2104.000 2.632
2105.000 2.661
2106.000 2.676
2107.000 2.710
2108.000 2.746
2109.000 2.765
2110.000 2.800
2111.000 2.817
2112.000 2.853
2113.000 2.899
2114.000 2.916
2115.000 2.956
2116.000 2.986
2117.000 3.028
2118.000 3.053
2119.000 3.109
2120.000 3.173
2121.000 3.196
2122.000 3.250
2123.000 3.287
2124.000 3.348
2125.000 3.417
2126.000 3.447
2127.000 3.526
2128.000 3.572
2129.000 3.651
2130.000 3.738
2131.000 3.788
2132.000 3.879
2133.000 3.931
2134.000 4.036
2135.000 4.153
2136.000 4.218
2137.000 4.347
2138.000 4.413
2139.000 4.565
2140.000 4.725
2141.000 4.810
2142.000 4.990
2143.000 5.084
2144.000 5.302
2145.000 5.538
2146.000 5.683
2147.000 5.931
2148.000 6.076
2149.000 6.389
2150.000 6.735
2151.000 6.932
2152.000 7.330
2153.000 7.567
2154.000 8.066
2155.000 8.609
2156.000 8.914
2157.000 9.555
2158.000 9.897
2159.000 10.596
2160.000 11.247
2161.000 11.533
2162.000 11.959
2163.000 12.062
2164.000 12.150
2165.000 11.950
2166.000 11.727
2167.000 11.037
2168.000 10.598
2169.000 9.632
2170.000 8.668
2171.000 8.198
2172.000 7.348
2173.000 6.948
2174.000 6.259
2175.000 5.615
2176.000 5.342
2177.000 4.856
2178.000 4.637
2179.000 4.239
2180.000 3.884
2181.000 3.717
2182.000 3.416
2183.000 3.277
2184.000 3.008
2185.000 2.779
2186.000 2.669
2187.000 2.470
2188.000 2.371
2189.000 2.190
2190.000 1.993
2191.000 1.880
2192.000 1.682
2193.000 1.588
2194.000 1.419
2195.000 1.276
2196.000 1.208
2197.000 1.088
2198.000 1.031
2199.000 0.928
2200.000 0.831
2201.000 0.786
2202.000 0.699
2203.000 0.662
2204.000 0.588
2205.000 0.519
2206.000 0.488
2207.000 0.425
2208.000 0.398
2209.000 0.340
2210.000 0.287
2211.000 0.262
2212.000 0.212
2213.000 0.189
2214.000 0.137
2215.000 0.097
2216.000 0.082
2217.000 0.043
2218.000 0.025
2219.000 0.043
2220.000 0.085
2221.000 0.103
2222.000 0.146
2223.000 0.164
2224.000 0.210
2225.000 0.253
2226.000 0.276
2227.000 0.320
2228.000 0.342
2229.000 0.391
2230.000 0.438
2231.000 0.464
2232.000 0.522
2233.000 0.546
2234.000 0.613
2235.000 0.640
2236.000 0.701
2237.000 0.767
2238.000 0.800
2239.000 0.872
2240.000 0.915
2241.000 1.010
2242.000 1.125
2243.000 1.169
2244.000 1.303
2245.000 1.384
2246.000 1.560
2247.000 1.772
2248.000 1.897
2249.000 2.176
2250.000 2.336
2251.000 2.700
2252.000 3.136
2253.000 3.376
2254.000 3.863
2255.000 4.291
2256.000 4.908
2257.000 5.430
2258.000 5.730
2259.000 6.382
2260.000 6.742
2261.000 7.427
2262.000 8.203
2263.000 8.625
2264.000 9.569
2265.000 10.113
2266.000 11.287
2267.000 12.680
2268.000 13.477
2269.000 15.210
2270.000 16.165
2271.000 18.262
2272.000 20.487
2273.000 21.586
2274.000 23.408
2275.000 23.983
2276.000 24.136
2277.000 22.504
2278.000 21.065
2279.000 17.830
2280.000 16.232
2281.000 13.503
2282.000 11.392
2283.000 10.438
2284.000 8.761
2285.000 8.044
2286.000 6.774
2287.000 5.776
2288.000 5.345
2289.000 4.620
2290.000 4.324
2291.000 3.837
2292.000 3.473
2293.000 3.317
2294.000 3.061
2295.000 2.976
2296.000 2.823
2297.000 2.666
2298.000 2.612
2299.000 2.508
2300.000 2.451
2301.000 2.359
2302.000 2.216
2303.000 2.193
2304.000 2.174
2305.000 2.076
2306.000 1.970
2307.000 1.846
2308.000 1.798
2309.000 1.775
2310.000 1.741
2311.000 1.671
2312.000 1.557
2313.000 1.510
2314.000 1.431
2315.000 1.396
2316.000 1.329
2317.000 1.268
2318.000 1.241
2319.000 1.188
2320.000 1.167
2321.000 1.121
2322.000 1.079
2323.000 1.061
2324.000 1.024
2325.000 1.007
2326.000 0.974
2327.000 0.942
2328.000 0.930
2329.000 0.897
2330.000 0.891
2331.000 0.862
2332.000 0.837
2333.000 0.827
2334.000 0.805
2335.000 0.796
2336.000 0.776
2337.000 0.758
2338.000 0.748
2339.000 0.729
2340.000 0.720
2341.000 0.705
2342.000 0.693
2343.000 0.684
2344.000 0.663
2345.000 0.656
2346.000 0.651
2347.000 0.640
2348.000 0.625
2349.000 0.616
2350.000 0.603
2351.000 0.602
2352.000 0.585
2353.000 0.579
2354.000 0.565
2355.000 0.558
2356.000 0.545
2357.000 0.540
2358.000 0.528
2359.000 0.518
2360.000 0.511
2361.000 0.503
2362.000 0.496
2363.000 0.487
2364.000 0.477
2365.000 0.474
2366.000 0.466
2367.000 0.462
2368.000 0.451
2369.000 0.442
2370.000 0.437
2371.000 0.432
2372.000 0.428
2373.000 0.420
2374.000 0.410
2375.000 0.407
2376.000 0.402
2377.000 0.397
2378.000 0.393
2379.000 0.390
2380.000 0.381
2381.000 0.379
2382.000 0.372
2383.000 0.365
2384.000 0.360
2385.000 0.360
2386.000 0.352
2387.000 0.351
2388.000 0.347
2389.000 0.341
2390.000 0.335
2391.000 0.326
2392.000 0.329
2393.000 0.316
2394.000 0.324
2395.000 0.338
2396.000 0.333
2397.000 0.330
2398.000 0.321
2399.000 0.313
2400.000 0.307
2401.000 0.299
2402.000 0.297
2403.000 0.288
2404.000 0.282
2405.000 0.279
2406.000 0.272
2407.000 0.267
2408.000 0.263
2409.000 0.259
2410.000 0.257
2411.000 0.259
2412.000 0.253
2413.000 0.245
2414.000 0.241
2415.000 0.241
2416.000 0.236
2417.000 0.232
2418.000 0.228
2419.000 0.228
2420.000 0.223
2421.000 0.216
2422.000 0.216
2423.000 0.211
2424.000 0.208
2425.000 0.206
2426.000 0.203
2427.000 0.199
2428.000 0.198
2429.000 0.195
2430.000 0.198
2431.000 0.193
2432.000 0.190
2433.000 0.185
2434.000 0.181
2435.000 0.181
2436.000 0.180
2437.000 0.175
2438.000 0.175
2439.000 0.174
2440.000 0.169
2441.000 0.167
2442.000 0.167
2443.000 0.162
2444.000 0.159
2445.000 0.158
2446.000 0.156
2447.000 0.152
2448.000 0.151
2449.000 0.148
2450.000 0.149
2451.000 0.145
2452.000 0.143
2453.000 0.142
2454.000 0.143
2455.000 0.140
2456.000 0.134
2457.000 0.137
2458.000 0.138
2459.000 0.130
2460.000 0.130
2461.000 0.127
2462.000 0.124
2463.000 0.126
2464.000 0.125
2465.000 0.122
2466.000 0.122
2467.000 0.121
2468.000 0.118
2469.000 0.110
2470.000 0.112
2471.000 0.108
2472.000 0.108
2473.000 0.109
2474.000 0.111
2475.000 0.103
2476.000 0.102
2477.000 0.101
2478.000 0.099
2479.000 0.097
2480.000 0.096
2481.000 0.093
2482.000 0.094
2483.000 0.092
2484.000 0.092
2485.000 0.091
2486.000 0.091
2487.000 0.089
2488.000 0.090
2489.000 0.088
2490.000 0.090
2491.000 0.089
2492.000 0.090
2493.000 0.086
2494.000 0.084
2495.000 0.084
2496.000 0.083
2497.000 0.083
2498.000 0.080
2499.000 0.078
2500.000 0.079
2501.000 0.078
2502.000 0.076
2503.000 0.076
2504.000 0.076
2505.000 0.075
2506.000 0.075
2507.000 0.074
2508.000 0.073
2509.000 0.072
2510.000 0.073
2511.000 0.071
2512.000 0.073
2513.000 0.072
2514.000 0.070
2515.000 0.071
2516.000 0.072
2517.000 0.072
2518.000 0.072
2519.000 0.073
2520.000 0.071
2521.000 0.072
2522.000 0.075
2523.000 0.071
2524.000 0.071
2525.000 0.070
2526.000 0.073
2527.000 0.074
2528.000 0.073
2529.000 0.073
2530.000 0.074
2531.000 0.073
2532.000 0.075
2533.000 0.074
2534.000 0.073
2535.000 0.076
2536.000 0.075
2537.000 0.075
2538.000 0.077
2539.000 0.080
2540.000 0.080
2541.000 0.079
2542.000 0.081
2543.000 0.081
2544.000 0.080
2545.000 0.081
2546.000 0.082
2547.000 0.082
2548.000 0.084
2549.000 0.084
2550.000 0.085
2551.000 0.088
2552.000 0.095
2553.000 0.098
2554.000 0.109
2555.000 0.093
2556.000 0.096
2557.000 0.093
2558.000 0.102
2559.000 0.100
2560.000 0.104
2561.000 0.104
2562.000 0.101
2563.000 0.101
2564.000 0.102
2565.000 0.104
2566.000 0.106
2567.000 0.104
2568.000 0.107
2569.000 0.110
2570.000 0.110
2571.000 0.111
2572.000 0.108
2573.000 0.110
2574.000 0.109
2575.000 0.111
2576.000 0.112
2577.000 0.112
2578.000 0.113
2579.000 0.114
2580.000 0.113
2581.000 0.115
2582.000 0.117
2583.000 0.117
2584.000 0.114
2585.000 0.120
2586.000 0.118
2587.000 0.120
2588.000 0.122
2589.000 0.124
2590.000 0.122
2591.000 0.127
2592.000 0.128
2593.000 0.129
2594.000 0.131
2595.000 0.130
2596.000 0.132
2597.000 0.134
2598.000 0.133
2599.000 0.137
2600.000 0.140
