105.000 0.048
110.000 0.068
115.000 2.658
120.000 2.944
125.000 3.346
130.000 3.517
135.000 3.750
140.000 3.933
145.000 4.023
150.000 3.800
155.000 3.993
160.000 3.792
165.000 3.688
170.000 3.710
175.000 3.643
180.000 3.519
185.000 3.562
190.000 3.493
195.000 3.562
200.000 3.563
205.000 3.662
210.000 3.704
215.000 3.681
220.000 3.800
225.000 3.956
230.000 3.784
235.000 4.231
240.000 4.145
245.000 4.297
250.000 4.238
255.000 4.326
260.000 4.373
265.000 4.447
270.000 4.488
275.000 4.553
280.000 4.668
285.000 4.664
290.000 4.757
295.000 4.780
300.000 4.895
305.000 4.944
310.000 5.068
315.000 5.203
320.000 5.252
325.000 5.425
330.000 5.512
335.000 5.612
340.000 5.747
345.000 5.892
350.000 6.086
355.000 6.215
360.000 6.510
365.000 6.765
370.000 6.959
375.000 7.346
380.000 7.537
385.000 7.919
390.000 8.336
395.000 8.547
400.000 8.909
405.000 9.059
410.000 9.265
415.000 9.339
420.000 9.340
425.000 9.138
430.000 8.992
435.000 8.607
440.000 8.074
445.000 7.725
450.000 7.090
455.000 6.712
460.000 5.907
465.000 5.091
470.000 4.649
475.000 3.897
480.000 3.555
485.000 2.981
490.000 2.507
495.000 2.323
500.000 2.009
505.000 1.871
510.000 1.688
515.000 1.544
520.000 1.491
525.000 1.406
530.000 1.375
535.000 1.299
540.000 1.218
545.000 1.185
550.000 1.116
555.000 1.098
560.000 1.027
565.000 0.969
570.000 0.936
575.000 0.883
580.000 0.858
585.000 0.810
590.000 0.774
595.000 0.756
600.000 0.716
605.000 0.706
610.000 0.689
615.000 0.658
620.000 0.635
625.000 0.625
630.000 0.610
635.000 0.586
640.000 0.573
645.000 0.562
650.000 0.542
655.000 0.532
660.000 0.521
665.000 0.515
670.000 0.501
675.000 0.487
680.000 0.478
685.000 0.492
690.000 0.468
695.000 0.461
700.000 0.449
705.000 0.444
710.000 0.439
715.000 0.431
720.000 0.424
725.000 0.420
730.000 0.416
735.000 0.409
740.000 0.412
745.000 0.396
750.000 0.391
755.000 0.393
760.000 0.385
765.000 0.386
770.000 0.366
775.000 0.376
780.000 0.374
785.000 0.373
790.000 0.374
795.000 0.371
800.000 0.374
805.000 0.368
810.000 0.371
815.000 0.359
820.000 0.361
825.000 0.357
830.000 0.358
835.000 0.350
840.000 0.354
845.000 0.349
850.000 0.345
855.000 0.348
860.000 0.345
865.000 0.340
870.000 0.341
875.000 0.330
880.000 0.342
885.000 0.339
890.000 0.339
895.000 0.338
900.000 0.333
905.000 0.335
910.000 0.333
915.000 0.331
920.000 0.332
925.000 0.333
930.000 0.339
935.000 0.332
940.000 0.334
945.000 0.327
950.000 0.331
955.000 0.331
960.000 0.325
965.000 0.334
970.000 0.324
975.000 0.337
980.000 0.332
985.000 0.323
990.000 0.333
995.000 0.325
1000.000 0.343
1005.000 0.328
1010.000 0.332
1015.000 0.325
1020.000 0.336
1025.000 0.331
1030.000 0.326
1035.000 0.332
1040.000 0.328
1045.000 0.333
1050.000 0.331
1055.000 0.321
1060.000 0.326
1065.000 0.339
1070.000 0.324
1075.000 0.325
1080.000 0.325
1085.000 0.330
1090.000 0.322
1095.000 0.317
1100.000 0.328
1105.000 0.328
1110.000 0.325
1115.000 0.324
1120.000 0.330
1125.000 0.330
1130.000 0.330
1135.000 0.324
1140.000 0.330
1145.000 0.328
1150.000 0.326
1155.000 0.328
1160.000 0.320
1165.000 0.341
1170.000 0.329
1175.000 0.334
1180.000 0.327
1185.000 0.337
1190.000 0.339
1195.000 0.332
1200.000 0.334
1205.000 0.334
1210.000 0.342
1215.000 0.332
1220.000 0.337
1225.000 0.333
1230.000 0.338
1235.000 0.338
1240.000 0.333
1245.000 0.338
1250.000 0.338
1255.000 0.337
1260.000 0.339
1265.000 0.345
1270.000 0.343
1275.000 0.348
1280.000 0.343
1285.000 0.355
1290.000 0.349
1295.000 0.351
1300.000 0.348
1305.000 0.350
1310.000 0.351
1315.000 0.351
1320.000 0.351
1325.000 0.354
1330.000 0.348
1335.000 0.358
1340.000 0.356
1345.000 0.357
1350.000 0.359
1355.000 0.359
1360.000 0.356
1365.000 0.353
1370.000 0.358
1375.000 0.360
1380.000 0.366
1385.000 0.361
1390.000 0.359
1395.000 0.360
1400.000 0.367
1405.000 0.363
1410.000 0.368
1415.000 0.362
1420.000 0.365
1425.000 0.364
1430.000 0.361
1435.000 0.357
1440.000 0.358
1445.000 0.355
1450.000 0.352
1455.000 0.352
1460.000 0.357
1465.000 0.355
1470.000 0.354
1475.000 0.357
1480.000 0.363
1485.000 0.375
1490.000 0.377
1495.000 0.385
1500.000 0.386
1505.000 0.396
1510.000 0.396
1515.000 0.397
1520.000 0.396
1525.000 0.405
1530.000 0.406
1535.000 0.411
1540.000 0.417
1545.000 0.418
1550.000 0.425
1555.000 0.428
1560.000 0.430
1565.000 0.434
1570.000 0.448
1575.000 0.445
1580.000 0.447
1585.000 0.450
1590.000 0.460
1595.000 0.464
1600.000 0.472
1605.000 0.474
1610.000 0.476
1615.000 0.484
1620.000 0.493
1625.000 0.498
1630.000 0.504
1635.000 0.509
1640.000 0.519
1645.000 0.523
1650.000 0.531
1655.000 0.542
1660.000 0.546
1665.000 0.557
1670.000 0.566
1675.000 0.574
1680.000 0.581
1685.000 0.592
1690.000 0.598
1695.000 0.617
1700.000 0.619
1705.000 0.637
1710.000 0.635
1715.000 0.655
1720.000 0.664
1725.000 0.681
1730.000 0.685
1735.000 0.688
1740.000 0.712
1745.000 0.736
1750.000 0.739
1755.000 0.754
1760.000 0.763
1765.000 0.779
1770.000 0.801
1775.000 0.808
1780.000 0.823
1785.000 0.829
1790.000 0.855
1795.000 0.871
1800.000 0.877
1805.000 0.894
1810.000 0.908
1815.000 0.920
1820.000 0.939
1825.000 0.944
1830.000 0.968
1835.000 0.974
1840.000 0.990
1845.000 1.002
1850.000 1.011
1855.000 1.016
1860.000 1.024
1865.000 1.028
1870.000 1.038
1875.000 1.043
1880.000 1.042
1885.000 1.034
1890.000 1.045
1895.000 1.047
1900.000 1.042
1905.000 1.047
1910.000 1.040
1915.000 1.032
1920.000 1.026
1925.000 1.029
1930.000 1.018
1935.000 1.015
1940.000 1.008
1945.000 1.000
1950.000 0.999
1955.000 0.997
1960.000 0.994
1965.000 0.978
1970.000 0.971
1975.000 0.962
1980.000 0.958
1985.000 0.952
1990.000 0.950
1995.000 0.939
2000.000 0.929
2005.000 0.930
2010.000 0.927
2015.000 0.907
2020.000 0.902
2025.000 0.909
2030.000 0.916
2035.000 0.919
2040.000 0.887
2045.000 0.886
2050.000 0.885
2055.000 0.864
2060.000 0.873
2065.000 0.865
2070.000 0.860
2075.000 0.856
2080.000 0.851
2085.000 0.842
2090.000 0.831
2095.000 0.838
2100.000 0.835
2105.000 0.833
2110.000 0.824
2115.000 0.842
2120.000 0.827
2125.000 0.829
2130.000 0.829
2135.000 0.830
2140.000 0.831
2145.000 0.830
2150.000 0.833
2155.000 0.841
2160.000 0.837
2165.000 0.843
2170.000 0.851
2175.000 0.854
2180.000 0.868
2185.000 0.875
2190.000 0.892
2195.000 0.894
2200.000 0.911
2205.000 0.921
2210.000 0.937
2215.000 0.957
2220.000 0.974
2225.000 0.995
2230.000 1.030
2235.000 1.045
2240.000 1.089
2245.000 1.099
2250.000 1.164
2255.000 1.223
2260.000 1.265
2265.000 1.354
2270.000 1.399
2275.000 1.558
2280.000 1.767
2285.000 1.926
2290.000 2.264
2295.000 2.483
2300.000 3.024
2305.000 3.931
2310.000 6.671
2315.000 18.975
2320.000 20.825
2325.000 8.506
2330.000 4.304
2335.000 3.042
2340.000 1.876
2345.000 1.513
2350.000 1.030
2355.000 0.735
2360.000 0.631
2365.000 0.469
2370.000 0.410
2375.000 0.318
2380.000 0.247
2385.000 0.222
2390.000 0.175
2395.000 0.158
2400.000 0.131
2405.000 0.110
2410.000 0.103
2415.000 0.091
2420.000 0.086
2425.000 0.081
2430.000 0.082
2435.000 0.081
2440.000 0.085
2445.000 0.085
2450.000 0.089
2455.000 0.093
2460.000 0.097
2465.000 0.099
2470.000 0.103
2475.000 0.105
2480.000 0.111
2485.000 0.113
2490.000 0.113
2495.000 0.116
2500.000 0.120
2505.000 0.125
2510.000 0.126
2515.000 0.129
2520.000 0.131
2525.000 0.133
2530.000 0.135
2535.000 0.139
2540.000 0.138
2545.000 0.141
2550.000 0.143
2555.000 0.144
2560.000 0.147
2565.000 0.146
2570.000 0.149
2575.000 0.152
2580.000 0.153
2585.000 0.152
2590.000 0.153
2595.000 0.156
2600.000 0.155
2605.000 0.158
2610.000 0.157
2615.000 0.160
2620.000 0.160
2625.000 0.161
2630.000 0.161
2635.000 0.161
2640.000 0.164
2645.000 0.164
2650.000 0.165
2655.000 0.166
2660.000 0.165
2665.000 0.166
2670.000 0.167
2675.000 0.167
2680.000 0.166
2685.000 0.167
2690.000 0.168
2695.000 0.168
2700.000 0.171
2705.000 0.169
2710.000 0.169
2715.000 0.172
2720.000 0.169
2725.000 0.171
2730.000 0.171
2735.000 0.171
2740.000 0.172
2745.000 0.173
2750.000 0.174
2755.000 0.176
2760.000 0.174
2765.000 0.176
2770.000 0.179
2775.000 0.179
2780.000 0.177
2785.000 0.179
2790.000 0.183
2795.000 0.180
2800.000 0.184
2805.000 0.183
2810.000 0.185
2815.000 0.186
2820.000 0.188
2825.000 0.188
2830.000 0.189
2835.000 0.191
2840.000 0.191
2845.000 0.192
2850.000 0.195
2855.000 0.196
2860.000 0.197
2865.000 0.202
2870.000 0.204
2875.000 0.204
2880.000 0.204
2885.000 0.208
2890.000 0.211
2895.000 0.211
2900.000 0.214
2905.000 0.216
2910.000 0.217
2915.000 0.223
2920.000 0.223
2925.000 0.228
2930.000 0.227
2935.000 0.229
2940.000 0.236
2945.000 0.238
2950.000 0.244
2955.000 0.247
2960.000 0.246
2965.000 0.250
2970.000 0.244
2975.000 0.254
2980.000 0.257
2985.000 0.251
2990.000 0.264
2995.000 0.253
3000.000 0.254
3005.000 0.257
3010.000 0.270
3015.000 0.265
3020.000 0.262
3025.000 0.267
3030.000 0.278
3035.000 0.275
3040.000 0.284
3045.000 0.284
3050.000 0.277
3055.000 0.283
3060.000 0.282
3065.000 0.291
3070.000 0.286
3075.000 0.288
3080.000 0.290
3085.000 0.290
3090.000 0.293
3095.000 0.295
3100.000 0.294
3105.000 0.295
3110.000 0.298
3115.000 0.298
3120.000 0.303
3125.000 0.302
3130.000 0.304
3135.000 0.303
3140.000 0.305
3145.000 0.307
3150.000 0.308
3155.000 0.311
3160.000 0.311
3165.000 0.313
3170.000 0.314
3175.000 0.313
3180.000 0.312
3185.000 0.316
3190.000 0.320
3195.000 0.320
3200.000 0.318
3205.000 0.321
3210.000 0.324
3215.000 0.322
3220.000 0.324
3225.000 0.324
3230.000 0.328
3235.000 0.328
3240.000 0.330
3245.000 0.331
3250.000 0.332
3255.000 0.333
3260.000 0.335
3265.000 0.336
3270.000 0.336
3275.000 0.338
3280.000 0.341
3285.000 0.340
3290.000 0.342
3295.000 0.343
3300.000 0.346
3305.000 0.347
3310.000 0.348
3315.000 0.351
3320.000 0.352
3325.000 0.357
3330.000 0.354
3335.000 0.358
3340.000 0.359
3345.000 0.359
3350.000 0.363
3355.000 0.363
3360.000 0.368
3365.000 0.367
3370.000 0.372
3375.000 0.374
3380.000 0.377
3385.000 0.381
3390.000 0.382
3395.000 0.385
3400.000 0.391
3405.000 0.395
3410.000 0.396
3415.000 0.397
3420.000 0.402
3425.000 0.408
3430.000 0.409
3435.000 0.414
3440.000 0.418
3445.000 0.423
3450.000 0.423
3455.000 0.429
3460.000 0.436
3465.000 0.439
3470.000 0.445
3475.000 0.455
3480.000 0.458
3485.000 0.468
3490.000 0.471
3495.000 0.482
3500.000 0.491
3505.000 0.497
3510.000 0.509
3515.000 0.517
3520.000 0.532
3525.000 0.545
3530.000 0.553
3535.000 0.569
3540.000 0.579
3545.000 0.598
3550.000 0.623
3555.000 0.631
3560.000 0.659
3565.000 0.674
3570.000 0.708
3575.000 0.741
3580.000 0.765
3585.000 0.805
3590.000 0.832
3595.000 0.887
3600.000 0.945
3605.000 0.965
3610.000 1.033
3615.000 1.068
3620.000 1.144
3625.000 1.235
3630.000 1.293
3635.000 1.423
3640.000 1.510
3645.000 1.727
3650.000 2.028
3655.000 2.230
3660.000 2.777
3665.000 3.154
3670.000 4.221
3675.000 5.941
3680.000 7.123
3685.000 10.459
3690.000 12.627
3695.000 17.968
3700.000 20.554
3705.000 16.076
3710.000 8.126
3715.000 12.482
3720.000 7.218
3725.000 4.843
3730.000 4.106
3735.000 3.068
3740.000 2.697
3745.000 2.173
3750.000 1.801
3755.000 1.652
3760.000 1.417
3765.000 1.319
3770.000 1.160
3775.000 1.035
3780.000 0.982
3785.000 0.891
3790.000 0.849
3795.000 0.779
3800.000 0.719
3805.000 0.694
3810.000 0.657
3815.000 0.636
3820.000 0.604
3825.000 0.572
3830.000 0.564
3835.000 0.537
3840.000 0.529
3845.000 0.508
3850.000 0.492
3855.000 0.483
3860.000 0.469
3865.000 0.461
3870.000 0.452
3875.000 0.437
3880.000 0.431
3885.000 0.423
3890.000 0.416
3895.000 0.407
3900.000 0.400
3905.000 0.396
3910.000 0.389
3915.000 0.387
3920.000 0.379
3925.000 0.378
3930.000 0.371
3935.000 0.369
3940.000 0.363
3945.000 0.361
3950.000 0.360
3955.000 0.355
3960.000 0.348
3965.000 0.351
3970.000 0.345
3975.000 0.349
3980.000 0.346
3985.000 0.339
3990.000 0.336
3995.000 0.330
4000.000 0.342
4005.000 0.327
4010.000 0.326
4015.000 0.323
4020.000 0.332
4025.000 0.324
4030.000 0.323
4035.000 0.324
4040.000 0.320
4045.000 0.318
4050.000 0.321
4055.000 0.318
4060.000 0.318
4065.000 0.322
4070.000 0.320
4075.000 0.319
4080.000 0.319
4085.000 0.318
4090.000 0.319
4095.000 0.318
4100.000 0.315
4105.000 0.317
4110.000 0.317
4115.000 0.319
4120.000 0.316
4125.000 0.319
4130.000 0.319
4135.000 0.315
4140.000 0.314
4145.000 0.319
4150.000 0.316
4155.000 0.315
4160.000 0.313
4165.000 0.314
4170.000 0.312
4175.000 0.310
4180.000 0.310
4185.000 0.310
4190.000 0.309
4195.000 0.309
4200.000 0.307
4205.000 0.304
4210.000 0.304
4215.000 0.304
4220.000 0.302
4225.000 0.300
4230.000 0.299
4235.000 0.295
4240.000 0.294
4245.000 0.290
4250.000 0.291
4255.000 0.289
4260.000 0.287
4265.000 0.285
4270.000 0.284
4275.000 0.281
4280.000 0.285
4285.000 0.281
4290.000 0.280
4295.000 0.279
4300.000 0.279
4305.000 0.280
4310.000 0.279
4315.000 0.279
4320.000 0.280
4325.000 0.282
4330.000 0.278
4335.000 0.282
4340.000 0.282
4345.000 0.283
4350.000 0.282
4355.000 0.281
4360.000 0.282
4365.000 0.284
4370.000 0.285
4375.000 0.287
4380.000 0.287
4385.000 0.288
4390.000 0.289
4395.000 0.288
4400.000 0.288
4405.000 0.288
4410.000 0.287
4415.000 0.288
4420.000 0.289
4425.000 0.291
4430.000 0.292
4435.000 0.292
4440.000 0.293
4445.000 0.292
4450.000 0.295
4455.000 0.293
4460.000 0.294
4465.000 0.296
4470.000 0.297
4475.000 0.296
4480.000 0.301
4485.000 0.297
4490.000 0.302
4495.000 0.300
4500.000 0.299
4505.000 0.304
4510.000 0.304
4515.000 0.307
4520.000 0.306
4525.000 0.307
4530.000 0.309
4535.000 0.308
4540.000 0.309
4545.000 0.313
4550.000 0.310
4555.000 0.317
4560.000 0.316
4565.000 0.319
4570.000 0.318
4575.000 0.322
4580.000 0.322
4585.000 0.323
4590.000 0.324
4595.000 0.328
4600.000 0.330
4605.000 0.333
4610.000 0.334
4615.000 0.335
4620.000 0.339
4625.000 0.343
4630.000 0.346
4635.000 0.344
4640.000 0.347
4645.000 0.352
4650.000 0.353
4655.000 0.356
4660.000 0.358
4665.000 0.364
4670.000 0.370
4675.000 0.371
4680.000 0.378
4685.000 0.378
4690.000 0.389
4695.000 0.394
4700.000 0.401
4705.000 0.406
4710.000 0.410
4715.000 0.418
4720.000 0.432
4725.000 0.436
4730.000 0.443
4735.000 0.450
4740.000 0.454
4745.000 0.462
4750.000 0.465
4755.000 0.471
4760.000 0.474
4765.000 0.483
4770.000 0.496
4775.000 0.504
4780.000 0.511
4785.000 0.518
4790.000 0.529
4795.000 0.539
4800.000 0.547
4805.000 0.566
4810.000 0.573
4815.000 0.590
4820.000 0.597
4825.000 0.620
4830.000 0.635
4835.000 0.648
4840.000 0.671
4845.000 0.684
4850.000 0.711
4855.000 0.746
4860.000 0.761
4865.000 0.796
4870.000 0.815
4875.000 0.855
4880.000 0.911
4885.000 0.937
4890.000 1.005
4895.000 1.039
4900.000 1.118
4905.000 1.230
4910.000 1.305
4915.000 1.436
4920.000 1.519
4925.000 1.699
4930.000 1.949
4935.000 2.097
4940.000 2.527
4945.000 2.808
4950.000 3.646
4955.000 5.000
4960.000 6.027
4965.000 9.034
4970.000 11.181
4975.000 15.718
4980.000 5.636
4985.000 10.280
4990.000 16.016
4995.000 23.279
5000.000 21.207
5005.000 11.659
5010.000 9.346
5015.000 6.590
5020.000 5.488
5025.000 4.060
5030.000 3.184
5035.000 2.880
5040.000 2.400
5045.000 2.224
5050.000 1.919
5055.000 1.696
5060.000 1.600
5065.000 1.439
5070.000 1.375
5075.000 1.262
5080.000 1.165
5085.000 1.122
5090.000 1.054
5095.000 1.023
5100.000 0.964
5105.000 0.923
5110.000 0.903
5115.000 0.864
5120.000 0.850
5125.000 0.819
5130.000 0.794
5135.000 0.781
5140.000 0.764
5145.000 0.753
5150.000 0.735
5155.000 0.720
5160.000 0.715
5165.000 0.699
5170.000 0.695
5175.000 0.682
5180.000 0.678
5185.000 0.670
5190.000 0.659
5195.000 0.656
5200.000 0.652
5205.000 0.643
5210.000 0.638
5215.000 0.631
5220.000 0.627
5225.000 0.620
5230.000 0.617
5235.000 0.611
5240.000 0.605
5245.000 0.606
5250.000 0.595
5255.000 0.591
5260.000 0.588
5265.000 0.586
5270.000 0.579
5275.000 0.578
5280.000 0.571
5285.000 0.572
5290.000 0.563
5295.000 0.560
5300.000 0.555
5305.000 0.550
5310.000 0.548
5315.000 0.543
5320.000 0.542
5325.000 0.537
5330.000 0.532
5335.000 0.530
5340.000 0.526
5345.000 0.522
5350.000 0.518
5355.000 0.512
5360.000 0.512
5365.000 0.506
5370.000 0.504
5375.000 0.499
5380.000 0.494
5385.000 0.492
5390.000 0.487
5395.000 0.484
5400.000 0.479
5405.000 0.475
5410.000 0.471
5415.000 0.466
5420.000 0.465
5425.000 0.461
5430.000 0.459
5435.000 0.453
5440.000 0.450
5445.000 0.447
5450.000 0.441
5455.000 0.438
5460.000 0.434
5465.000 0.430
5470.000 0.428
5475.000 0.424
5480.000 0.421
5485.000 0.417
5490.000 0.410
5495.000 0.412
5500.000 0.407
5505.000 0.405
5510.000 0.401
5515.000 0.399
5520.000 0.399
5525.000 0.398
5530.000 0.396
5535.000 0.389
5540.000 0.385
5545.000 0.382
5550.000 0.378
5555.000 0.376
5560.000 0.372
5565.000 0.367
5570.000 0.367
5575.000 0.364
5580.000 0.361
5585.000 0.359
5590.000 0.356
5595.000 0.355
5600.000 0.353
5605.000 0.353
5610.000 0.351
5615.000 0.346
5620.000 0.345
5625.000 0.344
5630.000 0.343
5635.000 0.341
5640.000 0.338
5645.000 0.339
5650.000 0.335
5655.000 0.335
5660.000 0.331
5665.000 0.330
5670.000 0.328
5675.000 0.326
5680.000 0.327
5685.000 0.325
5690.000 0.321
5695.000 0.324
5700.000 0.320
5705.000 0.318
5710.000 0.315
5715.000 0.317
5720.000 0.316
5725.000 0.314
5730.000 0.313
5735.000 0.311
5740.000 0.310
5745.000 0.309
5750.000 0.306
5755.000 0.308
5760.000 0.307
5765.000 0.304
5770.000 0.304
5775.000 0.301
5780.000 0.303
5785.000 0.301
5790.000 0.300
5795.000 0.298
5800.000 0.298
5805.000 0.295
5810.000 0.297
5815.000 0.295
5820.000 0.294
5825.000 0.291
5830.000 0.290
5835.000 0.290
5840.000 0.289
5845.000 0.287
5850.000 0.287
5855.000 0.287
5860.000 0.284
5865.000 0.284
5870.000 0.281
5875.000 0.280
5880.000 0.280
5885.000 0.279
5890.000 0.279
5895.000 0.276
5900.000 0.276
5905.000 0.274
5910.000 0.273
5915.000 0.270
5920.000 0.269
5925.000 0.268
5930.000 0.265
5935.000 0.266
5940.000 0.264
5945.000 0.263
5950.000 0.262
5955.000 0.257
5960.000 0.258
5965.000 0.257
5970.000 0.254
5975.000 0.248
5980.000 0.246
5985.000 0.244
5990.000 0.241
5995.000 0.240
6000.000 0.243
6005.000 0.233
6010.000 0.229
6015.000 0.228
6020.000 0.235
6025.000 0.228
6030.000 0.222
6035.000 0.219
6040.000 0.212
6045.000 0.214
6050.000 0.215
6055.000 0.211
6060.000 0.208
6065.000 0.206
6070.000 0.202
6075.000 0.197
6080.000 0.193
6085.000 0.195
6090.000 0.194
6095.000 0.187
6100.000 0.188
6105.000 0.186
6110.000 0.187
6115.000 0.185
6120.000 0.187
6125.000 0.188
6130.000 0.190
6135.000 0.197
6140.000 0.200
6145.000 0.211
6150.000 0.225
6155.000 0.234
6160.000 0.259
6165.000 0.273
6170.000 0.310
6175.000 0.362
6180.000 0.395
6185.000 0.489
6190.000 0.553
6195.000 0.758
6200.000 1.134
6205.000 1.431
6210.000 2.260
6215.000 2.797
6220.000 4.273
6225.000 6.546
6230.000 7.954
6235.000 10.724
6240.000 11.576
6245.000 10.481
6250.000 7.638
6255.000 5.312
6260.000 4.319
6265.000 3.707
6270.000 2.770
6275.000 2.008
6280.000 1.679
6285.000 1.175
6290.000 0.946
6295.000 0.622
6300.000 0.385
6305.000 0.297
6310.000 0.155
6315.000 0.092
6320.000 0.013
6325.000 0.057
6330.000 0.082
6335.000 0.121
6340.000 0.136
6345.000 0.163
6350.000 0.180
6355.000 0.188
6360.000 0.207
6365.000 0.215
6370.000 0.221
6375.000 0.230
6380.000 0.232
6385.000 0.240
6390.000 0.242
6395.000 0.248
6400.000 0.250
6405.000 0.253
6410.000 0.260
6415.000 0.260
6420.000 0.261
6425.000 0.263
6430.000 0.266
6435.000 0.269
6440.000 0.268
6445.000 0.274
6450.000 0.273
6455.000 0.274
6460.000 0.277
6465.000 0.278
6470.000 0.282
6475.000 0.287
6480.000 0.285
6485.000 0.289
6490.000 0.291
6495.000 0.296
6500.000 0.301
6505.000 0.304
6510.000 0.312
6515.000 0.314
6520.000 0.325
6525.000 0.344
6530.000 0.353
6535.000 0.379
6540.000 0.400
6545.000 0.459
6550.000 0.576
6555.000 0.680
6560.000 1.186
6565.000 1.775
6570.000 4.157
6575.000 7.383
6580.000 6.866
6585.000 4.939
6590.000 2.230
6595.000 1.098
6600.000 0.870
6605.000 0.674
6610.000 0.702
6615.000 0.626
6620.000 0.536
6625.000 0.493
6630.000 0.445
6635.000 0.413
6640.000 0.399
6645.000 0.378
6650.000 0.366
6655.000 0.352
6660.000 0.340
6665.000 0.333
6670.000 0.324
6675.000 0.319
6680.000 0.315
6685.000 0.309
6690.000 0.308
6695.000 0.303
6700.000 0.303
6705.000 0.300
6710.000 0.297
6715.000 0.298
6720.000 0.297
6725.000 0.296
6730.000 0.295
6735.000 0.294
6740.000 0.294
6745.000 0.291
6750.000 0.292
6755.000 0.290
6760.000 0.290
6765.000 0.290
6770.000 0.286
6775.000 0.287
6780.000 0.286
6785.000 0.289
6790.000 0.288
6795.000 0.287
6800.000 0.288
6805.000 0.286
6810.000 0.284
6815.000 0.285
6820.000 0.284
6825.000 0.283
6830.000 0.283
6835.000 0.281
6840.000 0.285
6845.000 0.282
6850.000 0.280
6855.000 0.281
6860.000 0.282
6865.000 0.280
6870.000 0.281
6875.000 0.280
6880.000 0.280
6885.000 0.280
6890.000 0.278
6895.000 0.279
6900.000 0.278
6905.000 0.279
6910.000 0.278
6915.000 0.278
6920.000 0.277
6925.000 0.278
6930.000 0.277
6935.000 0.279
6940.000 0.275
6945.000 0.274
6950.000 0.273
6955.000 0.275
6960.000 0.273
6965.000 0.276
6970.000 0.270
6975.000 0.275
6980.000 0.276
6985.000 0.266
6990.000 0.276
6995.000 0.272
7000.000 0.269
7005.000 0.275
7010.000 0.271
7015.000 0.274
7020.000 0.272
7025.000 0.271
7030.000 0.268
7035.000 0.273
7040.000 0.274
7045.000 0.275
7050.000 0.272
7055.000 0.270
7060.000 0.272
7065.000 0.265
7070.000 0.273
7075.000 0.270
7080.000 0.268
7085.000 0.271
7090.000 0.270
7095.000 0.272
7100.000 0.272
7105.000 0.273
7110.000 0.271
7115.000 0.270
7120.000 0.270
7125.000 0.269
7130.000 0.271
7135.000 0.270
7140.000 0.274
7145.000 0.271
7150.000 0.274
7155.000 0.275
7160.000 0.277
7165.000 0.277
7170.000 0.278
7175.000 0.281
7180.000 0.285
7185.000 0.284
7190.000 0.287
7195.000 0.289
7200.000 0.293
7205.000 0.296
7210.000 0.298
7215.000 0.303
7220.000 0.309
7225.000 0.312
7230.000 0.320
7235.000 0.322
7240.000 0.333
7245.000 0.344
7250.000 0.352
7255.000 0.364
7260.000 0.373
7265.000 0.389
7270.000 0.404
7275.000 0.412
7280.000 0.425
7285.000 0.436
7290.000 0.451
7295.000 0.472
7300.000 0.480
7305.000 0.504
7310.000 0.518
7315.000 0.550
7320.000 0.583
7325.000 0.604
7330.000 0.634
7335.000 0.654
7340.000 0.704
7345.000 0.763
7350.000 0.792
7355.000 0.880
7360.000 0.916
7365.000 1.063
7370.000 1.218
7375.000 1.293
7380.000 1.470
7385.000 1.571
7390.000 1.845
7395.000 2.194
7400.000 2.427
7405.000 2.996
7410.000 3.373
7415.000 4.310
7420.000 5.632
7425.000 6.473
7430.000 8.590
7435.000 9.889
7440.000 13.003
7445.000 16.217
7450.000 17.416
7455.000 17.026
7460.000 15.051
7465.000 10.086
7470.000 6.474
7475.000 5.281
7480.000 4.082
7485.000 3.667
7490.000 3.040
7495.000 2.560
7500.000 2.361
7505.000 2.051
7510.000 1.932
7515.000 1.753
7520.000 1.634
7525.000 1.585
7530.000 1.486
7535.000 1.434
7540.000 1.338
7545.000 1.254
7550.000 1.216
7555.000 1.152
7560.000 1.121
7565.000 1.069
7570.000 1.016
7575.000 1.002
7580.000 0.958
7585.000 0.942
7590.000 0.909
7595.000 0.884
7600.000 0.874
7605.000 0.849
7610.000 0.837
7615.000 0.817
7620.000 0.796
7625.000 0.784
7630.000 0.764
7635.000 0.756
7640.000 0.743
7645.000 0.726
7650.000 0.721
7655.000 0.706
7660.000 0.694
7665.000 0.686
7670.000 0.676
7675.000 0.668
7680.000 0.659
7685.000 0.655
7690.000 0.646
7695.000 0.638
7700.000 0.632
7705.000 0.625
7710.000 0.620
7715.000 0.615
7720.000 0.608
7725.000 0.604
7730.000 0.596
7735.000 0.593
7740.000 0.586
7745.000 0.583
7750.000 0.579
7755.000 0.573
7760.000 0.572
7765.000 0.568
7770.000 0.563
7775.000 0.560
7780.000 0.555
7785.000 0.554
7790.000 0.549
7795.000 0.548
7800.000 0.547
7805.000 0.544
7810.000 0.540
7815.000 0.538
7820.000 0.533
7825.000 0.531
7830.000 0.526
7835.000 0.523
7840.000 0.520
7845.000 0.519
7850.000 0.516
7855.000 0.512
7860.000 0.512
7865.000 0.509
7870.000 0.507
7875.000 0.499
7880.000 0.497
7885.000 0.495
7890.000 0.491
7895.000 0.490
7900.000 0.485
7905.000 0.481
7910.000 0.479
7915.000 0.474
7920.000 0.469
7925.000 0.466
7930.000 0.460
7935.000 0.457
7940.000 0.451
7945.000 0.449
7950.000 0.441
7955.000 0.431
7960.000 0.431
7965.000 0.423
7970.000 0.413
7975.000 0.403
7980.000 0.389
7985.000 0.380
7990.000 0.371
7995.000 0.355
8000.000 0.331
8005.000 0.314
8010.000 0.299
8015.000 0.264
8020.000 0.237
8025.000 0.190
8030.000 0.133
8035.000 0.113
8040.000 0.204
8045.000 0.346
8050.000 1.235
8055.000 5.446
8060.000 8.107
8065.000 10.511
8070.000 5.903
8075.000 5.179
8080.000 2.089
8085.000 2.235
8090.000 1.580
8095.000 1.454
8100.000 1.251
8105.000 1.172
8110.000 1.042
8115.000 0.939
8120.000 0.904
8125.000 0.842
8130.000 0.823
8135.000 0.794
8140.000 0.768
8145.000 0.759
8150.000 0.743
8155.000 0.739
8160.000 0.733
8165.000 0.728
8170.000 0.721
8175.000 0.725
8180.000 0.721
8185.000 0.719
8190.000 0.714
8195.000 0.712
8200.000 0.709
8205.000 0.707
8210.000 0.707
8215.000 0.711
8220.000 0.709
8225.000 0.710
8230.000 0.710
8235.000 0.709
8240.000 0.708
8245.000 0.709
8250.000 0.711
8255.000 0.712
8260.000 0.718
8265.000 0.720
8270.000 0.721
8275.000 0.727
8280.000 0.736
8285.000 0.747
8290.000 0.743
8295.000 0.744
8300.000 0.747
8305.000 0.748
8310.000 0.752
8315.000 0.755
8320.000 0.759
8325.000 0.763
8330.000 0.769
8335.000 0.774
8340.000 0.783
8345.000 0.784
8350.000 0.794
8355.000 0.799
8360.000 0.808
8365.000 0.820
8370.000 0.825
8375.000 0.832
8380.000 0.840
8385.000 0.844
8390.000 0.857
8395.000 0.857
8400.000 0.863
8405.000 0.874
8410.000 0.882
8415.000 0.894
8420.000 0.897
8425.000 0.909
8430.000 0.913
8435.000 0.935
8440.000 0.945
8445.000 0.956
8450.000 0.968
8455.000 0.980
8460.000 0.998
8465.000 1.020
8470.000 1.035
8475.000 1.064
8480.000 1.076
8485.000 1.118
8490.000 1.152
8495.000 1.183
8500.000 1.248
8505.000 1.274
8510.000 1.354
8515.000 1.466
8520.000 1.545
8525.000 1.811
8530.000 2.053
8535.000 3.056
8540.000 5.490
8545.000 6.701
8550.000 3.933
8555.000 1.661
8560.000 0.693
8565.000 1.275
8570.000 1.131
8575.000 1.178
8580.000 1.260
8585.000 1.441
8590.000 1.662
8595.000 1.775
8600.000 2.065
8605.000 2.242
8610.000 2.686
8615.000 3.303
8620.000 3.699
8625.000 4.744
8630.000 5.367
8635.000 6.708
8640.000 7.710
8645.000 7.794
8650.000 6.715
8655.000 5.771
8660.000 4.059
8665.000 2.969
8670.000 2.571
8675.000 2.102
8680.000 1.977
8685.000 1.914
8690.000 1.810
8695.000 1.314
8700.000 0.901
8705.000 0.774
8710.000 0.586
8715.000 0.512
8720.000 0.396
8725.000 0.306
8730.000 0.267
8735.000 0.204
8740.000 0.173
8745.000 0.132
8750.000 0.101
8755.000 0.089
8760.000 0.073
8765.000 0.069
8770.000 0.068
8775.000 0.073
8780.000 0.079
8785.000 0.089
8790.000 0.098
8795.000 0.110
8800.000 0.122
8805.000 0.129
8810.000 0.143
8815.000 0.147
8820.000 0.169
8825.000 0.163
8830.000 0.174
8835.000 0.193
8840.000 0.199
8845.000 0.194
8850.000 0.211
8855.000 0.214
8860.000 0.223
8865.000 0.229
8870.000 0.238
8875.000 0.248
8880.000 0.252
8885.000 0.258
8890.000 0.263
8895.000 0.275
8900.000 0.281
8905.000 0.285
8910.000 0.292
8915.000 0.293
8920.000 0.295
8925.000 0.299
8930.000 0.304
8935.000 0.308
8940.000 0.313
8945.000 0.316
8950.000 0.321
8955.000 0.323
8960.000 0.326
8965.000 0.332
8970.000 0.331
8975.000 0.343
8980.000 0.342
8985.000 0.342
8990.000 0.344
8995.000 0.347
9000.000 0.357
9005.000 0.354
9010.000 0.359
9015.000 0.358
9020.000 0.368
9025.000 0.369
9030.000 0.377
9035.000 0.373
9040.000 0.373
9045.000 0.379
9050.000 0.390
9055.000 0.390
9060.000 0.396
9065.000 0.395
9070.000 0.399
9075.000 0.402
9080.000 0.402
9085.000 0.410
9090.000 0.408
9095.000 0.413
9100.000 0.420
9105.000 0.419
9110.000 0.421
9115.000 0.426
9120.000 0.428
9125.000 0.438
9130.000 0.439
9135.000 0.441
9140.000 0.443
9145.000 0.448
9150.000 0.450
9155.000 0.452
9160.000 0.457
9165.000 0.460
9170.000 0.464
9175.000 0.472
9180.000 0.473
9185.000 0.478
9190.000 0.478
9195.000 0.487
9200.000 0.491
9205.000 0.490
9210.000 0.498
9215.000 0.498
9220.000 0.501
9225.000 0.504
9230.000 0.510
9235.000 0.527
9240.000 0.522
9245.000 0.527
9250.000 0.529
9255.000 0.527
9260.000 0.527
9265.000 0.526
9270.000 0.532
9275.000 0.535
9280.000 0.541
9285.000 0.548
9290.000 0.549
9295.000 0.554
9300.000 0.557
9305.000 0.563
9310.000 0.569
9315.000 0.574
9320.000 0.581
9325.000 0.584
9330.000 0.591
9335.000 0.598
9340.000 0.600
9345.000 0.608
9350.000 0.615
9355.000 0.626
9360.000 0.637
9365.000 0.640
9370.000 0.655
9375.000 0.663
9380.000 0.674
9385.000 0.690
9390.000 0.700
9395.000 0.723
9400.000 0.729
9405.000 0.750
9410.000 0.785
9415.000 0.802
9420.000 0.836
9425.000 0.857
9430.000 0.912
9435.000 0.978
9440.000 1.015
9445.000 1.113
9450.000 1.184
9455.000 1.389
9460.000 1.770
9465.000 2.085
9470.000 3.251
9475.000 4.237
9480.000 6.814
9485.000 7.868
9490.000 6.056
9495.000 2.594
9500.000 1.276
9505.000 0.960
9510.000 0.445
9515.000 0.295
9520.000 0.180
9525.000 0.140
9530.000 0.105
9535.000 0.113
9540.000 0.125
9545.000 0.147
9550.000 0.155
9555.000 0.176
9560.000 0.201
9565.000 0.208
9570.000 0.222
9575.000 0.228
9580.000 0.241
9585.000 0.258
9590.000 0.265
9595.000 0.276
9600.000 0.284
9605.000 0.298
9610.000 0.309
9615.000 0.319
9620.000 0.333
9625.000 0.340
9630.000 0.357
9635.000 0.371
9640.000 0.381
9645.000 0.399
9650.000 0.406
9655.000 0.424
9660.000 0.447
9665.000 0.459
9670.000 0.477
9675.000 0.484
9680.000 0.499
9685.000 0.519
9690.000 0.528
9695.000 0.548
9700.000 0.564
9705.000 0.584
9710.000 0.610
9715.000 0.625
9720.000 0.651
9725.000 0.667
9730.000 0.696
9735.000 0.727
9740.000 0.746
9745.000 0.786
9750.000 0.811
9755.000 0.863
9760.000 0.919
9765.000 0.952
9770.000 1.038
9775.000 1.087
9780.000 1.208
9785.000 1.390
9790.000 1.504
9795.000 1.804
9800.000 2.007
9805.000 2.511
9810.000 3.134
9815.000 3.427
9820.000 3.572
9825.000 3.383
9830.000 2.675
9835.000 1.912
9840.000 1.610
9845.000 1.156
9850.000 0.984
9855.000 0.707
9860.000 0.601
9865.000 0.431
9870.000 0.310
9875.000 0.281
9880.000 0.239
9885.000 0.190
9890.000 0.038
9895.000 0.067
9900.000 0.087
9905.000 0.103
9910.000 0.105
9915.000 0.104
9920.000 0.102
9925.000 0.101
9930.000 0.101
9935.000 0.098
9940.000 0.097
9945.000 0.097
9950.000 0.099
9955.000 0.097
9960.000 0.100
9965.000 0.101
9970.000 0.106
9975.000 0.109
9980.000 0.110
9985.000 0.112
9990.000 0.111
9995.000 0.113
10000.000 0.119
