105.000 0.057
110.000 0.687
115.000 2.284
120.000 2.965
125.000 3.440
130.000 3.588
135.000 3.804
140.000 3.860
145.000 3.927
150.000 3.983
155.000 3.999
160.000 3.761
165.000 3.753
170.000 3.716
175.000 3.638
180.000 3.630
185.000 3.560
190.000 3.676
195.000 3.633
200.000 3.684
205.000 3.752
210.000 3.798
215.000 3.860
220.000 3.961
225.000 4.013
230.000 4.040
235.000 4.089
240.000 4.221
245.000 4.339
250.000 4.292
255.000 4.341
260.000 4.419
265.000 4.591
270.000 4.637
275.000 4.746
280.000 4.697
285.000 4.761
290.000 4.816
295.000 4.938
300.000 5.069
305.000 5.084
310.000 5.258
315.000 5.260
320.000 5.443
325.000 5.642
330.000 5.725
335.000 5.851
340.000 5.937
345.000 6.128
350.000 6.349
355.000 6.458
360.000 6.765
365.000 6.895
370.000 7.207
375.000 7.577
380.000 7.799
385.000 8.226
390.000 8.389
395.000 8.805
400.000 9.004
405.000 9.308
410.000 9.520
415.000 9.564
420.000 9.581
425.000 9.538
430.000 9.235
435.000 8.796
440.000 8.536
445.000 8.003
450.000 7.698
455.000 7.058
460.000 6.445
465.000 6.086
470.000 5.361
475.000 5.003
480.000 4.260
485.000 3.607
490.000 3.304
495.000 2.797
500.000 2.587
505.000 2.207
510.000 1.918
515.000 1.783
520.000 1.596
525.000 1.516
530.000 1.390
535.000 1.327
540.000 1.294
545.000 1.218
550.000 1.183
555.000 1.116
560.000 1.051
565.000 1.016
570.000 0.950
575.000 0.925
580.000 0.881
585.000 0.834
590.000 0.816
595.000 0.775
600.000 0.762
605.000 0.726
610.000 0.702
615.000 0.679
620.000 0.660
625.000 0.654
630.000 0.631
635.000 0.608
640.000 0.596
645.000 0.580
650.000 0.577
655.000 0.554
660.000 0.542
665.000 0.545
670.000 0.525
675.000 0.511
680.000 0.502
685.000 0.490
690.000 0.486
695.000 0.475
700.000 0.474
705.000 0.462
710.000 0.456
715.000 0.453
720.000 0.435
725.000 0.442
730.000 0.424
735.000 0.418
740.000 0.416
745.000 0.415
750.000 0.410
755.000 0.408
760.000 0.400
765.000 0.390
770.000 0.393
775.000 0.394
780.000 0.388
785.000 0.391
790.000 0.372
795.000 0.388
800.000 0.384
805.000 0.379
810.000 0.373
815.000 0.374
820.000 0.366
825.000 0.371
830.000 0.364
835.000 0.362
840.000 0.355
845.000 0.353
850.000 0.358
855.000 0.353
860.000 0.350
865.000 0.348
870.000 0.348
875.000 0.350
880.000 0.349
885.000 0.358
890.000 0.350
895.000 0.345
900.000 0.340
905.000 0.341
910.000 0.343
915.000 0.340
920.000 0.334
925.000 0.343
930.000 0.337
935.000 0.340
940.000 0.336
945.000 0.333
950.000 0.335
955.000 0.337
960.000 0.332
965.000 0.341
970.000 0.336
975.000 0.337
980.000 0.339
985.000 0.340
990.000 0.328
995.000 0.321
1000.000 0.350
1005.000 0.326
1010.000 0.327
1015.000 0.325
1020.000 0.334
1025.000 0.328
1030.000 0.328
1035.000 0.334
1040.000 0.339
1045.000 0.336
1050.000 0.336
1055.000 0.332
1060.000 0.331
1065.000 0.330
1070.000 0.334
1075.000 0.335
1080.000 0.328
1085.000 0.324
1090.000 0.332
1095.000 0.322
1100.000 0.333
1105.000 0.331
1110.000 0.331
1115.000 0.329
1120.000 0.332
1125.000 0.332
1130.000 0.331
1135.000 0.332
1140.000 0.335
1145.000 0.337
1150.000 0.336
1155.000 0.336
1160.000 0.337
1165.000 0.334
1170.000 0.336
1175.000 0.335
1180.000 0.337
1185.000 0.339
1190.000 0.337
1195.000 0.339
1200.000 0.334
1205.000 0.339
1210.000 0.340
1215.000 0.337
1220.000 0.342
1225.000 0.340
1230.000 0.339
1235.000 0.342
1240.000 0.345
1245.000 0.346
1250.000 0.344
1255.000 0.347
1260.000 0.345
1265.000 0.352
1270.000 0.349
1275.000 0.352
1280.000 0.357
1285.000 0.353
1290.000 0.357
1295.000 0.351
1300.000 0.359
1305.000 0.362
1310.000 0.364
1315.000 0.370
1320.000 0.367
1325.000 0.364
1330.000 0.366
1335.000 0.368
1340.000 0.370
1345.000 0.370
1350.000 0.377
1355.000 0.375
1360.000 0.374
1365.000 0.376
1370.000 0.378
1375.000 0.380
1380.000 0.379
1385.000 0.385
1390.000 0.383
1395.000 0.383
1400.000 0.385
1405.000 0.387
1410.000 0.386
1415.000 0.383
1420.000 0.381
1425.000 0.385
1430.000 0.386
1435.000 0.382
1440.000 0.380
1445.000 0.377
1450.000 0.377
1455.000 0.375
1460.000 0.378
1465.000 0.382
1470.000 0.383
1475.000 0.388
1480.000 0.398
1485.000 0.403
1490.000 0.410
1495.000 0.411
1500.000 0.419
1505.000 0.428
1510.000 0.429
1515.000 0.435
1520.000 0.440
1525.000 0.450
1530.000 0.460
1535.000 0.465
1540.000 0.470
1545.000 0.472
1550.000 0.482
1555.000 0.490
1560.000 0.491
1565.000 0.506
1570.000 0.505
1575.000 0.519
1580.000 0.522
1585.000 0.521
1590.000 0.534
1595.000 0.540
1600.000 0.553
1605.000 0.568
1610.000 0.577
1615.000 0.580
1620.000 0.586
1625.000 0.604
1630.000 0.613
1635.000 0.622
1640.000 0.640
1645.000 0.644
1650.000 0.655
1655.000 0.672
1660.000 0.679
1665.000 0.695
1670.000 0.708
1675.000 0.720
1680.000 0.737
1685.000 0.754
1690.000 0.777
1695.000 0.783
1700.000 0.789
1705.000 0.817
1710.000 0.833
1715.000 0.851
1720.000 0.864
1725.000 0.887
1730.000 0.906
1735.000 0.924
1740.000 0.947
1745.000 0.961
1750.000 0.989
1755.000 1.022
1760.000 1.041
1765.000 1.067
1770.000 1.084
1775.000 1.110
1780.000 1.140
1785.000 1.155
1790.000 1.177
1795.000 1.199
1800.000 1.219
1805.000 1.255
1810.000 1.267
1815.000 1.290
1820.000 1.306
1825.000 1.330
1830.000 1.363
1835.000 1.374
1840.000 1.404
1845.000 1.415
1850.000 1.441
1855.000 1.456
1860.000 1.467
1865.000 1.478
1870.000 1.486
1875.000 1.508
1880.000 1.509
1885.000 1.521
1890.000 1.526
1895.000 1.535
1900.000 1.542
1905.000 1.538
1910.000 1.538
1915.000 1.530
1920.000 1.530
1925.000 1.529
1930.000 1.531
1935.000 1.524
1940.000 1.521
1945.000 1.514
1950.000 1.516
1955.000 1.507
1960.000 1.494
1965.000 1.499
1970.000 1.477
1975.000 1.478
1980.000 1.474
1985.000 1.463
1990.000 1.461
1995.000 1.449
2000.000 1.444
2005.000 1.454
2010.000 1.453
2015.000 1.436
2020.000 1.416
2025.000 1.424
2030.000 1.413
2035.000 1.424
2040.000 1.406
2045.000 1.408
2050.000 1.405
2055.000 1.397
2060.000 1.395
2065.000 1.390
2070.000 1.392
2075.000 1.401
2080.000 1.392
2085.000 1.394
2090.000 1.394
2095.000 1.404
2100.000 1.412
2105.000 1.413
2110.000 1.413
2115.000 1.424
2120.000 1.425
2125.000 1.435
2130.000 1.439
2135.000 1.455
2140.000 1.469
2145.000 1.473
2150.000 1.498
2155.000 1.506
2160.000 1.532
2165.000 1.552
2170.000 1.570
2175.000 1.600
2180.000 1.614
2185.000 1.654
2190.000 1.704
2195.000 1.726
2200.000 1.770
2205.000 1.803
2210.000 1.859
2215.000 1.927
2220.000 1.967
2225.000 2.061
2230.000 2.110
2235.000 2.225
2240.000 2.353
2245.000 2.432
2250.000 2.615
2255.000 2.723
2260.000 3.011
2265.000 3.430
2270.000 3.711
2275.000 4.520
2280.000 5.085
2285.000 6.872
2290.000 10.108
2295.000 12.511
2300.000 18.952
2305.000 22.835
2310.000 29.557
2315.000 26.365
2320.000 23.264
2325.000 13.227
2330.000 10.534
2335.000 6.290
2340.000 4.345
2345.000 3.681
2350.000 2.774
2355.000 2.430
2360.000 1.915
2365.000 1.541
2370.000 1.394
2375.000 1.159
2380.000 1.055
2385.000 0.897
2390.000 0.768
2395.000 0.719
2400.000 0.628
2405.000 0.588
2410.000 0.521
2415.000 0.463
2420.000 0.438
2425.000 0.390
2430.000 0.371
2435.000 0.335
2440.000 0.303
2445.000 0.289
2450.000 0.264
2455.000 0.251
2460.000 0.228
2465.000 0.217
2470.000 0.199
2475.000 0.183
2480.000 0.172
2485.000 0.161
2490.000 0.154
2495.000 0.142
2500.000 0.136
2505.000 0.131
2510.000 0.126
2515.000 0.122
2520.000 0.116
2525.000 0.115
2530.000 0.110
2535.000 0.111
2540.000 0.111
2545.000 0.108
2550.000 0.108
2555.000 0.109
2560.000 0.111
2565.000 0.111
2570.000 0.118
2575.000 0.118
2580.000 0.118
2585.000 0.123
2590.000 0.124
2595.000 0.128
2600.000 0.131
2605.000 0.136
2610.000 0.139
2615.000 0.141
2620.000 0.146
2625.000 0.150
2630.000 0.152
2635.000 0.157
2640.000 0.160
2645.000 0.164
2650.000 0.172
2655.000 0.175
2660.000 0.180
2665.000 0.182
2670.000 0.186
2675.000 0.191
2680.000 0.195
2685.000 0.199
2690.000 0.203
2695.000 0.210
2700.000 0.215
2705.000 0.219
2710.000 0.223
2715.000 0.228
2720.000 0.235
2725.000 0.240
2730.000 0.243
2735.000 0.251
2740.000 0.254
2745.000 0.260
2750.000 0.268
2755.000 0.273
2760.000 0.281
2765.000 0.282
2770.000 0.291
2775.000 0.297
2780.000 0.302
2785.000 0.310
2790.000 0.314
2795.000 0.323
2800.000 0.330
2805.000 0.333
2810.000 0.341
2815.000 0.347
2820.000 0.355
2825.000 0.361
2830.000 0.367
2835.000 0.375
2840.000 0.378
2845.000 0.384
2850.000 0.394
2855.000 0.399
2860.000 0.407
2865.000 0.413
2870.000 0.423
2875.000 0.433
2880.000 0.436
2885.000 0.446
2890.000 0.448
2895.000 0.454
2900.000 0.460
2905.000 0.465
2910.000 0.467
2915.000 0.471
2920.000 0.478
2925.000 0.481
2930.000 0.485
2935.000 0.487
2940.000 0.490
2945.000 0.497
2950.000 0.507
2955.000 0.507
2960.000 0.505
2965.000 0.505
2970.000 0.507
2975.000 0.514
2980.000 0.515
2985.000 0.511
2990.000 0.522
2995.000 0.515
3000.000 0.528
3005.000 0.520
3010.000 0.516
3015.000 0.518
3020.000 0.535
3025.000 0.528
3030.000 0.526
3035.000 0.528
3040.000 0.522
3045.000 0.524
3050.000 0.534
3055.000 0.530
3060.000 0.530
3065.000 0.535
3070.000 0.530
3075.000 0.528
3080.000 0.530
3085.000 0.532
3090.000 0.529
3095.000 0.529
3100.000 0.528
3105.000 0.531
3110.000 0.527
3115.000 0.527
3120.000 0.530
3125.000 0.529
3130.000 0.530
3135.000 0.532
3140.000 0.532
3145.000 0.532
3150.000 0.533
3155.000 0.536
3160.000 0.536
3165.000 0.536
3170.000 0.538
3175.000 0.539
3180.000 0.540
3185.000 0.539
3190.000 0.539
3195.000 0.540
3200.000 0.543
3205.000 0.541
3210.000 0.543
3215.000 0.546
3220.000 0.547
3225.000 0.548
3230.000 0.550
3235.000 0.556
3240.000 0.555
3245.000 0.556
3250.000 0.561
3255.000 0.563
3260.000 0.565
3265.000 0.565
3270.000 0.567
3275.000 0.570
3280.000 0.575
3285.000 0.579
3290.000 0.581
3295.000 0.583
3300.000 0.586
3305.000 0.589
3310.000 0.591
3315.000 0.597
3320.000 0.599
3325.000 0.601
3330.000 0.608
3335.000 0.613
3340.000 0.613
3345.000 0.618
3350.000 0.624
3355.000 0.632
3360.000 0.635
3365.000 0.640
3370.000 0.645
3375.000 0.651
3380.000 0.656
3385.000 0.667
3390.000 0.670
3395.000 0.682
3400.000 0.685
3405.000 0.700
3410.000 0.712
3415.000 0.715
3420.000 0.720
3425.000 0.727
3430.000 0.736
3435.000 0.748
3440.000 0.757
3445.000 0.770
3450.000 0.776
3455.000 0.791
3460.000 0.806
3465.000 0.817
3470.000 0.837
3475.000 0.846
3480.000 0.866
3485.000 0.890
3490.000 0.901
3495.000 0.928
3500.000 0.937
3505.000 0.967
3510.000 0.995
3515.000 1.012
3520.000 1.047
3525.000 1.069
3530.000 1.108
3535.000 1.156
3540.000 1.177
3545.000 1.231
3550.000 1.258
3555.000 1.331
3560.000 1.401
3565.000 1.441
3570.000 1.501
3575.000 1.530
3580.000 1.597
3585.000 1.674
3590.000 1.714
3595.000 1.802
3600.000 1.851
3605.000 1.961
3610.000 2.086
3615.000 2.151
3620.000 2.307
3625.000 2.395
3630.000 2.601
3635.000 2.869
3640.000 3.028
3645.000 3.452
3650.000 3.699
3655.000 4.335
3660.000 4.766
3665.000 5.890
3670.000 7.627
3675.000 8.840
3680.000 12.301
3685.000 14.637
3690.000 20.738
3695.000 29.062
3700.000 34.137
3705.000 42.570
3710.000 43.483
3715.000 32.992
3720.000 17.958
3725.000 14.451
3730.000 9.840
3735.000 8.294
3740.000 6.215
3745.000 4.896
3750.000 4.395
3755.000 3.605
3760.000 3.291
3765.000 2.803
3770.000 2.421
3775.000 2.265
3780.000 2.007
3785.000 1.902
3790.000 1.713
3795.000 1.562
3800.000 1.495
3805.000 1.380
3810.000 1.327
3815.000 1.242
3820.000 1.160
3825.000 1.125
3830.000 1.063
3835.000 1.032
3840.000 0.981
3845.000 0.935
3850.000 0.912
3855.000 0.875
3860.000 0.856
3865.000 0.823
3870.000 0.791
3875.000 0.776
3880.000 0.749
3885.000 0.736
3890.000 0.716
3895.000 0.694
3900.000 0.683
3905.000 0.663
3910.000 0.654
3915.000 0.634
3920.000 0.621
3925.000 0.613
3930.000 0.598
3935.000 0.590
3940.000 0.578
3945.000 0.563
3950.000 0.556
3955.000 0.546
3960.000 0.544
3965.000 0.532
3970.000 0.518
3975.000 0.513
3980.000 0.503
3985.000 0.496
3990.000 0.498
3995.000 0.491
4000.000 0.478
4005.000 0.478
4010.000 0.477
4015.000 0.469
4020.000 0.460
4025.000 0.463
4030.000 0.454
4035.000 0.449
4040.000 0.434
4045.000 0.429
4050.000 0.433
4055.000 0.422
4060.000 0.426
4065.000 0.420
4070.000 0.413
4075.000 0.411
4080.000 0.408
4085.000 0.404
4090.000 0.399
4095.000 0.394
4100.000 0.394
4105.000 0.387
4110.000 0.387
4115.000 0.382
4120.000 0.379
4125.000 0.374
4130.000 0.371
4135.000 0.368
4140.000 0.365
4145.000 0.359
4150.000 0.357
4155.000 0.351
4160.000 0.351
4165.000 0.346
4170.000 0.343
4175.000 0.341
4180.000 0.336
4185.000 0.335
4190.000 0.331
4195.000 0.328
4200.000 0.325
4205.000 0.322
4210.000 0.319
4215.000 0.317
4220.000 0.315
4225.000 0.313
4230.000 0.310
4235.000 0.310
4240.000 0.311
4245.000 0.309
4250.000 0.309
4255.000 0.310
4260.000 0.311
4265.000 0.311
4270.000 0.311
4275.000 0.314
4280.000 0.313
4285.000 0.315
4290.000 0.314
4295.000 0.316
4300.000 0.317
4305.000 0.316
4310.000 0.318
4315.000 0.317
4320.000 0.319
4325.000 0.319
4330.000 0.321
4335.000 0.320
4340.000 0.320
4345.000 0.321
4350.000 0.320
4355.000 0.320
4360.000 0.319
4365.000 0.320
4370.000 0.322
4375.000 0.320
4380.000 0.321
4385.000 0.321
4390.000 0.321
4395.000 0.321
4400.000 0.321
4405.000 0.320
4410.000 0.320
4415.000 0.323
4420.000 0.323
4425.000 0.324
4430.000 0.324
4435.000 0.323
4440.000 0.322
4445.000 0.323
4450.000 0.323
4455.000 0.324
4460.000 0.324
4465.000 0.325
4470.000 0.326
4475.000 0.324
4480.000 0.327
4485.000 0.327
4490.000 0.327
4495.000 0.327
4500.000 0.328
4505.000 0.329
4510.000 0.329
4515.000 0.329
4520.000 0.329
4525.000 0.330
4530.000 0.330
4535.000 0.331
4540.000 0.330
4545.000 0.332
4550.000 0.333
4555.000 0.332
4560.000 0.333
4565.000 0.334
4570.000 0.335
4575.000 0.336
4580.000 0.336
4585.000 0.339
4590.000 0.339
4595.000 0.339
4600.000 0.341
4605.000 0.343
4610.000 0.344
4615.000 0.347
4620.000 0.345
4625.000 0.346
4630.000 0.348
4635.000 0.350
4640.000 0.352
4645.000 0.353
4650.000 0.356
4655.000 0.355
4660.000 0.358
4665.000 0.361
4670.000 0.362
4675.000 0.365
4680.000 0.365
4685.000 0.369
4690.000 0.370
4695.000 0.372
4700.000 0.376
4705.000 0.377
4710.000 0.379
4715.000 0.383
4720.000 0.384
4725.000 0.387
4730.000 0.390
4735.000 0.393
4740.000 0.397
4745.000 0.400
4750.000 0.404
4755.000 0.408
4760.000 0.411
4765.000 0.417
4770.000 0.419
4775.000 0.425
4780.000 0.430
4785.000 0.436
4790.000 0.442
4795.000 0.447
4800.000 0.453
4805.000 0.459
4810.000 0.468
4815.000 0.477
4820.000 0.481
4825.000 0.489
4830.000 0.496
4835.000 0.509
4840.000 0.524
4845.000 0.531
4850.000 0.549
4855.000 0.556
4860.000 0.575
4865.000 0.596
4870.000 0.605
4875.000 0.633
4880.000 0.646
4885.000 0.677
4890.000 0.718
4895.000 0.738
4900.000 0.787
4905.000 0.820
4910.000 0.885
4915.000 0.992
4920.000 1.043
4925.000 1.144
4930.000 1.179
4935.000 1.256
4940.000 1.344
4945.000 1.397
4950.000 1.504
4955.000 1.546
4960.000 1.560
4965.000 1.457
4970.000 1.694
4975.000 11.289
4980.000 19.257
4985.000 14.002
4990.000 19.341
4995.000 22.729
5000.000 19.090
5005.000 13.892
5010.000 7.917
5015.000 5.325
5020.000 4.267
5025.000 3.003
5030.000 2.600
5035.000 1.993
5040.000 1.574
5045.000 1.416
5050.000 1.183
5055.000 1.093
5060.000 0.944
5065.000 0.823
5070.000 0.779
5075.000 0.699
5080.000 0.664
5085.000 0.602
5090.000 0.554
5095.000 0.537
5100.000 0.499
5105.000 0.484
5110.000 0.458
5115.000 0.432
5120.000 0.423
5125.000 0.404
5130.000 0.397
5135.000 0.382
5140.000 0.372
5145.000 0.362
5150.000 0.351
5155.000 0.345
5160.000 0.336
5165.000 0.331
5170.000 0.324
5175.000 0.317
5180.000 0.313
5185.000 0.310
5190.000 0.307
5195.000 0.302
5200.000 0.301
5205.000 0.301
5210.000 0.297
5215.000 0.294
5220.000 0.291
5225.000 0.290
5230.000 0.288
5235.000 0.288
5240.000 0.285
5245.000 0.285
5250.000 0.284
5255.000 0.285
5260.000 0.283
5265.000 0.284
5270.000 0.284
5275.000 0.285
5280.000 0.285
5285.000 0.287
5290.000 0.285
5295.000 0.286
5300.000 0.286
5305.000 0.286
5310.000 0.286
5315.000 0.286
5320.000 0.289
5325.000 0.291
5330.000 0.292
5335.000 0.291
5340.000 0.291
5345.000 0.294
5350.000 0.294
5355.000 0.296
5360.000 0.298
5365.000 0.297
5370.000 0.300
5375.000 0.300
5380.000 0.302
5385.000 0.302
5390.000 0.305
5395.000 0.305
5400.000 0.308
5405.000 0.307
5410.000 0.308
5415.000 0.308
5420.000 0.311
5425.000 0.311
5430.000 0.313
5435.000 0.314
5440.000 0.313
5445.000 0.313
5450.000 0.316
5455.000 0.314
5460.000 0.318
5465.000 0.319
5470.000 0.319
5475.000 0.320
5480.000 0.319
5485.000 0.320
5490.000 0.321
5495.000 0.323
5500.000 0.326
5505.000 0.326
5510.000 0.326
5515.000 0.327
5520.000 0.327
5525.000 0.332
5530.000 0.333
5535.000 0.331
5540.000 0.331
5545.000 0.329
5550.000 0.330
5555.000 0.331
5560.000 0.331
5565.000 0.332
5570.000 0.333
5575.000 0.333
5580.000 0.333
5585.000 0.334
5590.000 0.334
5595.000 0.333
5600.000 0.333
5605.000 0.334
5610.000 0.336
5615.000 0.335
5620.000 0.335
5625.000 0.338
5630.000 0.339
5635.000 0.338
5640.000 0.340
5645.000 0.340
5650.000 0.346
5655.000 0.345
5660.000 0.345
5665.000 0.344
5670.000 0.343
5675.000 0.342
5680.000 0.346
5685.000 0.344
5690.000 0.345
5695.000 0.346
5700.000 0.346
5705.000 0.346
5710.000 0.347
5715.000 0.347
5720.000 0.349
5725.000 0.349
5730.000 0.351
5735.000 0.350
5740.000 0.352
5745.000 0.352
5750.000 0.352
5755.000 0.355
5760.000 0.356
5765.000 0.358
5770.000 0.357
5775.000 0.358
5780.000 0.358
5785.000 0.360
5790.000 0.359
5795.000 0.360
5800.000 0.363
5805.000 0.364
5810.000 0.364
5815.000 0.368
5820.000 0.371
5825.000 0.370
5830.000 0.372
5835.000 0.371
5840.000 0.372
5845.000 0.376
5850.000 0.375
5855.000 0.376
5860.000 0.378
5865.000 0.379
5870.000 0.383
5875.000 0.384
5880.000 0.386
5885.000 0.389
5890.000 0.390
5895.000 0.392
5900.000 0.396
5905.000 0.395
5910.000 0.400
5915.000 0.400
5920.000 0.405
5925.000 0.405
5930.000 0.409
5935.000 0.413
5940.000 0.414
5945.000 0.416
5950.000 0.419
5955.000 0.430
5960.000 0.428
5965.000 0.430
5970.000 0.431
5975.000 0.436
5980.000 0.443
5985.000 0.442
5990.000 0.453
5995.000 0.454
6000.000 0.458
6005.000 0.466
6010.000 0.467
6015.000 0.472
6020.000 0.488
6025.000 0.479
6030.000 0.488
6035.000 0.507
6040.000 0.507
6045.000 0.518
6050.000 0.526
6055.000 0.524
6060.000 0.536
6065.000 0.546
6070.000 0.553
6075.000 0.560
6080.000 0.572
6085.000 0.586
6090.000 0.595
6095.000 0.609
6100.000 0.615
6105.000 0.628
6110.000 0.651
6115.000 0.656
6120.000 0.675
6125.000 0.680
6130.000 0.696
6135.000 0.712
6140.000 0.719
6145.000 0.734
6150.000 0.744
6155.000 0.764
6160.000 0.784
6165.000 0.793
6170.000 0.813
6175.000 0.828
6180.000 0.859
6185.000 0.889
6190.000 0.904
6195.000 0.931
6200.000 0.943
6205.000 0.965
6210.000 0.955
6215.000 0.918
6220.000 0.730
6225.000 0.528
6230.000 0.423
6235.000 4.389
6240.000 6.959
6245.000 8.327
6250.000 7.369
6255.000 4.513
6260.000 2.931
6265.000 2.691
6270.000 2.552
6275.000 2.542
6280.000 2.489
6285.000 2.348
6290.000 2.245
6295.000 2.014
6300.000 1.885
6305.000 1.633
6310.000 1.407
6315.000 1.316
6320.000 1.130
6325.000 1.051
6330.000 0.912
6335.000 0.856
6340.000 0.773
6345.000 0.714
6350.000 0.690
6355.000 0.652
6360.000 0.635
6365.000 0.607
6370.000 0.582
6375.000 0.567
6380.000 0.536
6385.000 0.525
6390.000 0.505
6395.000 0.484
6400.000 0.476
6405.000 0.461
6410.000 0.459
6415.000 0.446
6420.000 0.442
6425.000 0.437
6430.000 0.433
6435.000 0.430
6440.000 0.431
6445.000 0.427
6450.000 0.428
6455.000 0.431
6460.000 0.434
6465.000 0.438
6470.000 0.451
6475.000 0.456
6480.000 0.473
6485.000 0.483
6490.000 0.504
6495.000 0.545
6500.000 0.562
6505.000 0.599
6510.000 0.620
6515.000 0.671
6520.000 0.746
6525.000 0.805
6530.000 0.957
6535.000 1.070
6540.000 1.403
6545.000 2.037
6550.000 2.562
6555.000 4.405
6560.000 5.971
6565.000 11.139
6570.000 19.017
6575.000 21.636
6580.000 6.752
6585.000 6.887
6590.000 3.983
6595.000 1.985
6600.000 1.949
6605.000 1.412
6610.000 1.282
6615.000 1.059
6620.000 0.892
6625.000 0.828
6630.000 0.733
6635.000 0.695
6640.000 0.631
6645.000 0.581
6650.000 0.561
6655.000 0.531
6660.000 0.515
6665.000 0.491
6670.000 0.474
6675.000 0.464
6680.000 0.451
6685.000 0.444
6690.000 0.433
6695.000 0.424
6700.000 0.419
6705.000 0.412
6710.000 0.407
6715.000 0.400
6720.000 0.396
6725.000 0.395
6730.000 0.390
6735.000 0.389
6740.000 0.386
6745.000 0.385
6750.000 0.385
6755.000 0.381
6760.000 0.379
6765.000 0.376
6770.000 0.377
6775.000 0.378
6780.000 0.374
6785.000 0.372
6790.000 0.374
6795.000 0.379
6800.000 0.378
6805.000 0.374
6810.000 0.372
6815.000 0.369
6820.000 0.368
6825.000 0.367
6830.000 0.370
6835.000 0.369
6840.000 0.366
6845.000 0.366
6850.000 0.365
6855.000 0.364
6860.000 0.363
6865.000 0.364
6870.000 0.365
6875.000 0.364
6880.000 0.364
6885.000 0.363
6890.000 0.362
6895.000 0.361
6900.000 0.363
6905.000 0.366
6910.000 0.372
6915.000 0.371
6920.000 0.371
6925.000 0.370
6930.000 0.369
6935.000 0.367
6940.000 0.371
6945.000 0.372
6950.000 0.372
6955.000 0.371
6960.000 0.370
6965.000 0.374
6970.000 0.369
6975.000 0.379
6980.000 0.378
6985.000 0.378
6990.000 0.374
6995.000 0.379
7000.000 0.377
7005.000 0.380
7010.000 0.379
7015.000 0.382
7020.000 0.387
7025.000 0.388
7030.000 0.400
7035.000 0.390
7040.000 0.394
7045.000 0.393
7050.000 0.387
7055.000 0.389
7060.000 0.388
7065.000 0.393
7070.000 0.389
7075.000 0.388
7080.000 0.395
7085.000 0.395
7090.000 0.396
7095.000 0.393
7100.000 0.395
7105.000 0.394
7110.000 0.394
7115.000 0.396
7120.000 0.396
7125.000 0.397
7130.000 0.400
7135.000 0.401
7140.000 0.401
7145.000 0.404
7150.000 0.405
7155.000 0.408
7160.000 0.409
7165.000 0.411
7170.000 0.414
7175.000 0.416
7180.000 0.418
7185.000 0.419
7190.000 0.422
7195.000 0.423
7200.000 0.425
7205.000 0.428
7210.000 0.430
7215.000 0.435
7220.000 0.436
7225.000 0.440
7230.000 0.448
7235.000 0.449
7240.000 0.450
7245.000 0.451
7250.000 0.457
7255.000 0.462
7260.000 0.466
7265.000 0.471
7270.000 0.473
7275.000 0.480
7280.000 0.492
7285.000 0.494
7290.000 0.503
7295.000 0.507
7300.000 0.517
7305.000 0.530
7310.000 0.533
7315.000 0.547
7320.000 0.556
7325.000 0.571
7330.000 0.591
7335.000 0.604
7340.000 0.626
7345.000 0.642
7350.000 0.672
7355.000 0.715
7360.000 0.745
7365.000 0.800
7370.000 0.835
7375.000 0.897
7380.000 0.984
7385.000 1.036
7390.000 1.161
7395.000 1.221
7400.000 1.370
7405.000 1.588
7410.000 1.734
7415.000 2.153
7420.000 2.456
7425.000 3.321
7430.000 4.746
7435.000 5.708
7440.000 8.166
7445.000 9.417
7450.000 10.717
7455.000 9.070
7460.000 7.487
7465.000 4.472
7470.000 3.129
7475.000 1.164
7480.000 0.161
7485.000 0.206
7490.000 0.335
7495.000 0.339
7500.000 0.332
7505.000 0.323
7510.000 0.317
7515.000 0.305
7520.000 0.298
7525.000 0.287
7530.000 0.283
7535.000 0.275
7540.000 0.269
7545.000 0.268
7550.000 0.263
7555.000 0.263
7560.000 0.257
7565.000 0.256
7570.000 0.256
7575.000 0.254
7580.000 0.254
7585.000 0.254
7590.000 0.253
7595.000 0.255
7600.000 0.258
7605.000 0.260
7610.000 0.264
7615.000 0.265
7620.000 0.263
7625.000 0.264
7630.000 0.264
7635.000 0.265
7640.000 0.266
7645.000 0.267
7650.000 0.267
7655.000 0.268
7660.000 0.268
7665.000 0.270
7670.000 0.272
7675.000 0.272
7680.000 0.274
7685.000 0.274
7690.000 0.279
7695.000 0.279
7700.000 0.281
7705.000 0.283
7710.000 0.284
7715.000 0.286
7720.000 0.286
7725.000 0.287
7730.000 0.288
7735.000 0.290
7740.000 0.291
7745.000 0.291
7750.000 0.294
7755.000 0.294
7760.000 0.299
7765.000 0.302
7770.000 0.301
7775.000 0.304
7780.000 0.305
7785.000 0.308
7790.000 0.309
7795.000 0.310
7800.000 0.314
7805.000 0.316
7810.000 0.335
7815.000 0.336
7820.000 0.338
7825.000 0.339
7830.000 0.339
7835.000 0.340
7840.000 0.339
7845.000 0.339
7850.000 0.345
7855.000 0.345
7860.000 0.347
7865.000 0.350
7870.000 0.357
7875.000 0.361
7880.000 0.364
7885.000 0.368
7890.000 0.371
7895.000 0.377
7900.000 0.386
7905.000 0.389
7910.000 0.396
7915.000 0.404
7920.000 0.410
7925.000 0.422
7930.000 0.430
7935.000 0.445
7940.000 0.447
7945.000 0.463
7950.000 0.479
7955.000 0.491
7960.000 0.511
7965.000 0.531
7970.000 0.558
7975.000 0.600
7980.000 0.619
7985.000 0.670
7990.000 0.686
7995.000 0.737
8000.000 0.787
8005.000 0.832
8010.000 0.937
8015.000 0.997
8020.000 1.142
8025.000 1.420
8030.000 1.605
8035.000 2.279
8040.000 2.813
8045.000 4.635
8050.000 8.037
8055.000 10.252
8060.000 13.245
8065.000 10.749
8070.000 7.668
8075.000 2.831
8080.000 2.197
8085.000 1.603
8090.000 1.259
8095.000 0.984
8100.000 0.726
8105.000 0.643
8110.000 0.520
8115.000 0.477
8120.000 0.403
8125.000 0.350
8130.000 0.327
8135.000 0.295
8140.000 0.280
8145.000 0.259
8150.000 0.237
8155.000 0.230
8160.000 0.217
8165.000 0.212
8170.000 0.202
8175.000 0.192
8180.000 0.190
8185.000 0.185
8190.000 0.183
8195.000 0.179
8200.000 0.175
8205.000 0.175
8210.000 0.172
8215.000 0.172
8220.000 0.170
8225.000 0.170
8230.000 0.168
8235.000 0.166
8240.000 0.167
8245.000 0.162
8250.000 0.161
8255.000 0.161
8260.000 0.161
8265.000 0.161
8270.000 0.160
8275.000 0.159
8280.000 0.160
8285.000 0.158
8290.000 0.157
8295.000 0.158
8300.000 0.156
8305.000 0.157
8310.000 0.155
8315.000 0.155
8320.000 0.156
8325.000 0.155
8330.000 0.155
8335.000 0.156
8340.000 0.153
8345.000 0.154
8350.000 0.153
8355.000 0.153
8360.000 0.153
8365.000 0.151
8370.000 0.151
8375.000 0.150
8380.000 0.151
8385.000 0.151
8390.000 0.151
8395.000 0.150
8400.000 0.149
8405.000 0.150
8410.000 0.149
8415.000 0.150
8420.000 0.149
8425.000 0.150
8430.000 0.149
8435.000 0.150
8440.000 0.151
8445.000 0.152
8450.000 0.151
8455.000 0.154
8460.000 0.154
8465.000 0.154
8470.000 0.157
8475.000 0.156
8480.000 0.157
8485.000 0.158
8490.000 0.157
8495.000 0.158
8500.000 0.156
8505.000 0.152
8510.000 0.149
8515.000 0.145
8520.000 0.152
8525.000 0.173
8530.000 0.331
8535.000 1.150
8540.000 2.638
8545.000 6.666
8550.000 7.409
8555.000 1.511
8560.000 1.979
8565.000 2.261
8570.000 2.187
8575.000 2.126
8580.000 2.252
8585.000 2.509
8590.000 2.702
8595.000 3.153
8600.000 3.423
8605.000 4.094
8610.000 5.021
8615.000 5.607
8620.000 7.039
8625.000 7.901
8630.000 9.897
8635.000 12.117
8640.000 13.055
8645.000 13.928
8650.000 13.648
8655.000 11.818
8660.000 9.710
8665.000 8.762
8670.000 6.922
8675.000 6.032
8680.000 4.301
8685.000 2.934
8690.000 2.327
8695.000 1.371
8700.000 1.189
8705.000 1.126
8710.000 1.101
8715.000 1.085
8720.000 1.059
8725.000 1.041
8730.000 1.013
8735.000 0.981
8740.000 0.971
8745.000 0.960
8750.000 0.949
8755.000 0.917
8760.000 0.890
8765.000 0.911
8770.000 0.883
8775.000 0.867
8780.000 0.842
8785.000 0.819
8790.000 0.806
8795.000 0.787
8800.000 0.780
8805.000 0.794
8810.000 0.783
8815.000 0.773
8820.000 0.752
8825.000 0.723
8830.000 0.720
8835.000 0.718
8840.000 0.698
8845.000 0.696
8850.000 0.685
8855.000 0.677
8860.000 0.667
8865.000 0.663
8870.000 0.656
8875.000 0.652
8880.000 0.650
8885.000 0.644
8890.000 0.643
8895.000 0.640
8900.000 0.638
8905.000 0.632
8910.000 0.623
8915.000 0.618
8920.000 0.614
8925.000 0.608
8930.000 0.605
8935.000 0.602
8940.000 0.599
8945.000 0.598
8950.000 0.595
8955.000 0.588
8960.000 0.590
8965.000 0.587
8970.000 0.587
8975.000 0.586
8980.000 0.583
8985.000 0.581
8990.000 0.573
8995.000 0.574
9000.000 0.580
9005.000 0.568
9010.000 0.572
9015.000 0.565
9020.000 0.568
9025.000 0.573
9030.000 0.579
9035.000 0.580
9040.000 0.564
9045.000 0.560
9050.000 0.563
9055.000 0.561
9060.000 0.561
9065.000 0.559
9070.000 0.550
9075.000 0.549
9080.000 0.550
9085.000 0.552
9090.000 0.547
9095.000 0.547
9100.000 0.545
9105.000 0.543
9110.000 0.544
9115.000 0.543
9120.000 0.543
9125.000 0.544
9130.000 0.541
9135.000 0.541
9140.000 0.539
9145.000 0.534
9150.000 0.533
9155.000 0.534
9160.000 0.534
9165.000 0.532
9170.000 0.531
9175.000 0.530
9180.000 0.532
9185.000 0.531
9190.000 0.529
9195.000 0.528
9200.000 0.529
9205.000 0.527
9210.000 0.527
9215.000 0.523
9220.000 0.526
9225.000 0.522
9230.000 0.524
9235.000 0.524
9240.000 0.521
9245.000 0.520
9250.000 0.520
9255.000 0.515
9260.000 0.515
9265.000 0.515
9270.000 0.512
9275.000 0.515
9280.000 0.510
9285.000 0.509
9290.000 0.510
9295.000 0.505
9300.000 0.505
9305.000 0.502
9310.000 0.501
9315.000 0.498
9320.000 0.493
9325.000 0.495
9330.000 0.489
9335.000 0.491
9340.000 0.484
9345.000 0.478
9350.000 0.480
9355.000 0.475
9360.000 0.472
9365.000 0.464
9370.000 0.457
9375.000 0.453
9380.000 0.444
9385.000 0.441
9390.000 0.431
9395.000 0.416
9400.000 0.408
9405.000 0.392
9410.000 0.381
9415.000 0.359
9420.000 0.337
9425.000 0.319
9430.000 0.283
9435.000 0.262
9440.000 0.206
9445.000 0.132
9450.000 0.087
9455.000 0.056
9460.000 0.135
9465.000 0.486
9470.000 1.731
9475.000 3.033
9480.000 5.775
9485.000 6.471
9490.000 4.218
9495.000 4.933
9500.000 3.232
9505.000 2.984
9510.000 2.945
9515.000 2.543
9520.000 2.300
9525.000 2.212
9530.000 2.063
9535.000 1.985
9540.000 1.931
9545.000 1.786
9550.000 1.707
9555.000 1.577
9560.000 1.528
9565.000 1.443
9570.000 1.366
9575.000 1.340
9580.000 1.288
9585.000 1.270
9590.000 1.250
9595.000 1.249
9600.000 1.256
9605.000 1.251
9610.000 1.235
9615.000 1.216
9620.000 1.204
9625.000 1.182
9630.000 1.164
9635.000 1.155
9640.000 1.144
9645.000 1.138
9650.000 1.135
9655.000 1.141
9660.000 1.149
9665.000 1.170
9670.000 1.179
9675.000 1.199
9680.000 1.228
9685.000 1.242
9690.000 1.280
9695.000 1.291
9700.000 1.332
9705.000 1.378
9710.000 1.402
9715.000 1.447
9720.000 1.477
9725.000 1.538
9730.000 1.609
9735.000 1.648
9740.000 1.738
9745.000 1.784
9750.000 1.899
9755.000 2.033
9760.000 2.105
9765.000 2.299
9770.000 2.418
9775.000 2.713
9780.000 3.130
9785.000 3.405
9790.000 4.117
9795.000 4.585
9800.000 5.795
9805.000 7.337
9810.000 8.152
9815.000 9.315
9820.000 9.430
9825.000 8.306
9830.000 6.315
9835.000 5.370
9840.000 3.924
9845.000 3.394
9850.000 2.599
9855.000 2.032
9860.000 1.812
9865.000 1.442
9870.000 1.281
9875.000 0.968
9880.000 0.775
9885.000 0.707
9890.000 0.578
9895.000 0.547
9900.000 0.509
9905.000 0.469
9910.000 0.447
9915.000 0.405
9920.000 0.386
9925.000 0.350
9930.000 0.317
9935.000 0.302
9940.000 0.272
9945.000 0.260
9950.000 0.235
9955.000 0.214
9960.000 0.206
9965.000 0.187
9970.000 0.176
9975.000 0.162
9980.000 0.147
9985.000 0.139
9990.000 0.130
9995.000 0.120
10000.000 0.110
