105.000 0.060
110.000 0.899
115.000 2.749
120.000 2.970
125.000 3.466
130.000 3.562
135.000 3.774
140.000 3.890
145.000 3.951
150.000 3.843
155.000 3.785
160.000 3.820
165.000 3.637
170.000 3.674
175.000 3.593
180.000 3.616
185.000 3.550
190.000 3.519
195.000 3.546
200.000 3.676
205.000 3.638
210.000 3.731
215.000 3.733
220.000 3.816
225.000 4.002
230.000 3.823
235.000 4.126
240.000 4.215
245.000 4.219
250.000 4.148
255.000 4.526
260.000 4.559
265.000 4.636
270.000 4.490
275.000 4.609
280.000 4.617
285.000 4.654
290.000 4.719
295.000 4.873
300.000 5.032
305.000 4.895
310.000 5.175
315.000 5.249
320.000 5.330
325.000 5.523
330.000 5.605
335.000 5.692
340.000 5.819
345.000 5.942
350.000 6.099
355.000 6.377
360.000 6.854
365.000 6.935
370.000 7.252
375.000 7.537
380.000 7.705
385.000 8.018
390.000 8.254
395.000 8.655
400.000 9.442
405.000 9.431
410.000 9.587
415.000 9.550
420.000 9.479
425.000 9.268
430.000 9.139
435.000 8.689
440.000 8.344
445.000 7.782
450.000 7.197
455.000 6.690
460.000 5.795
465.000 5.535
470.000 4.767
475.000 4.059
480.000 3.733
485.000 3.075
490.000 2.800
495.000 2.363
500.000 2.031
505.000 1.901
510.000 1.678
515.000 1.621
520.000 1.498
525.000 1.409
530.000 1.368
535.000 1.289
540.000 1.250
545.000 1.197
550.000 1.111
555.000 1.088
560.000 1.021
565.000 0.997
570.000 0.933
575.000 0.879
580.000 0.849
585.000 0.811
590.000 0.776
595.000 0.760
600.000 0.710
605.000 0.696
610.000 0.667
615.000 0.662
620.000 0.626
625.000 0.618
630.000 0.598
635.000 0.583
640.000 0.577
645.000 0.575
650.000 0.584
655.000 0.543
660.000 0.523
665.000 0.513
670.000 0.513
675.000 0.508
680.000 0.502
685.000 0.486
690.000 0.473
695.000 0.475
700.000 0.474
705.000 0.452
710.000 0.435
715.000 0.434
720.000 0.430
725.000 0.429
730.000 0.417
735.000 0.408
740.000 0.402
745.000 0.401
750.000 0.393
755.000 0.389
760.000 0.384
765.000 0.378
770.000 0.388
775.000 0.372
780.000 0.369
785.000 0.377
790.000 0.364
795.000 0.365
800.000 0.373
805.000 0.369
810.000 0.366
815.000 0.365
820.000 0.358
825.000 0.355
830.000 0.352
835.000 0.356
840.000 0.358
845.000 0.348
850.000 0.352
855.000 0.344
860.000 0.340
865.000 0.339
870.000 0.338
875.000 0.331
880.000 0.343
885.000 0.334
890.000 0.332
895.000 0.332
900.000 0.325
905.000 0.338
910.000 0.316
915.000 0.332
920.000 0.334
925.000 0.333
930.000 0.335
935.000 0.326
940.000 0.333
945.000 0.330
950.000 0.332
955.000 0.339
960.000 0.338
965.000 0.314
970.000 0.333
975.000 0.333
980.000 0.329
985.000 0.330
990.000 0.326
995.000 0.324
1000.000 0.334
1005.000 0.318
1010.000 0.321
1015.000 0.318
1020.000 0.337
1025.000 0.322
1030.000 0.324
1035.000 0.337
1040.000 0.333
1045.000 0.336
1050.000 0.336
1055.000 0.325
1060.000 0.325
1065.000 0.318
1070.000 0.324
1075.000 0.324
1080.000 0.330
1085.000 0.320
1090.000 0.317
1095.000 0.319
1100.000 0.316
1105.000 0.322
1110.000 0.326
1115.000 0.323
1120.000 0.351
1125.000 0.347
1130.000 0.334
1135.000 0.336
1140.000 0.334
1145.000 0.335
1150.000 0.331
1155.000 0.330
1160.000 0.327
1165.000 0.326
1170.000 0.333
1175.000 0.330
1180.000 0.334
1185.000 0.331
1190.000 0.330
1195.000 0.331
1200.000 0.332
1205.000 0.340
1210.000 0.336
1215.000 0.336
1220.000 0.332
1225.000 0.333
1230.000 0.336
1235.000 0.332
1240.000 0.337
1245.000 0.336
1250.000 0.339
1255.000 0.338
1260.000 0.339
1265.000 0.341
1270.000 0.344
1275.000 0.341
1280.000 0.348
1285.000 0.341
1290.000 0.342
1295.000 0.343
1300.000 0.344
1305.000 0.356
1310.000 0.386
1315.000 0.380
1320.000 0.360
1325.000 0.354
1330.000 0.346
1335.000 0.356
1340.000 0.352
1345.000 0.353
1350.000 0.354
1355.000 0.358
1360.000 0.358
1365.000 0.355
1370.000 0.360
1375.000 0.365
1380.000 0.366
1385.000 0.363
1390.000 0.361
1395.000 0.363
1400.000 0.361
1405.000 0.361
1410.000 0.359
1415.000 0.361
1420.000 0.363
1425.000 0.362
1430.000 0.359
1435.000 0.358
1440.000 0.352
1445.000 0.356
1450.000 0.355
1455.000 0.355
1460.000 0.356
1465.000 0.357
1470.000 0.360
1475.000 0.370
1480.000 0.367
1485.000 0.375
1490.000 0.381
1495.000 0.380
1500.000 0.385
1505.000 0.395
1510.000 0.394
1515.000 0.400
1520.000 0.411
1525.000 0.410
1530.000 0.418
1535.000 0.420
1540.000 0.423
1545.000 0.433
1550.000 0.433
1555.000 0.436
1560.000 0.440
1565.000 0.444
1570.000 0.452
1575.000 0.458
1580.000 0.459
1585.000 0.468
1590.000 0.468
1595.000 0.478
1600.000 0.484
1605.000 0.490
1610.000 0.488
1615.000 0.502
1620.000 0.510
1625.000 0.522
1630.000 0.526
1635.000 0.526
1640.000 0.539
1645.000 0.548
1650.000 0.552
1655.000 0.559
1660.000 0.567
1665.000 0.581
1670.000 0.588
1675.000 0.595
1680.000 0.612
1685.000 0.614
1690.000 0.629
1695.000 0.644
1700.000 0.650
1705.000 0.666
1710.000 0.674
1715.000 0.687
1720.000 0.710
1725.000 0.712
1730.000 0.729
1735.000 0.739
1740.000 0.759
1745.000 0.775
1750.000 0.789
1755.000 0.808
1760.000 0.824
1765.000 0.834
1770.000 0.859
1775.000 0.866
1780.000 0.889
1785.000 0.901
1790.000 0.932
1795.000 0.930
1800.000 0.945
1805.000 0.962
1810.000 0.979
1815.000 0.991
1820.000 1.002
1825.000 1.021
1830.000 1.038
1835.000 1.059
1840.000 1.070
1845.000 1.081
1850.000 1.095
1855.000 1.105
1860.000 1.107
1865.000 1.115
1870.000 1.119
1875.000 1.127
1880.000 1.130
1885.000 1.133
1890.000 1.138
1895.000 1.140
1900.000 1.141
1905.000 1.136
1910.000 1.138
1915.000 1.129
1920.000 1.132
1925.000 1.124
1930.000 1.117
1935.000 1.111
1940.000 1.108
1945.000 1.105
1950.000 1.102
1955.000 1.086
1960.000 1.092
1965.000 1.074
1970.000 1.062
1975.000 1.061
1980.000 1.050
1985.000 1.039
1990.000 1.049
1995.000 1.024
2000.000 1.012
2005.000 1.021
2010.000 1.018
2015.000 1.003
2020.000 0.989
2025.000 0.996
2030.000 0.980
2035.000 0.990
2040.000 0.980
2045.000 0.973
2050.000 0.968
2055.000 0.962
2060.000 0.952
2065.000 0.951
2070.000 0.943
2075.000 0.943
2080.000 0.939
2085.000 0.942
2090.000 0.932
2095.000 0.928
2100.000 0.936
2105.000 0.935
2110.000 0.933
2115.000 0.931
2120.000 0.935
2125.000 0.932
2130.000 0.937
2135.000 0.937
2140.000 0.938
2145.000 0.941
2150.000 0.945
2155.000 0.954
2160.000 0.956
2165.000 0.970
2170.000 0.970
2175.000 0.980
2180.000 1.000
2185.000 1.006
2190.000 1.025
2195.000 1.038
2200.000 1.053
2205.000 1.073
2210.000 1.092
2215.000 1.124
2220.000 1.138
2225.000 1.173
2230.000 1.220
2235.000 1.242
2240.000 1.300
2245.000 1.329
2250.000 1.400
2255.000 1.493
2260.000 1.556
2265.000 1.691
2270.000 1.784
2275.000 2.019
2280.000 2.389
2285.000 2.655
2290.000 3.440
2295.000 4.026
2300.000 5.671
2305.000 8.070
2310.000 10.491
2315.000 19.926
2320.000 20.703
2325.000 8.714
2330.000 4.621
2335.000 3.496
2340.000 2.213
2345.000 1.821
2350.000 1.288
2355.000 0.941
2360.000 0.816
2365.000 0.617
2370.000 0.544
2375.000 0.433
2380.000 0.388
2385.000 0.309
2390.000 0.253
2395.000 0.230
2400.000 0.192
2405.000 0.174
2410.000 0.144
2415.000 0.119
2420.000 0.111
2425.000 0.093
2430.000 0.087
2435.000 0.075
2440.000 0.068
2445.000 0.062
2450.000 0.062
2455.000 0.061
2460.000 0.061
2465.000 0.064
2470.000 0.064
2475.000 0.066
2480.000 0.070
2485.000 0.073
2490.000 0.077
2495.000 0.078
2500.000 0.082
2505.000 0.085
2510.000 0.088
2515.000 0.092
2520.000 0.094
2525.000 0.098
2530.000 0.097
2535.000 0.099
2540.000 0.100
2545.000 0.115
2550.000 0.114
2555.000 0.114
2560.000 0.117
2565.000 0.117
2570.000 0.117
2575.000 0.118
2580.000 0.118
2585.000 0.120
2590.000 0.119
2595.000 0.120
2600.000 0.121
2605.000 0.121
2610.000 0.121
2615.000 0.122
2620.000 0.123
2625.000 0.124
2630.000 0.124
2635.000 0.125
2640.000 0.123
2645.000 0.124
2650.000 0.124
2655.000 0.125
2660.000 0.126
2665.000 0.121
2670.000 0.124
2675.000 0.124
2680.000 0.124
2685.000 0.123
2690.000 0.125
2695.000 0.124
2700.000 0.124
2705.000 0.122
2710.000 0.123
2715.000 0.123
2720.000 0.121
2725.000 0.121
2730.000 0.120
2735.000 0.118
2740.000 0.119
2745.000 0.118
2750.000 0.115
2755.000 0.115
2760.000 0.114
2765.000 0.112
2770.000 0.115
2775.000 0.116
2780.000 0.116
2785.000 0.113
2790.000 0.110
2795.000 0.110
2800.000 0.110
2805.000 0.109
2810.000 0.107
2815.000 0.106
2820.000 0.108
2825.000 0.109
2830.000 0.107
2835.000 0.107
2840.000 0.108
2845.000 0.108
2850.000 0.112
2855.000 0.111
2860.000 0.113
2865.000 0.113
2870.000 0.113
2875.000 0.115
2880.000 0.116
2885.000 0.118
2890.000 0.121
2895.000 0.123
2900.000 0.123
2905.000 0.126
2910.000 0.128
2915.000 0.132
2920.000 0.134
2925.000 0.137
2930.000 0.138
2935.000 0.143
2940.000 0.144
2945.000 0.148
2950.000 0.152
2955.000 0.153
2960.000 0.162
2965.000 0.158
2970.000 0.171
2975.000 0.168
2980.000 0.171
2985.000 0.177
2990.000 0.172
2995.000 0.182
3000.000 0.179
3005.000 0.183
3010.000 0.190
3015.000 0.190
3020.000 0.194
3025.000 0.193
3030.000 0.207
3035.000 0.201
3040.000 0.205
3045.000 0.206
3050.000 0.215
3055.000 0.220
3060.000 0.221
3065.000 0.222
3070.000 0.220
3075.000 0.222
3080.000 0.222
3085.000 0.230
3090.000 0.228
3095.000 0.229
3100.000 0.233
3105.000 0.231
3110.000 0.236
3115.000 0.238
3120.000 0.240
3125.000 0.242
3130.000 0.243
3135.000 0.244
3140.000 0.244
3145.000 0.248
3150.000 0.250
3155.000 0.249
3160.000 0.252
3165.000 0.254
3170.000 0.257
3175.000 0.256
3180.000 0.255
3185.000 0.257
3190.000 0.258
3195.000 0.260
3200.000 0.260
3205.000 0.262
3210.000 0.264
3215.000 0.264
3220.000 0.268
3225.000 0.268
3230.000 0.269
3235.000 0.271
3240.000 0.273
3245.000 0.271
3250.000 0.275
3255.000 0.275
3260.000 0.276
3265.000 0.279
3270.000 0.279
3275.000 0.282
3280.000 0.283
3285.000 0.282
3290.000 0.285
3295.000 0.285
3300.000 0.286
3305.000 0.288
3310.000 0.290
3315.000 0.288
3320.000 0.291
3325.000 0.294
3330.000 0.295
3335.000 0.297
3340.000 0.295
3345.000 0.295
3350.000 0.298
3355.000 0.298
3360.000 0.302
3365.000 0.302
3370.000 0.305
3375.000 0.308
3380.000 0.310
3385.000 0.309
3390.000 0.311
3395.000 0.313
3400.000 0.316
3405.000 0.318
3410.000 0.321
3415.000 0.320
3420.000 0.321
3425.000 0.327
3430.000 0.327
3435.000 0.330
3440.000 0.334
3445.000 0.335
3450.000 0.339
3455.000 0.343
3460.000 0.344
3465.000 0.346
3470.000 0.350
3475.000 0.354
3480.000 0.358
3485.000 0.362
3490.000 0.366
3495.000 0.371
3500.000 0.374
3505.000 0.378
3510.000 0.386
3515.000 0.392
3520.000 0.395
3525.000 0.403
3530.000 0.410
3535.000 0.419
3540.000 0.424
3545.000 0.434
3550.000 0.448
3555.000 0.456
3560.000 0.466
3565.000 0.475
3570.000 0.490
3575.000 0.497
3580.000 0.520
3585.000 0.543
3590.000 0.552
3595.000 0.581
3600.000 0.600
3605.000 0.634
3610.000 0.684
3615.000 0.703
3620.000 0.770
3625.000 0.808
3630.000 0.906
3635.000 0.982
3640.000 1.024
3645.000 1.151
3650.000 1.233
3655.000 1.462
3660.000 1.827
3665.000 2.083
3670.000 2.883
3675.000 3.496
3680.000 5.335
3685.000 8.397
3690.000 10.442
3695.000 15.861
3700.000 17.879
3705.000 10.336
3710.000 11.142
3715.000 9.627
3720.000 5.735
3725.000 4.612
3730.000 3.120
3735.000 2.302
3740.000 2.021
3745.000 1.610
3750.000 1.450
3755.000 1.206
3760.000 1.027
3765.000 0.953
3770.000 0.844
3775.000 0.796
3780.000 0.716
3785.000 0.657
3790.000 0.626
3795.000 0.576
3800.000 0.556
3805.000 0.524
3810.000 0.494
3815.000 0.482
3820.000 0.460
3825.000 0.450
3830.000 0.433
3835.000 0.418
3840.000 0.411
3845.000 0.399
3850.000 0.396
3855.000 0.383
3860.000 0.376
3865.000 0.370
3870.000 0.366
3875.000 0.360
3880.000 0.354
3885.000 0.348
3890.000 0.345
3895.000 0.339
3900.000 0.340
3905.000 0.333
3910.000 0.330
3915.000 0.328
3920.000 0.324
3925.000 0.325
3930.000 0.322
3935.000 0.321
3940.000 0.317
3945.000 0.313
3950.000 0.312
3955.000 0.314
3960.000 0.310
3965.000 0.305
3970.000 0.306
3975.000 0.304
3980.000 0.303
3985.000 0.309
3990.000 0.299
3995.000 0.299
4000.000 0.307
4005.000 0.293
4010.000 0.295
4015.000 0.299
4020.000 0.968
4025.000 0.868
4030.000 0.715
4035.000 0.620
4040.000 0.576
4045.000 0.504
4050.000 0.472
4055.000 0.427
4060.000 0.397
4065.000 0.376
4070.000 0.361
4075.000 0.354
4080.000 0.336
4085.000 0.330
4090.000 0.324
4095.000 0.322
4100.000 0.324
4105.000 0.319
4110.000 0.312
4115.000 0.307
4120.000 0.304
4125.000 0.303
4130.000 0.301
4135.000 0.299
4140.000 0.297
4145.000 0.296
4150.000 0.297
4155.000 0.303
4160.000 0.302
4165.000 0.300
4170.000 0.304
4175.000 0.305
4180.000 0.301
4185.000 0.301
4190.000 0.303
4195.000 0.300
4200.000 0.299
4205.000 0.295
4210.000 0.294
4215.000 0.291
4220.000 0.291
4225.000 0.290
4230.000 0.287
4235.000 0.285
4240.000 0.286
4245.000 0.283
4250.000 0.282
4255.000 0.278
4260.000 0.278
4265.000 0.276
4270.000 0.276
4275.000 0.276
4280.000 0.273
4285.000 0.273
4290.000 0.279
4295.000 0.278
4300.000 0.278
4305.000 0.275
4310.000 0.275
4315.000 0.274
4320.000 0.276
4325.000 0.274
4330.000 0.275
4335.000 0.275
4340.000 0.281
4345.000 0.279
4350.000 0.279
4355.000 0.278
4360.000 0.278
4365.000 0.278
4370.000 0.278
4375.000 0.279
4380.000 0.280
4385.000 0.278
4390.000 0.282
4395.000 0.282
4400.000 0.283
4405.000 0.283
4410.000 0.283
4415.000 0.284
4420.000 0.285
4425.000 0.291
4430.000 0.290
4435.000 0.290
4440.000 0.289
4445.000 0.290
4450.000 0.289
4455.000 0.292
4460.000 0.292
4465.000 0.299
4470.000 0.297
4475.000 0.299
4480.000 0.302
4485.000 0.300
4490.000 0.303
4495.000 0.302
4500.000 0.302
4505.000 0.311
4510.000 0.309
4515.000 0.310
4520.000 0.310
4525.000 0.307
4530.000 0.313
4535.000 0.314
4540.000 0.316
4545.000 0.314
4550.000 0.317
4555.000 0.319
4560.000 0.321
4565.000 0.322
4570.000 0.323
4575.000 0.327
4580.000 0.329
4585.000 0.332
4590.000 0.335
4595.000 0.334
4600.000 0.337
4605.000 0.344
4610.000 0.344
4615.000 0.345
4620.000 0.348
4625.000 0.350
4630.000 0.354
4635.000 0.357
4640.000 0.363
4645.000 0.364
4650.000 0.370
4655.000 0.376
4660.000 0.379
4665.000 0.384
4670.000 0.389
4675.000 0.392
4680.000 0.397
4685.000 0.397
4690.000 0.403
4695.000 0.404
4700.000 0.409
4705.000 0.412
4710.000 0.415
4715.000 0.418
4720.000 0.424
4725.000 0.430
4730.000 0.437
4735.000 0.438
4740.000 0.445
4745.000 0.450
4750.000 0.455
4755.000 0.467
4760.000 0.468
4765.000 0.480
4770.000 0.483
4775.000 0.495
4780.000 0.508
4785.000 0.515
4790.000 0.524
4795.000 0.533
4800.000 0.549
4805.000 0.562
4810.000 0.569
4815.000 0.591
4820.000 0.600
4825.000 0.619
4830.000 0.641
4835.000 0.652
4840.000 0.680
4845.000 0.689
4850.000 0.718
4855.000 0.754
4860.000 0.771
4865.000 0.811
4870.000 0.829
4875.000 0.872
4880.000 0.921
4885.000 0.946
4890.000 1.016
4895.000 1.049
4900.000 1.131
4905.000 1.238
4910.000 1.281
4915.000 1.472
4920.000 1.568
4925.000 1.772
4930.000 2.071
4935.000 2.262
4940.000 2.788
4945.000 3.155
4950.000 4.216
4955.000 5.892
4960.000 7.121
4965.000 10.615
4970.000 13.056
4975.000 16.782
4980.000 4.136
4985.000 16.795
4990.000 21.057
4995.000 23.253
5000.000 20.734
5005.000 11.129
5010.000 9.424
5015.000 6.435
5020.000 5.485
5025.000 4.153
5030.000 3.276
5035.000 2.974
5040.000 2.471
5045.000 2.300
5050.000 2.005
5055.000 1.896
5060.000 1.693
5065.000 1.538
5070.000 1.471
5075.000 1.353
5080.000 1.302
5085.000 1.210
5090.000 1.135
5095.000 1.105
5100.000 1.046
5105.000 1.019
5110.000 0.978
5115.000 0.945
5120.000 0.926
5125.000 0.893
5130.000 0.881
5135.000 0.855
5140.000 0.835
5145.000 0.825
5150.000 0.811
5155.000 0.800
5160.000 0.785
5165.000 0.773
5170.000 0.769
5175.000 0.753
5180.000 0.754
5185.000 0.741
5190.000 0.730
5195.000 0.726
5200.000 0.718
5205.000 0.715
5210.000 0.707
5215.000 0.698
5220.000 0.696
5225.000 0.688
5230.000 0.684
5235.000 0.681
5240.000 0.678
5245.000 0.672
5250.000 0.668
5255.000 0.665
5260.000 0.657
5265.000 0.656
5270.000 0.653
5275.000 0.648
5280.000 0.646
5285.000 0.640
5290.000 0.635
5295.000 0.634
5300.000 0.628
5305.000 0.629
5310.000 0.624
5315.000 0.617
5320.000 0.613
5325.000 0.610
5330.000 0.608
5335.000 0.604
5340.000 0.599
5345.000 0.596
5350.000 0.591
5355.000 0.588
5360.000 0.583
5365.000 0.580
5370.000 0.575
5375.000 0.572
5380.000 0.569
5385.000 0.563
5390.000 0.559
5395.000 0.555
5400.000 0.552
5405.000 0.547
5410.000 0.543
5415.000 0.539
5420.000 0.536
5425.000 0.530
5430.000 0.531
5435.000 0.525
5440.000 0.521
5445.000 0.516
5450.000 0.513
5455.000 0.508
5460.000 0.502
5465.000 0.496
5470.000 0.499
5475.000 0.491
5480.000 0.487
5485.000 0.483
5490.000 0.480
5495.000 0.476
5500.000 0.475
5505.000 0.472
5510.000 0.467
5515.000 0.463
5520.000 0.462
5525.000 0.460
5530.000 0.459
5535.000 0.455
5540.000 0.447
5545.000 0.444
5550.000 0.439
5555.000 0.440
5560.000 0.434
5565.000 0.431
5570.000 0.429
5575.000 0.425
5580.000 0.424
5585.000 0.420
5590.000 0.417
5595.000 0.418
5600.000 0.416
5605.000 0.415
5610.000 0.413
5615.000 0.407
5620.000 0.409
5625.000 0.402
5630.000 0.402
5635.000 0.396
5640.000 0.398
5645.000 0.395
5650.000 0.391
5655.000 0.388
5660.000 0.389
5665.000 0.388
5670.000 0.386
5675.000 0.385
5680.000 0.381
5685.000 0.382
5690.000 0.379
5695.000 0.378
5700.000 0.375
5705.000 0.373
5710.000 0.373
5715.000 0.372
5720.000 0.371
5725.000 0.368
5730.000 0.367
5735.000 0.367
5740.000 0.370
5745.000 0.369
5750.000 0.364
5755.000 0.364
5760.000 0.361
5765.000 0.362
5770.000 0.361
5775.000 0.364
5780.000 0.360
5785.000 0.359
5790.000 0.358
5795.000 0.356
5800.000 0.355
5805.000 0.355
5810.000 0.353
5815.000 0.352
5820.000 0.352
5825.000 0.351
5830.000 0.351
5835.000 0.357
5840.000 0.355
5845.000 0.353
5850.000 0.351
5855.000 0.350
5860.000 0.350
5865.000 0.349
5870.000 0.348
5875.000 0.349
5880.000 0.352
5885.000 0.350
5890.000 0.348
5895.000 0.349
5900.000 0.348
5905.000 0.345
5910.000 0.344
5915.000 0.343
5920.000 0.341
5925.000 0.346
5930.000 0.349
5935.000 0.348
5940.000 0.347
5945.000 0.347
5950.000 0.343
5955.000 0.341
5960.000 0.341
5965.000 0.339
5970.000 0.341
5975.000 0.343
5980.000 0.344
5985.000 0.341
5990.000 0.334
5995.000 0.345
6000.000 0.347
6005.000 0.340
6010.000 0.338
6015.000 0.336
6020.000 0.344
6025.000 0.346
6030.000 0.340
6035.000 0.340
6040.000 0.335
6045.000 0.344
6050.000 0.368
6055.000 0.359
6060.000 0.352
6065.000 0.353
6070.000 0.347
6075.000 0.344
6080.000 0.343
6085.000 0.342
6090.000 0.344
6095.000 0.347
6100.000 0.346
6105.000 0.345
6110.000 0.349
6115.000 0.389
6120.000 0.384
6125.000 0.383
6130.000 0.382
6135.000 0.387
6140.000 0.387
6145.000 0.392
6150.000 0.404
6155.000 0.405
6160.000 0.422
6165.000 0.428
6170.000 0.451
6175.000 0.476
6180.000 0.493
6185.000 0.541
6190.000 0.564
6195.000 0.633
6200.000 0.735
6205.000 0.802
6210.000 0.990
6215.000 1.062
6220.000 1.241
6225.000 1.403
6230.000 1.429
6235.000 1.286
6240.000 1.306
6245.000 1.534
6250.000 0.938
6255.000 0.872
6260.000 0.367
6265.000 0.325
6270.000 0.354
6275.000 0.394
6280.000 0.462
6285.000 0.533
6290.000 0.560
6295.000 0.611
6300.000 0.616
6305.000 0.615
6310.000 0.602
6315.000 0.618
6320.000 0.584
6325.000 0.572
6330.000 0.534
6335.000 0.511
6340.000 0.501
6345.000 0.479
6350.000 0.466
6355.000 0.454
6360.000 0.446
6365.000 0.437
6370.000 0.418
6375.000 0.409
6380.000 0.395
6385.000 0.383
6390.000 0.376
6395.000 0.367
6400.000 0.362
6405.000 0.354
6410.000 0.346
6415.000 0.343
6420.000 0.335
6425.000 0.332
6430.000 0.328
6435.000 0.321
6440.000 0.318
6445.000 0.311
6450.000 0.308
6455.000 0.306
6460.000 0.299
6465.000 0.295
6470.000 0.292
6475.000 0.290
6480.000 0.286
6485.000 0.286
6490.000 0.284
6495.000 0.285
6500.000 0.283
6505.000 0.278
6510.000 0.279
6515.000 0.283
6520.000 0.289
6525.000 0.294
6530.000 0.313
6535.000 0.348
6540.000 0.379
6545.000 0.489
6550.000 0.593
6555.000 1.065
6560.000 2.187
6565.000 3.239
6570.000 6.978
6575.000 8.962
6580.000 5.446
6585.000 5.838
6590.000 1.283
6595.000 2.031
6600.000 1.753
6605.000 1.262
6610.000 0.896
6615.000 0.846
6620.000 0.726
6625.000 0.677
6630.000 0.613
6635.000 0.561
6640.000 0.539
6645.000 0.506
6650.000 0.490
6655.000 0.465
6660.000 0.445
6665.000 0.438
6670.000 0.425
6675.000 0.419
6680.000 0.406
6685.000 0.398
6690.000 0.393
6695.000 0.387
6700.000 0.385
6705.000 0.380
6710.000 0.375
6715.000 0.373
6720.000 0.369
6725.000 0.366
6730.000 0.364
6735.000 0.362
6740.000 0.360
6745.000 0.355
6750.000 0.357
6755.000 0.350
6760.000 0.351
6765.000 0.352
6770.000 0.348
6775.000 0.348
6780.000 0.347
6785.000 0.343
6790.000 0.342
6795.000 0.340
6800.000 0.340
6805.000 0.336
6810.000 0.335
6815.000 0.335
6820.000 0.334
6825.000 0.333
6830.000 0.331
6835.000 0.331
6840.000 0.330
6845.000 0.328
6850.000 0.328
6855.000 0.328
6860.000 0.325
6865.000 0.328
6870.000 0.325
6875.000 0.325
6880.000 0.324
6885.000 0.322
6890.000 0.320
6895.000 0.320
6900.000 0.327
6905.000 0.327
6910.000 0.327
6915.000 0.320
6920.000 0.317
6925.000 0.317
6930.000 0.317
6935.000 0.313
6940.000 0.313
6945.000 0.309
6950.000 0.314
6955.000 0.307
6960.000 0.306
6965.000 0.306
6970.000 0.311
6975.000 0.310
6980.000 0.311
6985.000 0.309
6990.000 0.301
6995.000 0.296
7000.000 0.302
7005.000 0.303
7010.000 0.298
7015.000 0.301
7020.000 0.292
7025.000 0.297
7030.000 0.298
7035.000 0.291
7040.000 0.291
7045.000 0.288
7050.000 0.288
7055.000 0.291
7060.000 0.290
7065.000 0.292
7070.000 0.286
7075.000 0.284
7080.000 0.284
7085.000 0.283
7090.000 0.285
7095.000 0.284
7100.000 0.280
7105.000 0.281
7110.000 0.280
7115.000 0.277
7120.000 0.274
7125.000 0.272
7130.000 0.272
7135.000 0.271
7140.000 0.269
7145.000 0.269
7150.000 0.269
7155.000 0.266
7160.000 0.266
7165.000 0.264
7170.000 0.263
7175.000 0.261
7180.000 0.260
7185.000 0.257
7190.000 0.259
7195.000 0.257
7200.000 0.255
7205.000 0.252
7210.000 0.254
7215.000 0.253
7220.000 0.251
7225.000 0.251
7230.000 0.251
7235.000 0.249
7240.000 0.250
7245.000 0.249
7250.000 0.250
7255.000 0.252
7260.000 0.250
7265.000 0.254
7270.000 0.255
7275.000 0.258
7280.000 0.261
7285.000 0.264
7290.000 0.269
7295.000 0.277
7300.000 0.278
7305.000 0.291
7310.000 0.298
7315.000 0.318
7320.000 0.339
7325.000 0.350
7330.000 0.378
7335.000 0.395
7340.000 0.432
7345.000 0.470
7350.000 0.493
7355.000 0.547
7360.000 0.587
7365.000 0.672
7370.000 0.765
7375.000 0.817
7380.000 0.956
7385.000 1.044
7390.000 1.250
7395.000 1.542
7400.000 1.724
7405.000 2.200
7410.000 2.497
7415.000 3.266
7420.000 3.837
7425.000 5.143
7430.000 6.991
7435.000 8.135
7440.000 10.869
7445.000 12.248
7450.000 14.047
7455.000 12.761
7460.000 10.965
7465.000 7.627
7470.000 6.248
7475.000 4.258
7480.000 3.146
7485.000 2.804
7490.000 2.290
7495.000 2.102
7500.000 1.801
7505.000 1.584
7510.000 1.504
7515.000 1.374
7520.000 1.324
7525.000 1.249
7530.000 1.191
7535.000 1.165
7540.000 1.103
7545.000 1.078
7550.000 1.022
7555.000 0.977
7560.000 0.956
7565.000 0.918
7570.000 0.899
7575.000 0.872
7580.000 0.845
7585.000 0.832
7590.000 0.811
7595.000 0.799
7600.000 0.779
7605.000 0.768
7610.000 0.759
7615.000 0.740
7620.000 0.735
7625.000 0.715
7630.000 0.703
7635.000 0.696
7640.000 0.685
7645.000 0.680
7650.000 0.670
7655.000 0.657
7660.000 0.658
7665.000 0.648
7670.000 0.647
7675.000 0.641
7680.000 0.632
7685.000 0.629
7690.000 0.624
7695.000 0.620
7700.000 0.615
7705.000 0.607
7710.000 0.606
7715.000 0.598
7720.000 0.596
7725.000 0.593
7730.000 0.590
7735.000 0.585
7740.000 0.581
7745.000 0.579
7750.000 0.576
7755.000 0.573
7760.000 0.571
7765.000 0.566
7770.000 0.562
7775.000 0.560
7780.000 0.561
7785.000 0.557
7790.000 0.556
7795.000 0.556
7800.000 0.552
7805.000 0.551
7810.000 0.547
7815.000 0.545
7820.000 0.545
7825.000 0.541
7830.000 0.541
7835.000 0.537
7840.000 0.535
7845.000 0.534
7850.000 0.531
7855.000 0.530
7860.000 0.523
7865.000 0.524
7870.000 0.523
7875.000 0.523
7880.000 0.520
7885.000 0.515
7890.000 0.515
7895.000 0.512
7900.000 0.509
7905.000 0.509
7910.000 0.508
7915.000 0.503
7920.000 0.503
7925.000 0.498
7930.000 0.500
7935.000 0.492
7940.000 0.487
7945.000 0.485
7950.000 0.486
7955.000 0.486
7960.000 0.475
7965.000 0.464
7970.000 0.462
7975.000 0.457
7980.000 0.453
7985.000 0.442
7990.000 0.428
7995.000 0.422
8000.000 0.398
8005.000 0.396
8010.000 0.376
8015.000 0.341
8020.000 0.317
8025.000 0.270
8030.000 0.240
8035.000 0.150
8040.000 0.096
8045.000 0.224
8050.000 1.302
8055.000 3.282
8060.000 8.524
8065.000 9.357
8070.000 3.886
8075.000 2.305
8080.000 2.619
8085.000 1.608
8090.000 1.256
8095.000 1.191
8100.000 1.058
8105.000 0.989
8110.000 0.901
8115.000 0.833
8120.000 0.809
8125.000 0.769
8130.000 0.759
8135.000 0.739
8140.000 0.728
8145.000 0.724
8150.000 0.722
8155.000 0.722
8160.000 0.717
8165.000 0.714
8170.000 0.715
8175.000 0.716
8180.000 0.721
8185.000 0.716
8190.000 0.722
8195.000 0.723
8200.000 0.723
8205.000 0.719
8210.000 0.724
8215.000 0.726
8220.000 0.732
8225.000 0.732
8230.000 0.737
8235.000 0.744
8240.000 0.752
8245.000 0.755
8250.000 0.756
8255.000 0.756
8260.000 0.763
8265.000 0.769
8270.000 0.770
8275.000 0.779
8280.000 0.785
8285.000 0.793
8290.000 0.794
8295.000 0.799
8300.000 0.805
8305.000 0.805
8310.000 0.810
8315.000 0.813
8320.000 0.818
8325.000 0.824
8330.000 0.826
8335.000 0.836
8340.000 0.835
8345.000 0.844
8350.000 0.852
8355.000 0.856
8360.000 0.862
8365.000 0.866
8370.000 0.877
8375.000 0.891
8380.000 0.894
8385.000 0.903
8390.000 0.910
8395.000 0.926
8400.000 0.939
8405.000 0.943
8410.000 0.953
8415.000 0.958
8420.000 0.975
8425.000 0.992
8430.000 1.000
8435.000 1.018
8440.000 1.027
8445.000 1.054
8450.000 1.070
8455.000 1.086
8460.000 1.111
8465.000 1.127
8470.000 1.155
8475.000 1.188
8480.000 1.209
8485.000 1.255
8490.000 1.279
8495.000 1.338
8500.000 1.402
8505.000 1.439
8510.000 1.535
8515.000 1.598
8520.000 1.776
8525.000 2.101
8530.000 2.392
8535.000 3.570
8540.000 4.713
8545.000 6.695
8550.000 2.274
8555.000 2.261
8560.000 1.675
8565.000 1.075
8570.000 1.615
8575.000 1.743
8580.000 1.858
8585.000 2.154
8590.000 2.339
8595.000 2.745
8600.000 3.289
8605.000 3.617
8610.000 4.537
8615.000 5.078
8620.000 6.453
8625.000 8.225
8630.000 9.208
8635.000 11.219
8640.000 12.067
8645.000 12.727
8650.000 11.186
8655.000 9.709
8660.000 6.973
8665.000 5.898
8670.000 4.291
8675.000 3.165
8680.000 2.749
8685.000 2.209
8690.000 1.922
8695.000 1.288
8700.000 1.009
8705.000 0.936
8710.000 0.815
8715.000 0.764
8720.000 0.659
8725.000 0.574
8730.000 0.533
8735.000 0.470
8740.000 0.446
8745.000 0.391
8750.000 0.350
8755.000 0.330
8760.000 0.296
8765.000 0.280
8770.000 0.254
8775.000 0.230
8780.000 0.218
8785.000 0.200
8790.000 0.193
8795.000 0.177
8800.000 0.163
8805.000 0.158
8810.000 0.148
8815.000 0.148
8820.000 0.147
8825.000 0.147
8830.000 0.131
8835.000 0.119
8840.000 0.132
8845.000 0.120
8850.000 0.119
8855.000 0.120
8860.000 0.118
8865.000 0.119
8870.000 0.123
8875.000 0.126
8880.000 0.126
8885.000 0.128
8890.000 0.129
8895.000 0.133
8900.000 0.135
8905.000 0.136
8910.000 0.139
8915.000 0.141
8920.000 0.146
8925.000 0.147
8930.000 0.151
8935.000 0.153
8940.000 0.156
8945.000 0.161
8950.000 0.163
8955.000 0.166
8960.000 0.169
8965.000 0.168
8970.000 0.176
8975.000 0.174
8980.000 0.177
8985.000 0.184
8990.000 0.183
8995.000 0.188
9000.000 0.189
9005.000 0.191
9010.000 0.195
9015.000 0.196
9020.000 0.200
9025.000 0.202
9030.000 0.205
9035.000 0.209
9040.000 0.209
9045.000 0.211
9050.000 0.220
9055.000 0.215
9060.000 0.221
9065.000 0.224
9070.000 0.225
9075.000 0.226
9080.000 0.234
9085.000 0.233
9090.000 0.236
9095.000 0.238
9100.000 0.240
9105.000 0.242
9110.000 0.247
9115.000 0.248
9120.000 0.252
9125.000 0.252
9130.000 0.256
9135.000 0.259
9140.000 0.262
9145.000 0.264
9150.000 0.266
9155.000 0.269
9160.000 0.273
9165.000 0.273
9170.000 0.275
9175.000 0.278
9180.000 0.283
9185.000 0.287
9190.000 0.288
9195.000 0.294
9200.000 0.294
9205.000 0.298
9210.000 0.302
9215.000 0.304
9220.000 0.308
9225.000 0.311
9230.000 0.314
9235.000 0.320
9240.000 0.321
9245.000 0.327
9250.000 0.330
9255.000 0.333
9260.000 0.340
9265.000 0.340
9270.000 0.345
9275.000 0.347
9280.000 0.355
9285.000 0.359
9290.000 0.362
9295.000 0.365
9300.000 0.369
9305.000 0.373
9310.000 0.378
9315.000 0.383
9320.000 0.388
9325.000 0.390
9330.000 0.398
9335.000 0.404
9340.000 0.410
9345.000 0.420
9350.000 0.425
9355.000 0.436
9360.000 0.444
9365.000 0.447
9370.000 0.462
9375.000 0.469
9380.000 0.485
9385.000 0.500
9390.000 0.507
9395.000 0.531
9400.000 0.540
9405.000 0.568
9410.000 0.601
9415.000 0.621
9420.000 0.667
9425.000 0.698
9430.000 0.769
9435.000 0.834
9440.000 0.879
9445.000 0.996
9450.000 1.082
9455.000 1.348
9460.000 1.880
9465.000 2.322
9470.000 3.905
9475.000 5.078
9480.000 7.854
9485.000 8.322
9490.000 5.517
9495.000 2.337
9500.000 1.106
9505.000 0.871
9510.000 0.747
9515.000 0.498
9520.000 0.329
9525.000 0.278
9530.000 0.200
9535.000 0.170
9540.000 0.125
9545.000 0.095
9550.000 0.081
9555.000 0.068
9560.000 0.063
9565.000 0.058
9570.000 0.059
9575.000 0.061
9580.000 0.066
9585.000 0.068
9590.000 0.073
9595.000 0.078
9600.000 0.080
9605.000 0.083
9610.000 0.086
9615.000 0.093
9620.000 0.095
9625.000 0.096
9630.000 0.099
9635.000 0.100
9640.000 0.102
9645.000 0.106
9650.000 0.107
9655.000 0.108
9660.000 0.110
9665.000 0.112
9670.000 0.114
9675.000 0.113
9680.000 0.114
9685.000 0.114
9690.000 0.113
9695.000 0.114
9700.000 0.111
9705.000 0.109
9710.000 0.110
9715.000 0.110
9720.000 0.108
9725.000 0.107
9730.000 0.103
9735.000 0.102
9740.000 0.098
9745.000 0.092
9750.000 0.090
9755.000 0.086
9760.000 0.083
9765.000 0.079
9770.000 0.077
9775.000 0.078
9780.000 0.085
9785.000 0.091
9790.000 0.112
9795.000 0.155
9800.000 0.183
9805.000 0.264
9810.000 0.317
9815.000 0.465
9820.000 0.654
9825.000 0.719
9830.000 0.713
9835.000 0.663
9840.000 0.555
9845.000 0.463
9850.000 0.431
9855.000 0.391
9860.000 0.385
9865.000 0.393
9870.000 0.417
9875.000 0.434
9880.000 0.538
9885.000 0.632
9890.000 0.679
9895.000 0.609
9900.000 0.580
9905.000 0.531
9910.000 0.513
9915.000 0.482
9920.000 0.461
9925.000 0.455
9930.000 0.437
9935.000 0.427
9940.000 0.413
9945.000 0.403
9950.000 0.397
9955.000 0.396
9960.000 0.386
9965.000 0.379
9970.000 0.373
9975.000 0.365
9980.000 0.363
9985.000 0.362
9990.000 0.351
9995.000 0.346
10000.000 0.355
