105.000 0.051
110.000 0.035
115.000 2.661
120.000 2.894
125.000 3.263
130.000 3.550
135.000 3.787
140.000 3.830
145.000 3.950
150.000 3.973
155.000 3.879
160.000 3.811
165.000 3.734
170.000 3.671
175.000 3.647
180.000 3.539
185.000 3.580
190.000 3.522
195.000 3.589
200.000 3.609
205.000 3.726
210.000 3.732
215.000 3.851
220.000 3.814
225.000 4.006
230.000 3.961
235.000 4.071
240.000 4.156
245.000 4.236
250.000 4.286
255.000 4.301
260.000 4.431
265.000 4.469
270.000 4.515
275.000 4.612
280.000 4.636
285.000 4.715
290.000 4.779
295.000 4.812
300.000 4.930
305.000 4.986
310.000 5.167
315.000 5.256
320.000 5.295
325.000 5.504
330.000 5.576
335.000 5.782
340.000 6.000
345.000 6.120
350.000 6.293
355.000 6.431
360.000 6.683
365.000 7.024
370.000 7.166
375.000 7.513
380.000 7.735
385.000 8.099
390.000 8.511
395.000 8.672
400.000 9.027
405.000 9.169
410.000 9.404
415.000 9.477
420.000 9.519
425.000 9.363
430.000 9.186
435.000 8.781
440.000 8.246
445.000 7.948
450.000 7.242
455.000 6.861
460.000 6.096
465.000 5.660
470.000 4.804
475.000 4.028
480.000 3.676
485.000 3.081
490.000 2.819
495.000 2.397
500.000 2.079
505.000 1.952
510.000 1.730
515.000 1.657
520.000 1.541
525.000 1.465
530.000 1.442
535.000 1.341
540.000 1.311
545.000 1.246
550.000 1.170
555.000 1.146
560.000 1.065
565.000 1.028
570.000 0.976
575.000 0.899
580.000 0.893
585.000 0.834
590.000 0.821
595.000 0.783
600.000 0.760
605.000 0.736
610.000 0.704
615.000 0.686
620.000 0.655
625.000 0.642
630.000 0.628
635.000 0.598
640.000 0.596
645.000 0.574
650.000 0.572
655.000 0.557
660.000 0.530
665.000 0.528
670.000 0.515
675.000 0.508
680.000 0.501
685.000 0.485
690.000 0.478
695.000 0.479
700.000 0.466
705.000 0.463
710.000 0.455
715.000 0.458
720.000 0.441
725.000 0.434
730.000 0.432
735.000 0.434
740.000 0.417
745.000 0.419
750.000 0.408
755.000 0.402
760.000 0.397
765.000 0.394
770.000 0.389
775.000 0.385
780.000 0.381
785.000 0.384
790.000 0.384
795.000 0.375
800.000 0.385
805.000 0.377
810.000 0.377
815.000 0.368
820.000 0.365
825.000 0.361
830.000 0.362
835.000 0.360
840.000 0.357
845.000 0.354
850.000 0.352
855.000 0.350
860.000 0.337
865.000 0.348
870.000 0.343
875.000 0.347
880.000 0.342
885.000 0.348
890.000 0.339
895.000 0.339
900.000 0.342
905.000 0.343
910.000 0.336
915.000 0.341
920.000 0.337
925.000 0.339
930.000 0.335
935.000 0.340
940.000 0.340
945.000 0.343
950.000 0.341
955.000 0.336
960.000 0.336
965.000 0.328
970.000 0.329
975.000 0.338
980.000 0.329
985.000 0.322
990.000 0.334
995.000 0.323
1000.000 0.344
1005.000 0.330
1010.000 0.325
1015.000 0.322
1020.000 0.337
1025.000 0.332
1030.000 0.329
1035.000 0.330
1040.000 0.333
1045.000 0.328
1050.000 0.339
1055.000 0.331
1060.000 0.329
1065.000 0.330
1070.000 0.323
1075.000 0.327
1080.000 0.328
1085.000 0.328
1090.000 0.328
1095.000 0.330
1100.000 0.328
1105.000 0.330
1110.000 0.323
1115.000 0.328
1120.000 0.333
1125.000 0.330
1130.000 0.329
1135.000 0.332
1140.000 0.329
1145.000 0.334
1150.000 0.332
1155.000 0.334
1160.000 0.332
1165.000 0.331
1170.000 0.336
1175.000 0.336
1180.000 0.335
1185.000 0.336
1190.000 0.333
1195.000 0.338
1200.000 0.339
1205.000 0.338
1210.000 0.342
1215.000 0.335
1220.000 0.344
1225.000 0.346
1230.000 0.341
1235.000 0.344
1240.000 0.346
1245.000 0.348
1250.000 0.346
1255.000 0.344
1260.000 0.347
1265.000 0.347
1270.000 0.351
1275.000 0.349
1280.000 0.349
1285.000 0.356
1290.000 0.355
1295.000 0.355
1300.000 0.355
1305.000 0.362
1310.000 0.371
1315.000 0.362
1320.000 0.360
1325.000 0.359
1330.000 0.363
1335.000 0.362
1340.000 0.365
1345.000 0.367
1350.000 0.369
1355.000 0.377
1360.000 0.373
1365.000 0.379
1370.000 0.376
1375.000 0.376
1380.000 0.382
1385.000 0.377
1390.000 0.382
1395.000 0.382
1400.000 0.377
1405.000 0.384
1410.000 0.380
1415.000 0.384
1420.000 0.379
1425.000 0.388
1430.000 0.382
1435.000 0.379
1440.000 0.382
1445.000 0.376
1450.000 0.380
1455.000 0.373
1460.000 0.370
1465.000 0.382
1470.000 0.382
1475.000 0.387
1480.000 0.393
1485.000 0.395
1490.000 0.406
1495.000 0.411
1500.000 0.415
1505.000 0.423
1510.000 0.427
1515.000 0.436
1520.000 0.442
1525.000 0.452
1530.000 0.457
1535.000 0.463
1540.000 0.467
1545.000 0.475
1550.000 0.480
1555.000 0.485
1560.000 0.492
1565.000 0.499
1570.000 0.507
1575.000 0.513
1580.000 0.525
1585.000 0.528
1590.000 0.535
1595.000 0.550
1600.000 0.552
1605.000 0.563
1610.000 0.570
1615.000 0.583
1620.000 0.589
1625.000 0.598
1630.000 0.612
1635.000 0.620
1640.000 0.635
1645.000 0.652
1650.000 0.658
1655.000 0.669
1660.000 0.675
1665.000 0.697
1670.000 0.712
1675.000 0.716
1680.000 0.738
1685.000 0.752
1690.000 0.771
1695.000 0.801
1700.000 0.809
1705.000 0.812
1710.000 0.828
1715.000 0.844
1720.000 0.867
1725.000 0.879
1730.000 0.906
1735.000 0.918
1740.000 0.945
1745.000 0.971
1750.000 0.984
1755.000 1.016
1760.000 1.027
1765.000 1.058
1770.000 1.081
1775.000 1.107
1780.000 1.128
1785.000 1.144
1790.000 1.163
1795.000 1.203
1800.000 1.224
1805.000 1.243
1810.000 1.260
1815.000 1.296
1820.000 1.309
1825.000 1.325
1830.000 1.346
1835.000 1.364
1840.000 1.388
1845.000 1.418
1850.000 1.424
1855.000 1.446
1860.000 1.451
1865.000 1.472
1870.000 1.480
1875.000 1.491
1880.000 1.502
1885.000 1.511
1890.000 1.517
1895.000 1.526
1900.000 1.532
1905.000 1.526
1910.000 1.528
1915.000 1.522
1920.000 1.526
1925.000 1.522
1930.000 1.524
1935.000 1.525
1940.000 1.512
1945.000 1.500
1950.000 1.502
1955.000 1.499
1960.000 1.490
1965.000 1.476
1970.000 1.478
1975.000 1.467
1980.000 1.453
1985.000 1.450
1990.000 1.464
1995.000 1.441
2000.000 1.442
2005.000 1.464
2010.000 1.471
2015.000 1.471
2020.000 1.426
2025.000 1.451
2030.000 1.439
2035.000 1.422
2040.000 1.395
2045.000 1.389
2050.000 1.422
2055.000 1.411
2060.000 1.393
2065.000 1.397
2070.000 1.402
2075.000 1.394
2080.000 1.398
2085.000 1.399
2090.000 1.386
2095.000 1.382
2100.000 1.413
2105.000 1.405
2110.000 1.407
2115.000 1.417
2120.000 1.432
2125.000 1.437
2130.000 1.446
2135.000 1.463
2140.000 1.476
2145.000 1.472
2150.000 1.480
2155.000 1.500
2160.000 1.510
2165.000 1.527
2170.000 1.542
2175.000 1.567
2180.000 1.596
2185.000 1.615
2190.000 1.657
2195.000 1.680
2200.000 1.723
2205.000 1.782
2210.000 1.806
2215.000 1.872
2220.000 1.909
2225.000 2.020
2230.000 2.124
2235.000 2.189
2240.000 2.298
2245.000 2.373
2250.000 2.535
2255.000 2.745
2260.000 2.886
2265.000 3.258
2270.000 3.505
2275.000 4.195
2280.000 5.368
2285.000 6.252
2290.000 9.013
2295.000 11.109
2300.000 17.000
2305.000 24.351
2310.000 27.579
2315.000 27.207
2320.000 23.391
2325.000 15.418
2330.000 8.041
2335.000 6.527
2340.000 4.384
2345.000 3.687
2350.000 2.737
2355.000 2.103
2360.000 1.869
2365.000 1.493
2370.000 1.349
2375.000 1.111
2380.000 0.927
2385.000 0.854
2390.000 0.727
2395.000 0.680
2400.000 0.594
2405.000 0.519
2410.000 0.488
2415.000 0.423
2420.000 0.404
2425.000 0.365
2430.000 0.321
2435.000 0.308
2440.000 0.278
2445.000 0.263
2450.000 0.237
2455.000 0.214
2460.000 0.204
2465.000 0.186
2470.000 0.174
2475.000 0.157
2480.000 0.144
2485.000 0.137
2490.000 0.125
2495.000 0.121
2500.000 0.110
2505.000 0.102
2510.000 0.099
2515.000 0.091
2520.000 0.091
2525.000 0.088
2530.000 0.085
2535.000 0.082
2540.000 0.083
2545.000 0.083
2550.000 0.085
2555.000 0.085
2560.000 0.086
2565.000 0.091
2570.000 0.094
2575.000 0.094
2580.000 0.098
2585.000 0.100
2590.000 0.103
2595.000 0.107
2600.000 0.110
2605.000 0.116
2610.000 0.114
2615.000 0.120
2620.000 0.124
2625.000 0.126
2630.000 0.131
2635.000 0.132
2640.000 0.136
2645.000 0.140
2650.000 0.144
2655.000 0.149
2660.000 0.151
2665.000 0.152
2670.000 0.159
2675.000 0.160
2680.000 0.166
2685.000 0.168
2690.000 0.174
2695.000 0.179
2700.000 0.182
2705.000 0.187
2710.000 0.188
2715.000 0.193
2720.000 0.199
2725.000 0.203
2730.000 0.207
2735.000 0.210
2740.000 0.216
2745.000 0.223
2750.000 0.227
2755.000 0.232
2760.000 0.235
2765.000 0.239
2770.000 0.244
2775.000 0.248
2780.000 0.255
2785.000 0.257
2790.000 0.263
2795.000 0.272
2800.000 0.274
2805.000 0.280
2810.000 0.284
2815.000 0.290
2820.000 0.297
2825.000 0.299
2830.000 0.308
2835.000 0.309
2840.000 0.316
2845.000 0.319
2850.000 0.325
2855.000 0.333
2860.000 0.336
2865.000 0.345
2870.000 0.348
2875.000 0.356
2880.000 0.364
2885.000 0.367
2890.000 0.377
2895.000 0.378
2900.000 0.383
2905.000 0.391
2910.000 0.392
2915.000 0.397
2920.000 0.400
2925.000 0.401
2930.000 0.407
2935.000 0.412
2940.000 0.412
2945.000 0.419
2950.000 0.421
2955.000 0.428
2960.000 0.430
2965.000 0.429
2970.000 0.436
2975.000 0.426
2980.000 0.430
2985.000 0.433
2990.000 0.436
2995.000 0.442
3000.000 0.448
3005.000 0.434
3010.000 0.434
3015.000 0.440
3020.000 0.451
3025.000 0.443
3030.000 0.452
3035.000 0.445
3040.000 0.450
3045.000 0.448
3050.000 0.445
3055.000 0.450
3060.000 0.452
3065.000 0.455
3070.000 0.453
3075.000 0.450
3080.000 0.454
3085.000 0.451
3090.000 0.452
3095.000 0.456
3100.000 0.453
3105.000 0.455
3110.000 0.455
3115.000 0.456
3120.000 0.459
3125.000 0.458
3130.000 0.459
3135.000 0.458
3140.000 0.460
3145.000 0.460
3150.000 0.462
3155.000 0.459
3160.000 0.460
3165.000 0.464
3170.000 0.462
3175.000 0.463
3180.000 0.462
3185.000 0.466
3190.000 0.466
3195.000 0.467
3200.000 0.468
3205.000 0.469
3210.000 0.471
3215.000 0.473
3220.000 0.472
3225.000 0.473
3230.000 0.478
3235.000 0.478
3240.000 0.479
3245.000 0.481
3250.000 0.479
3255.000 0.483
3260.000 0.483
3265.000 0.486
3270.000 0.489
3275.000 0.493
3280.000 0.495
3285.000 0.496
3290.000 0.496
3295.000 0.498
3300.000 0.500
3305.000 0.508
3310.000 0.508
3315.000 0.511
3320.000 0.510
3325.000 0.516
3330.000 0.520
3335.000 0.522
3340.000 0.525
3345.000 0.528
3350.000 0.534
3355.000 0.537
3360.000 0.540
3365.000 0.544
3370.000 0.550
3375.000 0.555
3380.000 0.561
3385.000 0.564
3390.000 0.570
3395.000 0.572
3400.000 0.579
3405.000 0.593
3410.000 0.593
3415.000 0.597
3420.000 0.604
3425.000 0.610
3430.000 0.617
3435.000 0.623
3440.000 0.635
3445.000 0.639
3450.000 0.651
3455.000 0.656
3460.000 0.666
3465.000 0.682
3470.000 0.692
3475.000 0.701
3480.000 0.708
3485.000 0.726
3490.000 0.745
3495.000 0.752
3500.000 0.770
3505.000 0.781
3510.000 0.801
3515.000 0.828
3520.000 0.838
3525.000 0.873
3530.000 0.885
3535.000 0.918
3540.000 0.949
3545.000 0.971
3550.000 1.008
3555.000 1.032
3560.000 1.081
3565.000 1.135
3570.000 1.167
3575.000 1.239
3580.000 1.273
3585.000 1.354
3590.000 1.423
3595.000 1.461
3600.000 1.538
3605.000 1.581
3610.000 1.676
3615.000 1.791
3620.000 1.853
3625.000 1.996
3630.000 2.071
3635.000 2.272
3640.000 2.512
3645.000 2.665
3650.000 3.068
3655.000 3.319
3660.000 3.986
3665.000 4.989
3670.000 5.666
3675.000 7.586
3680.000 8.942
3685.000 12.738
3690.000 18.258
3695.000 21.851
3700.000 30.892
3705.000 34.824
3710.000 35.153
3715.000 22.022
3720.000 15.916
3725.000 10.354
3730.000 8.528
3735.000 6.099
3740.000 4.639
3745.000 4.119
3750.000 3.320
3755.000 3.001
3760.000 2.508
3765.000 2.144
3770.000 1.991
3775.000 1.739
3780.000 1.637
3785.000 1.463
3790.000 1.321
3795.000 1.264
3800.000 1.159
3805.000 1.112
3810.000 1.032
3815.000 0.964
3820.000 0.932
3825.000 0.878
3830.000 0.853
3835.000 0.808
3840.000 0.768
3845.000 0.751
3850.000 0.715
3855.000 0.702
3860.000 0.676
3865.000 0.650
3870.000 0.638
3875.000 0.615
3880.000 0.604
3885.000 0.586
3890.000 0.567
3895.000 0.559
3900.000 0.540
3905.000 0.535
3910.000 0.521
3915.000 0.506
3920.000 0.501
3925.000 0.491
3930.000 0.483
3935.000 0.470
3940.000 0.464
3945.000 0.461
3950.000 0.449
3955.000 0.442
3960.000 0.436
3965.000 0.427
3970.000 0.430
3975.000 0.417
3980.000 0.416
3985.000 0.412
3990.000 0.403
3995.000 0.401
4000.000 0.389
4005.000 0.391
4010.000 0.390
4015.000 0.377
4020.000 0.375
4025.000 0.367
4030.000 0.376
4035.000 0.362
4040.000 0.362
4045.000 0.356
4050.000 0.356
4055.000 0.356
4060.000 0.351
4065.000 0.349
4070.000 0.341
4075.000 0.339
4080.000 0.337
4085.000 0.337
4090.000 0.331
4095.000 0.329
4100.000 0.327
4105.000 0.327
4110.000 0.320
4115.000 0.320
4120.000 0.317
4125.000 0.314
4130.000 0.312
4135.000 0.310
4140.000 0.308
4145.000 0.304
4150.000 0.300
4155.000 0.302
4160.000 0.299
4165.000 0.296
4170.000 0.294
4175.000 0.291
4180.000 0.291
4185.000 0.287
4190.000 0.288
4195.000 0.285
4200.000 0.282
4205.000 0.279
4210.000 0.278
4215.000 0.277
4220.000 0.275
4225.000 0.274
4230.000 0.273
4235.000 0.272
4240.000 0.273
4245.000 0.273
4250.000 0.274
4255.000 0.273
4260.000 0.275
4265.000 0.275
4270.000 0.278
4275.000 0.278
4280.000 0.277
4285.000 0.279
4290.000 0.280
4295.000 0.279
4300.000 0.278
4305.000 0.280
4310.000 0.281
4315.000 0.281
4320.000 0.280
4325.000 0.282
4330.000 0.281
4335.000 0.282
4340.000 0.282
4345.000 0.282
4350.000 0.281
4355.000 0.282
4360.000 0.281
4365.000 0.282
4370.000 0.282
4375.000 0.281
4380.000 0.281
4385.000 0.281
4390.000 0.282
4395.000 0.283
4400.000 0.282
4405.000 0.280
4410.000 0.281
4415.000 0.281
4420.000 0.284
4425.000 0.284
4430.000 0.285
4435.000 0.283
4440.000 0.283
4445.000 0.281
4450.000 0.282
4455.000 0.282
4460.000 0.282
4465.000 0.283
4470.000 0.281
4475.000 0.280
4480.000 0.280
4485.000 0.282
4490.000 0.283
4495.000 0.283
4500.000 0.283
4505.000 0.282
4510.000 0.282
4515.000 0.281
4520.000 0.283
4525.000 0.283
4530.000 0.282
4535.000 0.283
4540.000 0.282
4545.000 0.284
4550.000 0.284
4555.000 0.284
4560.000 0.284
4565.000 0.282
4570.000 0.284
4575.000 0.285
4580.000 0.286
4585.000 0.284
4590.000 0.285
4595.000 0.286
4600.000 0.287
4605.000 0.287
4610.000 0.288
4615.000 0.288
4620.000 0.286
4625.000 0.288
4630.000 0.289
4635.000 0.289
4640.000 0.289
4645.000 0.289
4650.000 0.289
4655.000 0.289
4660.000 0.293
4665.000 0.292
4670.000 0.293
4675.000 0.292
4680.000 0.293
4685.000 0.294
4690.000 0.296
4695.000 0.296
4700.000 0.296
4705.000 0.296
4710.000 0.299
4715.000 0.298
4720.000 0.299
4725.000 0.299
4730.000 0.302
4735.000 0.302
4740.000 0.303
4745.000 0.302
4750.000 0.302
4755.000 0.306
4760.000 0.304
4765.000 0.306
4770.000 0.307
4775.000 0.311
4780.000 0.313
4785.000 0.312
4790.000 0.313
4795.000 0.313
4800.000 0.317
4805.000 0.316
4810.000 0.319
4815.000 0.321
4820.000 0.323
4825.000 0.324
4830.000 0.325
4835.000 0.330
4840.000 0.332
4845.000 0.334
4850.000 0.335
4855.000 0.338
4860.000 0.339
4865.000 0.340
4870.000 0.343
4875.000 0.344
4880.000 0.347
4885.000 0.354
4890.000 0.353
4895.000 0.360
4900.000 0.360
4905.000 0.367
4910.000 0.368
4915.000 0.379
4920.000 0.384
4925.000 0.384
4930.000 0.382
4935.000 0.381
4940.000 0.370
4945.000 0.350
4950.000 0.329
4955.000 0.276
4960.000 0.254
4965.000 0.625
4970.000 4.900
4975.000 9.854
4980.000 15.741
4985.000 7.323
4990.000 10.254
4995.000 12.921
5000.000 13.631
5005.000 6.487
5010.000 4.418
5015.000 2.298
5020.000 1.483
5025.000 1.292
5030.000 0.892
5035.000 0.767
5040.000 0.613
5045.000 0.506
5050.000 0.460
5055.000 0.404
5060.000 0.374
5065.000 0.342
5070.000 0.315
5075.000 0.307
5080.000 0.292
5085.000 0.285
5090.000 0.273
5095.000 0.265
5100.000 0.261
5105.000 0.255
5110.000 0.255
5115.000 0.252
5120.000 0.249
5125.000 0.248
5130.000 0.246
5135.000 0.246
5140.000 0.246
5145.000 0.244
5150.000 0.244
5155.000 0.246
5160.000 0.244
5165.000 0.246
5170.000 0.246
5175.000 0.248
5180.000 0.248
5185.000 0.247
5190.000 0.249
5195.000 0.250
5200.000 0.250
5205.000 0.253
5210.000 0.251
5215.000 0.252
5220.000 0.254
5225.000 0.254
5230.000 0.256
5235.000 0.256
5240.000 0.256
5245.000 0.258
5250.000 0.259
5255.000 0.261
5260.000 0.262
5265.000 0.259
5270.000 0.262
5275.000 0.264
5280.000 0.264
5285.000 0.264
5290.000 0.265
5295.000 0.265
5300.000 0.267
5305.000 0.267
5310.000 0.269
5315.000 0.270
5320.000 0.270
5325.000 0.271
5330.000 0.271
5335.000 0.272
5340.000 0.272
5345.000 0.274
5350.000 0.277
5355.000 0.277
5360.000 0.277
5365.000 0.277
5370.000 0.276
5375.000 0.278
5380.000 0.279
5385.000 0.278
5390.000 0.277
5395.000 0.279
5400.000 0.278
5405.000 0.283
5410.000 0.281
5415.000 0.283
5420.000 0.283
5425.000 0.281
5430.000 0.282
5435.000 0.282
5440.000 0.283
5445.000 0.284
5450.000 0.286
5455.000 0.285
5460.000 0.285
5465.000 0.284
5470.000 0.289
5475.000 0.288
5480.000 0.287
5485.000 0.286
5490.000 0.289
5495.000 0.286
5500.000 0.289
5505.000 0.286
5510.000 0.287
5515.000 0.289
5520.000 0.288
5525.000 0.294
5530.000 0.295
5535.000 0.292
5540.000 0.290
5545.000 0.291
5550.000 0.289
5555.000 0.289
5560.000 0.288
5565.000 0.291
5570.000 0.289
5575.000 0.291
5580.000 0.290
5585.000 0.290
5590.000 0.290
5595.000 0.291
5600.000 0.291
5605.000 0.290
5610.000 0.290
5615.000 0.291
5620.000 0.290
5625.000 0.292
5630.000 0.291
5635.000 0.291
5640.000 0.289
5645.000 0.291
5650.000 0.293
5655.000 0.293
5660.000 0.291
5665.000 0.292
5670.000 0.293
5675.000 0.293
5680.000 0.294
5685.000 0.294
5690.000 0.293
5695.000 0.293
5700.000 0.294
5705.000 0.291
5710.000 0.296
5715.000 0.293
5720.000 0.294
5725.000 0.295
5730.000 0.295
5735.000 0.294
5740.000 0.296
5745.000 0.295
5750.000 0.294
5755.000 0.296
5760.000 0.295
5765.000 0.296
5770.000 0.296
5775.000 0.302
5780.000 0.301
5785.000 0.299
5790.000 0.299
5795.000 0.297
5800.000 0.296
5805.000 0.299
5810.000 0.300
5815.000 0.298
5820.000 0.300
5825.000 0.300
5830.000 0.301
5835.000 0.301
5840.000 0.300
5845.000 0.301
5850.000 0.307
5855.000 0.303
5860.000 0.304
5865.000 0.305
5870.000 0.304
5875.000 0.306
5880.000 0.305
5885.000 0.305
5890.000 0.310
5895.000 0.309
5900.000 0.310
5905.000 0.310
5910.000 0.313
5915.000 0.313
5920.000 0.316
5925.000 0.316
5930.000 0.319
5935.000 0.318
5940.000 0.323
5945.000 0.324
5950.000 0.326
5955.000 0.324
5960.000 0.332
5965.000 0.335
5970.000 0.333
5975.000 0.333
5980.000 0.335
5985.000 0.336
5990.000 0.345
5995.000 0.349
6000.000 0.357
6005.000 0.351
6010.000 0.354
6015.000 0.362
6020.000 0.376
6025.000 0.374
6030.000 0.387
6035.000 0.385
6040.000 0.396
6045.000 0.403
6050.000 0.411
6055.000 0.422
6060.000 0.433
6065.000 0.444
6070.000 0.449
6075.000 0.455
6080.000 0.465
6085.000 0.465
6090.000 0.480
6095.000 0.489
6100.000 0.502
6105.000 0.512
6110.000 0.528
6115.000 0.549
6120.000 0.559
6125.000 0.586
6130.000 0.595
6135.000 0.635
6140.000 0.675
6145.000 0.698
6150.000 0.754
6155.000 0.786
6160.000 0.855
6165.000 0.960
6170.000 1.025
6175.000 1.202
6180.000 1.312
6185.000 1.626
6190.000 2.098
6195.000 2.448
6200.000 3.418
6205.000 4.096
6210.000 5.927
6215.000 8.624
6220.000 10.370
6225.000 14.712
6230.000 17.147
6235.000 20.803
6240.000 18.239
6245.000 14.446
6250.000 8.506
6255.000 5.939
6260.000 4.765
6265.000 3.719
6270.000 3.325
6275.000 2.659
6280.000 2.394
6285.000 1.935
6290.000 1.581
6295.000 1.429
6300.000 1.178
6305.000 1.078
6310.000 0.901
6315.000 0.779
6320.000 0.721
6325.000 0.637
6330.000 0.604
6335.000 0.549
6340.000 0.506
6345.000 0.490
6350.000 0.461
6355.000 0.450
6360.000 0.426
6365.000 0.410
6370.000 0.399
6375.000 0.388
6380.000 0.380
6385.000 0.370
6390.000 0.359
6395.000 0.355
6400.000 0.345
6405.000 0.342
6410.000 0.334
6415.000 0.327
6420.000 0.323
6425.000 0.319
6430.000 0.313
6435.000 0.307
6440.000 0.300
6445.000 0.299
6450.000 0.293
6455.000 0.289
6460.000 0.284
6465.000 0.280
6470.000 0.278
6475.000 0.272
6480.000 0.271
6485.000 0.267
6490.000 0.264
6495.000 0.267
6500.000 0.269
6505.000 0.272
6510.000 0.283
6515.000 0.306
6520.000 0.321
6525.000 0.368
6530.000 0.403
6535.000 0.499
6540.000 0.661
6545.000 0.789
6550.000 1.339
6555.000 2.029
6560.000 5.743
6565.000 12.265
6570.000 16.391
6575.000 19.445
6580.000 10.385
6585.000 8.315
6590.000 2.950
6595.000 3.066
6600.000 2.218
6605.000 1.890
6610.000 1.455
6615.000 1.238
6620.000 1.160
6625.000 1.015
6630.000 0.963
6635.000 0.880
6640.000 0.812
6645.000 0.787
6650.000 0.741
6655.000 0.720
6660.000 0.687
6665.000 0.660
6670.000 0.650
6675.000 0.628
6680.000 0.618
6685.000 0.603
6690.000 0.588
6695.000 0.581
6700.000 0.570
6705.000 0.566
6710.000 0.558
6715.000 0.553
6720.000 0.549
6725.000 0.543
6730.000 0.538
6735.000 0.533
6740.000 0.531
6745.000 0.528
6750.000 0.527
6755.000 0.524
6760.000 0.521
6765.000 0.520
6770.000 0.518
6775.000 0.516
6780.000 0.515
6785.000 0.512
6790.000 0.514
6795.000 0.511
6800.000 0.514
6805.000 0.510
6810.000 0.510
6815.000 0.509
6820.000 0.511
6825.000 0.509
6830.000 0.510
6835.000 0.508
6840.000 0.508
6845.000 0.505
6850.000 0.507
6855.000 0.506
6860.000 0.507
6865.000 0.506
6870.000 0.507
6875.000 0.505
6880.000 0.504
6885.000 0.505
6890.000 0.505
6895.000 0.504
6900.000 0.506
6905.000 0.507
6910.000 0.507
6915.000 0.507
6920.000 0.508
6925.000 0.507
6930.000 0.509
6935.000 0.509
6940.000 0.512
6945.000 0.512
6950.000 0.513
6955.000 0.516
6960.000 0.515
6965.000 0.513
6970.000 0.514
6975.000 0.517
6980.000 0.517
6985.000 0.519
6990.000 0.527
6995.000 0.526
7000.000 0.529
7005.000 0.530
7010.000 0.529
7015.000 0.534
7020.000 0.530
7025.000 0.534
7030.000 0.540
7035.000 0.537
7040.000 0.545
7045.000 0.545
7050.000 0.544
7055.000 0.551
7060.000 0.555
7065.000 0.553
7070.000 0.560
7075.000 0.567
7080.000 0.568
7085.000 0.570
7090.000 0.571
7095.000 0.574
7100.000 0.579
7105.000 0.579
7110.000 0.585
7115.000 0.587
7120.000 0.594
7125.000 0.600
7130.000 0.599
7135.000 0.607
7140.000 0.608
7145.000 0.617
7150.000 0.623
7155.000 0.631
7160.000 0.637
7165.000 0.643
7170.000 0.646
7175.000 0.660
7180.000 0.665
7185.000 0.676
7190.000 0.679
7195.000 0.692
7200.000 0.703
7205.000 0.711
7210.000 0.723
7215.000 0.731
7220.000 0.749
7225.000 0.766
7230.000 0.774
7235.000 0.793
7240.000 0.807
7245.000 0.828
7250.000 0.854
7255.000 0.868
7260.000 0.895
7265.000 0.909
7270.000 0.943
7275.000 0.980
7280.000 1.005
7285.000 1.046
7290.000 1.070
7295.000 1.096
7300.000 1.113
7305.000 1.149
7310.000 1.187
7315.000 1.208
7320.000 1.248
7325.000 1.270
7330.000 1.329
7335.000 1.389
7340.000 1.423
7345.000 1.492
7350.000 1.533
7355.000 1.661
7360.000 1.845
7365.000 1.857
7370.000 2.036
7375.000 2.109
7380.000 2.265
7385.000 2.487
7390.000 2.623
7395.000 2.987
7400.000 3.203
7405.000 3.810
7410.000 4.698
7415.000 5.314
7420.000 7.014
7425.000 8.129
7430.000 11.095
7435.000 14.994
7440.000 17.013
7445.000 20.325
7450.000 20.889
7455.000 18.057
7460.000 11.570
7465.000 8.780
7470.000 4.485
7475.000 3.233
7480.000 2.322
7485.000 2.075
7490.000 1.941
7495.000 1.664
7500.000 1.546
7505.000 1.345
7510.000 1.165
7515.000 1.088
7520.000 0.956
7525.000 0.898
7530.000 0.804
7535.000 0.723
7540.000 0.689
7545.000 0.626
7550.000 0.600
7555.000 0.552
7560.000 0.511
7565.000 0.495
7570.000 0.461
7575.000 0.445
7580.000 0.419
7585.000 0.395
7590.000 0.384
7595.000 0.365
7600.000 0.355
7605.000 0.339
7610.000 0.326
7615.000 0.319
7620.000 0.303
7625.000 0.297
7630.000 0.286
7635.000 0.278
7640.000 0.273
7645.000 0.264
7650.000 0.260
7655.000 0.252
7660.000 0.244
7665.000 0.242
7670.000 0.236
7675.000 0.234
7680.000 0.226
7685.000 0.224
7690.000 0.221
7695.000 0.217
7700.000 0.215
7705.000 0.212
7710.000 0.210
7715.000 0.208
7720.000 0.206
7725.000 0.204
7730.000 0.201
7735.000 0.201
7740.000 0.201
7745.000 0.199
7750.000 0.196
7755.000 0.197
7760.000 0.197
7765.000 0.195
7770.000 0.195
7775.000 0.193
7780.000 0.195
7785.000 0.194
7790.000 0.192
7795.000 0.194
7800.000 0.195
7805.000 0.192
7810.000 0.196
7815.000 0.194
7820.000 0.196
7825.000 0.195
7830.000 0.195
7835.000 0.198
7840.000 0.197
7845.000 0.199
7850.000 0.199
7855.000 0.201
7860.000 0.202
7865.000 0.205
7870.000 0.204
7875.000 0.206
7880.000 0.208
7885.000 0.210
7890.000 0.212
7895.000 0.216
7900.000 0.229
7905.000 0.237
7910.000 0.238
7915.000 0.238
7920.000 0.241
7925.000 0.242
7930.000 0.244
7935.000 0.245
7940.000 0.252
7945.000 0.258
7950.000 0.262
7955.000 0.267
7960.000 0.271
7965.000 0.285
7970.000 0.299
7975.000 0.309
7980.000 0.323
7985.000 0.328
7990.000 0.355
7995.000 0.382
8000.000 0.392
8005.000 0.445
8010.000 0.475
8015.000 0.542
8020.000 0.642
8025.000 0.714
8030.000 0.909
8035.000 1.074
8040.000 1.693
8045.000 3.417
8050.000 4.978
8055.000 8.544
8060.000 9.657
8065.000 5.538
8070.000 6.883
8075.000 3.009
8080.000 2.277
8085.000 1.344
8090.000 1.240
8095.000 0.872
8100.000 0.754
8105.000 0.592
8110.000 0.546
8115.000 0.470
8120.000 0.414
8125.000 0.391
8130.000 0.354
8135.000 0.338
8140.000 0.313
8145.000 0.291
8150.000 0.283
8155.000 0.267
8160.000 0.263
8165.000 0.251
8170.000 0.240
8175.000 0.236
8180.000 0.228
8185.000 0.226
8190.000 0.221
8195.000 0.218
8200.000 0.213
8205.000 0.211
8210.000 0.210
8215.000 0.206
8220.000 0.205
8225.000 0.204
8230.000 0.202
8235.000 0.201
8240.000 0.200
8245.000 0.200
8250.000 0.196
8255.000 0.197
8260.000 0.196
8265.000 0.197
8270.000 0.195
8275.000 0.193
8280.000 0.195
8285.000 0.194
8290.000 0.194
8295.000 0.193
8300.000 0.194
8305.000 0.194
8310.000 0.194
8315.000 0.197
8320.000 0.194
8325.000 0.195
8330.000 0.198
8335.000 0.199
8340.000 0.198
8345.000 0.201
8350.000 0.201
8355.000 0.203
8360.000 0.205
8365.000 0.207
8370.000 0.208
8375.000 0.212
8380.000 0.214
8385.000 0.217
8395.000 0.255
8400.000 0.246
8405.000 0.241
8410.000 0.241
8415.000 0.242
8420.000 0.244
8425.000 0.246
8430.000 0.252
8435.000 0.257
8440.000 0.263
8445.000 0.268
8450.000 0.273
8455.000 0.283
8460.000 0.285
8465.000 0.294
8470.000 0.295
8475.000 0.307
8480.000 0.314
8485.000 0.319
8490.000 0.329
8495.000 0.331
8500.000 0.331
8505.000 0.334
8510.000 0.330
8515.000 0.312
8520.000 0.293
8525.000 0.241
8530.000 0.307
8535.000 0.607
8540.000 3.808
8545.000 6.264
8550.000 6.291
8555.000 4.298
8560.000 2.709
8565.000 3.366
8570.000 3.220
8575.000 3.440
8580.000 3.794
8585.000 3.979
8590.000 4.475
8595.000 4.775
8600.000 5.498
8605.000 6.426
8610.000 7.000
8615.000 8.378
8620.000 9.225
8625.000 11.227
8630.000 13.618
8635.000 14.817
8640.000 16.541
8645.000 16.755
8650.000 15.476
8655.000 12.821
8660.000 11.594
8665.000 9.442
8670.000 8.449
8675.000 6.404
8680.000 4.688
8685.000 4.137
8690.000 3.229
8695.000 2.819
8700.000 2.325
8705.000 2.034
8710.000 1.920
8715.000 1.747
8720.000 1.680
8725.000 1.570
8730.000 1.480
8735.000 1.442
8740.000 1.361
8745.000 1.330
8750.000 1.264
8755.000 1.238
8760.000 1.190
8765.000 1.146
8770.000 1.124
8775.000 1.088
8780.000 1.068
8785.000 1.035
8790.000 0.997
8795.000 0.985
8800.000 0.954
8805.000 0.939
8810.000 0.910
8815.000 0.883
8820.000 0.876
8825.000 0.842
8830.000 0.861
8835.000 0.831
8840.000 0.802
8845.000 0.797
8850.000 0.788
8855.000 0.778
8860.000 0.763
8865.000 0.754
8870.000 0.747
8875.000 0.738
8880.000 0.735
8885.000 0.724
8890.000 0.713
8895.000 0.709
8900.000 0.702
8905.000 0.696
8910.000 0.688
8915.000 0.680
8920.000 0.674
8925.000 0.667
8930.000 0.665
8935.000 0.659
8940.000 0.656
8945.000 0.651
8950.000 0.646
8955.000 0.644
8960.000 0.637
8965.000 0.635
8970.000 0.628
8975.000 0.626
8980.000 0.625
8985.000 0.619
8990.000 0.619
8995.000 0.615
9000.000 0.618
9005.000 0.613
9010.000 0.602
9015.000 0.606
9020.000 0.609
9025.000 0.605
9030.000 0.597
9035.000 0.600
9040.000 0.599
9045.000 0.594
9050.000 0.597
9055.000 0.591
9060.000 0.588
9065.000 0.591
9070.000 0.588
9075.000 0.587
9080.000 0.588
9085.000 0.587
9090.000 0.584
9095.000 0.583
9100.000 0.583
9105.000 0.580
9110.000 0.582
9115.000 0.582
9120.000 0.581
9125.000 0.582
9130.000 0.581
9135.000 0.582
9140.000 0.581
9145.000 0.580
9150.000 0.582
9155.000 0.582
9160.000 0.579
9165.000 0.582
9170.000 0.584
9175.000 0.586
9180.000 0.584
9185.000 0.585
9190.000 0.585
9195.000 0.587
9200.000 0.585
9205.000 0.587
9210.000 0.584
9215.000 0.585
9220.000 0.582
9225.000 0.582
9230.000 0.584
9235.000 0.583
9240.000 0.584
9245.000 0.581
9250.000 0.581
9255.000 0.580
9260.000 0.581
9265.000 0.582
9270.000 0.579
9275.000 0.581
9280.000 0.580
9285.000 0.580
9290.000 0.578
9295.000 0.580
9300.000 0.580
9305.000 0.582
9310.000 0.580
9315.000 0.578
9320.000 0.576
9325.000 0.581
9330.000 0.581
9335.000 0.578
9340.000 0.578
9345.000 0.576
9350.000 0.575
9355.000 0.573
9360.000 0.573
9365.000 0.572
9370.000 0.573
9375.000 0.573
9380.000 0.570
9385.000 0.565
9390.000 0.567
9395.000 0.565
9400.000 0.562
9405.000 0.555
9410.000 0.553
9415.000 0.550
9420.000 0.542
9425.000 0.534
9430.000 0.535
9435.000 0.528
9440.000 0.520
9445.000 0.496
9450.000 0.468
9455.000 0.451
9460.000 0.406
9465.000 0.378
9470.000 0.299
9475.000 0.234
9480.000 0.265
9485.000 1.081
9490.000 2.709
9495.000 3.753
9500.000 2.449
9505.000 1.929
9510.000 1.694
9515.000 1.513
9520.000 1.344
9525.000 1.203
9530.000 1.142
9535.000 1.048
9540.000 1.013
9545.000 0.951
9550.000 0.916
9555.000 0.904
9560.000 0.899
9565.000 0.900
9570.000 0.890
9575.000 0.889
9580.000 0.892
9585.000 0.894
9590.000 0.900
9595.000 0.903
9600.000 0.918
9605.000 0.918
9610.000 0.923
9615.000 0.930
9620.000 0.945
9625.000 0.956
9630.000 0.961
9635.000 0.971
9640.000 0.976
9645.000 0.989
9650.000 0.993
9655.000 1.011
9660.000 1.033
9665.000 1.040
9670.000 1.057
9675.000 1.068
9680.000 1.090
9685.000 1.114
9690.000 1.133
9695.000 1.164
9700.000 1.186
9705.000 1.224
9710.000 1.263
9715.000 1.286
9720.000 1.330
9725.000 1.358
9735.000 2.732
9740.000 2.827
9745.000 3.041
9750.000 3.253
9755.000 3.381
9760.000 3.654
9765.000 3.806
9770.000 4.142
9775.000 4.544
9780.000 4.777
9785.000 5.326
9795.000 6.559
9800.000 7.028
9805.000 8.038
9810.000 8.556
9815.000 9.278
9820.000 9.121
9825.000 8.573
9830.000 6.854
9835.000 5.930
9840.000 4.280
9845.000 3.023
9850.000 2.542
9855.000 1.828
9860.000 1.582
9865.000 1.233
9870.000 1.019
9875.000 0.971
9880.000 0.990
9885.000 0.972
9890.000 0.841
9895.000 0.735
9905.000 0.672
9910.000 0.556
9915.000 0.511
9920.000 0.434
9925.000 0.367
9930.000 0.344
9935.000 0.296
9940.000 0.274
9945.000 0.239
9950.000 0.211
9955.000 0.197
9960.000 0.174
9965.000 0.160
9970.000 0.142
9975.000 0.125
9980.000 0.116
9985.000 0.103
9990.000 0.099
9995.000 0.088
10000.000 0.075
