105.000 0.010
110.000 0.721
115.000 2.323
120.000 2.965
125.000 3.259
130.000 3.586
135.000 3.816
140.000 3.856
145.000 3.921
150.000 3.966
155.000 3.811
160.000 3.776
165.000 3.738
170.000 3.633
175.000 3.635
180.000 3.599
185.000 3.599
190.000 3.567
195.000 3.574
200.000 3.624
205.000 3.719
210.000 3.648
215.000 3.770
220.000 3.925
225.000 3.924
230.000 4.015
235.000 4.116
240.000 4.105
245.000 4.223
250.000 4.336
255.000 4.328
260.000 4.397
265.000 4.455
270.000 4.513
275.000 4.585
280.000 4.599
285.000 4.667
290.000 4.750
295.000 4.828
300.000 4.825
305.000 4.961
310.000 5.097
315.000 5.167
320.000 5.297
325.000 5.385
330.000 5.581
335.000 5.767
340.000 5.903
345.000 6.137
350.000 6.279
355.000 6.467
360.000 6.765
365.000 6.943
370.000 7.261
375.000 7.452
380.000 7.816
385.000 8.288
390.000 8.429
395.000 8.746
400.000 8.893
405.000 9.143
410.000 9.268
415.000 9.296
420.000 9.274
425.000 9.255
430.000 8.978
435.000 8.498
440.000 8.194
445.000 7.619
450.000 7.268
455.000 6.616
460.000 6.237
465.000 5.424
470.000 4.581
475.000 4.201
480.000 3.497
485.000 3.210
490.000 2.694
495.000 2.300
500.000 2.125
505.000 1.864
510.000 1.746
515.000 1.562
520.000 1.467
525.000 1.419
530.000 1.342
535.000 1.305
540.000 1.233
545.000 1.154
550.000 1.125
555.000 1.061
560.000 1.020
565.000 0.965
570.000 0.902
575.000 0.875
580.000 0.840
585.000 0.806
590.000 0.771
595.000 0.734
600.000 0.728
605.000 0.690
610.000 0.676
615.000 0.648
620.000 0.608
625.000 0.614
630.000 0.591
635.000 0.583
640.000 0.571
645.000 0.552
650.000 0.541
655.000 0.525
660.000 0.516
665.000 0.507
670.000 0.496
675.000 0.483
680.000 0.472
685.000 0.471
690.000 0.461
695.000 0.455
700.000 0.445
705.000 0.453
710.000 0.441
715.000 0.430
720.000 0.423
725.000 0.419
730.000 0.410
735.000 0.408
740.000 0.403
745.000 0.399
750.000 0.387
755.000 0.386
760.000 0.386
765.000 0.386
770.000 0.378
775.000 0.376
780.000 0.372
785.000 0.369
790.000 0.379
795.000 0.373
800.000 0.383
805.000 0.377
810.000 0.370
815.000 0.367
820.000 0.359
825.000 0.362
830.000 0.361
835.000 0.357
840.000 0.352
845.000 0.351
850.000 0.348
855.000 0.345
860.000 0.343
865.000 0.344
870.000 0.344
875.000 0.343
880.000 0.340
885.000 0.349
890.000 0.336
895.000 0.345
900.000 0.337
905.000 0.340
910.000 0.333
915.000 0.332
920.000 0.336
925.000 0.333
930.000 0.336
935.000 0.337
940.000 0.338
945.000 0.338
950.000 0.346
955.000 0.333
960.000 0.324
965.000 0.331
970.000 0.332
975.000 0.336
980.000 0.324
985.000 0.334
990.000 0.329
995.000 0.323
1000.000 0.345
1005.000 0.327
1010.000 0.326
1015.000 0.323
1020.000 0.338
1025.000 0.324
1030.000 0.330
1035.000 0.330
1040.000 0.336
1045.000 0.343
1050.000 0.333
1055.000 0.334
1060.000 0.327
1065.000 0.330
1070.000 0.330
1075.000 0.334
1080.000 0.329
1085.000 0.325
1090.000 0.329
1095.000 0.340
1100.000 0.329
1105.000 0.330
1110.000 0.326
1115.000 0.328
1120.000 0.331
1125.000 0.333
1130.000 0.333
1135.000 0.325
1140.000 0.332
1145.000 0.328
1150.000 0.333
1155.000 0.336
1160.000 0.333
1165.000 0.337
1170.000 0.341
1175.000 0.342
1180.000 0.337
1185.000 0.332
1190.000 0.338
1195.000 0.336
1200.000 0.330
1205.000 0.340
1210.000 0.338
1215.000 0.337
1220.000 0.336
1225.000 0.336
1230.000 0.340
1235.000 0.337
1240.000 0.350
1245.000 0.369
1250.000 0.381
1255.000 0.443
1260.000 0.433
1265.000 0.515
1270.000 0.514
1275.000 0.480
1280.000 0.428
1285.000 0.426
1290.000 0.388
1295.000 0.377
1300.000 0.382
1305.000 0.358
1310.000 0.397
1315.000 0.500
1320.000 0.464
1325.000 0.419
1330.000 0.407
1335.000 0.427
1340.000 0.408
1345.000 0.393
1350.000 0.374
1355.000 0.366
1360.000 0.363
1365.000 0.361
1370.000 0.357
1375.000 0.357
1380.000 0.356
1385.000 0.362
1390.000 0.358
1395.000 0.358
1400.000 0.360
1405.000 0.364
1410.000 0.359
1415.000 0.358
1420.000 0.356
1425.000 0.359
1430.000 0.357
1435.000 0.356
1440.000 0.354
1445.000 0.351
1450.000 0.349
1455.000 0.346
1460.000 0.350
1465.000 0.351
1470.000 0.349
1475.000 0.353
1480.000 0.354
1485.000 0.362
1490.000 0.368
1495.000 0.369
1500.000 0.371
1505.000 0.369
1510.000 0.378
1515.000 0.383
1520.000 0.379
1525.000 0.387
1530.000 0.392
1535.000 0.398
1540.000 0.398
1545.000 0.401
1550.000 0.404
1555.000 0.404
1560.000 0.425
1565.000 0.422
1570.000 0.422
1575.000 0.422
1580.000 0.423
1585.000 0.428
1590.000 0.426
1595.000 0.430
1600.000 0.441
1605.000 0.444
1610.000 0.448
1615.000 0.459
1620.000 0.459
1625.000 0.466
1630.000 0.468
1635.000 0.491
1640.000 0.484
1645.000 0.488
1650.000 0.489
1655.000 0.493
1660.000 0.494
1665.000 0.500
1670.000 0.504
1675.000 0.510
1680.000 0.511
1685.000 0.520
1690.000 0.531
1695.000 0.535
1700.000 0.541
1705.000 0.550
1710.000 0.557
1715.000 0.568
1720.000 0.572
1725.000 0.597
1730.000 0.604
1735.000 0.614
1740.000 0.621
1745.000 0.619
1750.000 0.629
1755.000 0.641
1760.000 0.645
1765.000 0.658
1770.000 0.663
1775.000 0.678
1780.000 0.687
1785.000 0.701
1790.000 0.707
1795.000 0.713
1800.000 0.727
1805.000 0.727
1810.000 0.743
1815.000 0.757
1820.000 0.764
1825.000 0.770
1830.000 0.778
1835.000 0.794
1840.000 0.803
1845.000 0.803
1850.000 0.804
1855.000 0.805
1860.000 0.811
1865.000 0.813
1870.000 0.817
1875.000 0.821
1880.000 0.822
1885.000 0.823
1890.000 0.823
1895.000 0.822
1900.000 0.817
1905.000 0.810
1910.000 0.808
1915.000 0.800
1920.000 0.795
1925.000 0.791
1930.000 0.789
1935.000 0.776
1940.000 0.777
1945.000 0.762
1950.000 0.757
1955.000 0.758
1960.000 0.753
1965.000 0.755
1970.000 0.732
1975.000 0.733
1980.000 0.732
1985.000 0.712
1990.000 0.695
1995.000 0.690
2000.000 0.680
2005.000 0.682
2010.000 0.683
2015.000 0.680
2020.000 0.657
2025.000 0.658
2030.000 0.661
2035.000 0.650
2040.000 0.656
2045.000 0.649
2050.000 0.624
2055.000 0.625
2060.000 0.619
2065.000 0.623
2070.000 0.618
2075.000 0.607
2080.000 0.605
2085.000 0.601
2090.000 0.597
2095.000 0.595
2100.000 0.589
2105.000 0.587
2110.000 0.582
2115.000 0.577
2120.000 0.577
2125.000 0.568
2130.000 0.569
2135.000 0.567
2140.000 0.566
2145.000 0.560
2150.000 0.565
2155.000 0.561
2160.000 0.563
2165.000 0.559
2170.000 0.565
2175.000 0.560
2180.000 0.557
2185.000 0.558
2190.000 0.553
2195.000 0.556
2200.000 0.562
2205.000 0.557
2210.000 0.564
2215.000 0.560
2220.000 0.565
2225.000 2.010
2230.000 1.502
2235.000 1.117
2240.000 1.065
2245.000 0.890
2250.000 0.775
2255.000 0.741
2260.000 0.683
2265.000 0.657
2270.000 0.620
2275.000 0.594
2280.000 0.579
2285.000 0.534
2290.000 0.502
2295.000 0.336
2300.000 0.771
2305.000 2.581
2310.000 11.643
2315.000 17.619
2320.000 18.741
2325.000 4.106
2330.000 1.329
2335.000 1.143
2340.000 0.706
2345.000 0.360
2350.000 0.195
2355.000 0.152
2360.000 0.122
2365.000 0.121
2370.000 0.126
2375.000 0.135
2380.000 0.143
2385.000 0.155
2390.000 0.155
2395.000 0.163
2400.000 0.173
2405.000 0.174
2410.000 0.180
2415.000 0.180
2420.000 0.185
2425.000 0.190
2430.000 0.193
2435.000 0.197
2440.000 0.197
2445.000 0.203
2450.000 0.206
2455.000 0.207
2460.000 0.210
2465.000 0.211
2470.000 0.213
2475.000 0.216
2480.000 0.217
2485.000 0.220
2490.000 0.221
2495.000 0.223
2500.000 0.224
2505.000 0.226
2510.000 0.228
2515.000 0.228
2520.000 0.232
2525.000 0.233
2530.000 0.234
2535.000 0.237
2540.000 0.238
2545.000 0.240
2550.000 0.241
2555.000 0.243
2560.000 0.246
2565.000 0.246
2570.000 0.248
2575.000 0.249
2580.000 0.253
2585.000 0.253
2590.000 0.255
2595.000 0.256
2600.000 0.257
2605.000 0.260
2610.000 0.263
2615.000 0.264
2620.000 0.267
2625.000 0.267
2630.000 0.270
2635.000 0.271
2640.000 0.274
2645.000 0.277
2650.000 0.278
2655.000 0.280
2660.000 0.286
2665.000 0.286
2670.000 0.290
2675.000 0.291
2680.000 0.291
2685.000 0.294
2690.000 0.297
2695.000 0.298
2700.000 0.301
2705.000 0.304
2710.000 0.308
2715.000 0.307
2720.000 0.311
2725.000 0.314
2730.000 0.317
2735.000 0.320
2740.000 0.322
2745.000 0.323
2750.000 0.327
2755.000 0.332
2760.000 0.335
2765.000 0.338
2770.000 0.343
2775.000 0.345
2780.000 0.348
2785.000 0.352
2790.000 0.354
2795.000 0.359
2800.000 0.359
2805.000 0.366
2810.000 0.373
2815.000 0.373
2820.000 0.381
2825.000 0.380
2830.000 0.385
2835.000 0.391
2840.000 0.393
2845.000 0.396
2850.000 0.403
2855.000 0.407
2860.000 0.410
2865.000 0.414
2870.000 0.414
2875.000 0.419
2880.000 0.421
2885.000 0.427
2890.000 0.429
2895.000 0.431
2900.000 0.432
2905.000 0.441
2910.000 0.445
2915.000 0.446
2920.000 0.448
2925.000 0.447
2930.000 0.454
2935.000 0.455
2940.000 0.458
2945.000 0.463
2950.000 0.463
2955.000 0.468
2960.000 0.477
2965.000 0.467
2970.000 0.475
2975.000 0.470
2980.000 0.470
2985.000 0.483
2990.000 0.477
2995.000 0.480
3000.000 0.478
3005.000 0.478
3010.000 0.489
3015.000 0.485
3020.000 0.481
3025.000 0.492
3030.000 0.492
3035.000 0.478
3040.000 0.481
3045.000 0.481
3050.000 0.479
3055.000 0.488
3060.000 0.487
3065.000 0.486
3070.000 0.482
3075.000 0.483
3080.000 0.482
3085.000 0.489
3090.000 0.483
3095.000 0.484
3100.000 0.486
3105.000 0.487
3110.000 0.487
3115.000 0.483
3120.000 0.484
3125.000 0.483
3130.000 0.482
3135.000 0.484
3140.000 0.481
3145.000 0.485
3150.000 0.486
3155.000 0.482
3160.000 0.485
3165.000 0.485
3170.000 0.485
3175.000 0.484
3180.000 0.485
3185.000 0.484
3190.000 0.486
3195.000 0.489
3200.000 0.486
3205.000 0.488
3210.000 0.489
3215.000 0.490
3220.000 0.490
3225.000 0.491
3230.000 0.490
3235.000 0.492
3240.000 0.493
3245.000 0.493
3250.000 0.496
3255.000 0.498
3260.000 0.501
3265.000 0.503
3270.000 0.503
3275.000 0.504
3280.000 0.508
3285.000 0.508
3290.000 0.512
3295.000 0.512
3300.000 0.514
3305.000 0.517
3310.000 0.519
3315.000 0.524
3320.000 0.525
3325.000 0.527
3330.000 0.531
3335.000 0.531
3340.000 0.538
3345.000 0.542
3350.000 0.545
3355.000 0.549
3360.000 0.550
3365.000 0.556
3370.000 0.559
3375.000 0.563
3380.000 0.567
3385.000 0.569
3390.000 0.576
3395.000 0.580
3400.000 0.583
3405.000 0.593
3410.000 0.603
3415.000 0.602
3420.000 0.610
3425.000 0.612
3430.000 0.619
3435.000 0.623
3440.000 0.633
3445.000 0.640
3450.000 0.646
3455.000 0.654
3460.000 0.661
3465.000 0.673
3470.000 0.686
3475.000 0.691
3480.000 0.704
3485.000 0.714
3490.000 0.729
3495.000 0.748
3500.000 0.758
3505.000 0.781
3510.000 0.791
3515.000 0.815
3520.000 0.842
3525.000 0.861
3530.000 0.879
3535.000 0.892
3540.000 0.913
3545.000 0.940
3550.000 0.953
3555.000 0.985
3560.000 1.007
3565.000 1.043
3570.000 1.073
3575.000 1.096
3580.000 1.141
3585.000 1.165
3590.000 1.216
3595.000 1.272
3600.000 1.307
3605.000 1.381
3610.000 1.427
3615.000 1.512
3620.000 1.612
3625.000 1.669
3630.000 1.805
3635.000 1.879
3640.000 2.072
3645.000 2.326
3650.000 2.492
3655.000 2.894
3660.000 3.168
3665.000 3.888
3670.000 5.020
3675.000 5.806
3680.000 8.071
3685.000 9.641
3690.000 13.915
3695.000 19.924
3700.000 23.178
3705.000 27.081
3710.000 29.356
3715.000 26.522
3720.000 18.633
3725.000 11.089
3730.000 7.328
3735.000 6.105
3740.000 4.481
3745.000 3.923
3750.000 3.101
3755.000 2.523
3760.000 2.296
3765.000 1.936
3770.000 1.789
3775.000 1.556
3780.000 1.371
3785.000 1.295
3790.000 1.164
3795.000 1.106
3800.000 1.010
3805.000 0.932
3810.000 0.897
3815.000 0.836
3820.000 0.809
3825.000 0.759
3830.000 0.720
3835.000 0.699
3840.000 0.668
3845.000 0.651
3850.000 0.623
3855.000 0.595
3860.000 0.585
3865.000 0.563
3870.000 0.553
3875.000 0.535
3880.000 0.518
3885.000 0.510
3890.000 0.496
3895.000 0.490
3900.000 0.476
3905.000 0.466
3910.000 0.459
3915.000 0.450
3920.000 0.446
3925.000 0.434
3930.000 0.426
3935.000 0.423
3940.000 0.416
3945.000 0.410
3950.000 0.403
3955.000 0.400
3960.000 0.392
3965.000 0.385
3970.000 0.389
3975.000 0.378
3980.000 0.373
3985.000 0.375
3990.000 0.365
3995.000 0.369
4000.000 0.366
4005.000 0.354
4010.000 0.353
4015.000 0.348
4020.000 0.354
4025.000 0.342
4030.000 0.343
4035.000 0.342
4040.000 0.345
4045.000 0.344
4050.000 0.335
4055.000 0.337
4060.000 0.333
4065.000 0.334
4070.000 0.330
4075.000 0.328
4080.000 0.328
4085.000 0.329
4090.000 0.328
4095.000 0.326
4100.000 0.325
4105.000 0.323
4110.000 0.323
4115.000 0.324
4120.000 0.321
4125.000 0.320
4130.000 0.319
4135.000 0.319
4140.000 0.318
4145.000 0.316
4150.000 0.317
4155.000 0.316
4160.000 0.314
4165.000 0.312
4170.000 0.311
4175.000 0.310
4180.000 0.308
4185.000 0.308
4190.000 0.313
4195.000 0.310
4200.000 0.308
4205.000 0.304
4210.000 0.302
4215.000 0.302
4220.000 0.299
4225.000 0.296
4230.000 0.292
4235.000 0.294
4240.000 0.289
4245.000 0.287
4250.000 0.281
4255.000 0.281
4260.000 0.279
4265.000 0.277
4270.000 0.274
4275.000 0.275
4280.000 0.275
4285.000 0.274
4290.000 0.272
4295.000 0.272
4300.000 0.272
4305.000 0.271
4310.000 0.271
4315.000 0.269
4320.000 0.270
4325.000 0.269
4330.000 0.270
4335.000 0.269
4340.000 0.268
4345.000 0.269
4350.000 0.269
4355.000 0.269
4360.000 0.271
4365.000 0.270
4370.000 0.268
4375.000 0.269
4380.000 0.269
4385.000 0.269
4390.000 0.270
4395.000 0.270
4400.000 0.270
4405.000 0.271
4410.000 0.270
4415.000 0.269
4420.000 0.269
4425.000 0.274
4430.000 0.274
4435.000 0.274
4440.000 0.272
4445.000 0.271
4450.000 0.271
4455.000 0.270
4460.000 0.271
4465.000 0.271
4470.000 0.270
4475.000 0.272
4480.000 0.271
4485.000 0.273
4490.000 0.272
4495.000 0.273
4500.000 0.273
4505.000 0.273
4510.000 0.274
4515.000 0.274
4520.000 0.274
4525.000 0.276
4530.000 0.275
4535.000 0.274
4540.000 0.274
4545.000 0.276
4550.000 0.275
4555.000 0.275
4560.000 0.277
4565.000 0.276
4570.000 0.276
4575.000 0.277
4580.000 0.275
4585.000 0.276
4590.000 0.278
4595.000 0.278
4600.000 0.277
4605.000 0.281
4610.000 0.278
4615.000 0.281
4620.000 0.280
4625.000 0.281
4630.000 0.281
4635.000 0.282
4640.000 0.281
4645.000 0.283
4650.000 0.283
4655.000 0.283
4660.000 0.286
4665.000 0.283
4670.000 0.285
4675.000 0.288
4680.000 0.288
4685.000 0.290
4690.000 0.289
4695.000 0.290
4700.000 0.291
4705.000 0.292
4710.000 0.293
4715.000 0.294
4720.000 0.295
4725.000 0.296
4730.000 0.299
4735.000 0.299
4740.000 0.300
4745.000 0.302
4750.000 0.306
4755.000 0.305
4760.000 0.311
4765.000 0.313
4770.000 0.315
4775.000 0.318
4780.000 0.320
4785.000 0.324
4790.000 0.325
4795.000 0.332
4800.000 0.334
4805.000 0.339
4810.000 0.343
4815.000 0.349
4820.000 0.357
4825.000 0.365
4830.000 0.370
4835.000 0.375
4840.000 0.383
4845.000 0.399
4850.000 0.409
4855.000 0.414
4860.000 0.429
4865.000 0.436
4870.000 0.456
4875.000 0.477
4880.000 0.490
4885.000 0.517
4890.000 0.530
4895.000 0.567
4900.000 0.617
4905.000 0.643
4910.000 0.707
4915.000 0.737
4920.000 0.794
4925.000 0.860
4930.000 0.901
4935.000 1.003
4940.000 1.079
4945.000 1.275
4950.000 1.608
4955.000 1.858
4960.000 2.753
4965.000 3.562
4970.000 6.744
4975.000 11.098
4980.000 10.512
4985.000 5.803
4990.000 5.374
4995.000 11.080
5000.000 17.086
5005.000 11.168
5010.000 5.569
5015.000 4.635
5020.000 2.925
5025.000 2.154
5030.000 1.857
5035.000 1.472
5040.000 1.331
5045.000 1.110
5050.000 0.953
5055.000 0.897
5060.000 0.799
5065.000 0.750
5070.000 0.686
5075.000 0.638
5080.000 0.611
5085.000 0.571
5090.000 0.555
5095.000 0.525
5100.000 0.498
5105.000 0.488
5110.000 0.471
5115.000 0.464
5120.000 0.446
5125.000 0.432
5130.000 0.427
5135.000 0.414
5140.000 0.412
5145.000 0.401
5150.000 0.396
5155.000 0.389
5160.000 0.383
5165.000 0.380
5170.000 0.375
5175.000 0.368
5180.000 0.365
5185.000 0.361
5190.000 0.358
5195.000 0.355
5200.000 0.353
5205.000 0.353
5210.000 0.346
5215.000 0.341
5220.000 0.341
5225.000 0.338
5230.000 0.334
5235.000 0.332
5240.000 0.330
5245.000 0.327
5250.000 0.326
5255.000 0.324
5260.000 0.320
5265.000 0.319
5270.000 0.317
5275.000 0.317
5280.000 0.312
5285.000 0.311
5290.000 0.312
5295.000 0.307
5300.000 0.307
5305.000 0.305
5310.000 0.301
5315.000 0.301
5320.000 0.298
5325.000 0.299
5330.000 0.298
5335.000 0.294
5340.000 0.295
5345.000 0.294
5350.000 0.291
5355.000 0.291
5360.000 0.291
5365.000 0.289
5370.000 0.289
5375.000 0.288
5380.000 0.288
5385.000 0.286
5390.000 0.285
5395.000 0.282
5400.000 0.285
5405.000 0.283
5410.000 0.283
5415.000 0.283
5420.000 0.282
5425.000 0.282
5430.000 0.283
5435.000 0.281
5440.000 0.280
5445.000 0.283
5450.000 0.282
5455.000 0.282
5460.000 0.283
5465.000 0.284
5470.000 0.283
5475.000 0.282
5480.000 0.283
5485.000 0.285
5490.000 0.283
5495.000 0.286
5500.000 0.286
5505.000 0.287
5510.000 0.287
5515.000 0.289
5520.000 0.293
5525.000 0.292
5530.000 0.298
5535.000 0.297
5540.000 0.297
5545.000 0.297
5550.000 0.296
5555.000 0.298
5560.000 0.298
5565.000 0.298
5570.000 0.299
5575.000 0.300
5580.000 0.301
5585.000 0.304
5590.000 0.303
5595.000 0.304
5600.000 0.306
5605.000 0.309
5610.000 0.311
5615.000 0.309
5620.000 0.312
5625.000 0.314
5630.000 0.316
5635.000 0.318
5640.000 0.318
5645.000 0.321
5650.000 0.321
5655.000 0.322
5660.000 0.327
5665.000 0.328
5670.000 0.330
5675.000 0.330
5680.000 0.331
5685.000 0.336
5690.000 0.336
5695.000 0.339
5700.000 0.339
5705.000 0.342
5710.000 0.345
5715.000 0.346
5720.000 0.349
5725.000 0.351
5730.000 0.355
5735.000 0.358
5740.000 0.358
5745.000 0.363
5750.000 0.365
5755.000 0.369
5760.000 0.371
5765.000 0.374
5770.000 0.376
5775.000 0.379
5780.000 0.382
5785.000 0.388
5790.000 0.389
5795.000 0.392
5800.000 0.391
5805.000 0.399
5810.000 0.402
5815.000 0.408
5820.000 0.412
5825.000 0.414
5830.000 0.419
5835.000 0.418
5840.000 0.426
5845.000 0.433
5850.000 0.437
5855.000 0.444
5860.000 0.447
5865.000 0.454
5870.000 0.460
5875.000 0.465
5880.000 0.474
5885.000 0.480
5890.000 0.490
5895.000 0.497
5900.000 0.503
5905.000 0.509
5910.000 0.514
5915.000 0.524
5920.000 0.537
5925.000 0.543
5930.000 0.555
5935.000 0.559
5940.000 0.571
5945.000 0.576
5950.000 0.579
5955.000 0.593
5960.000 0.598
5965.000 0.611
5970.000 0.610
5975.000 0.621
5980.000 0.631
5985.000 0.631
5990.000 0.642
5995.000 0.653
6000.000 0.657
6005.000 0.676
6010.000 0.675
6015.000 0.698
6020.000 0.708
6025.000 0.712
6030.000 0.725
6035.000 0.734
6040.000 0.765
6045.000 0.782
6050.000 0.786
6055.000 0.808
6060.000 0.815
6065.000 0.835
6070.000 0.867
6075.000 0.884
6080.000 0.908
6085.000 0.925
6090.000 0.956
6095.000 0.993
6100.000 1.012
6105.000 1.056
6110.000 1.076
6115.000 1.126
6120.000 1.185
6125.000 1.211
6130.000 1.275
6135.000 1.307
6140.000 1.385
6145.000 1.470
6150.000 1.514
6155.000 1.621
6160.000 1.684
6165.000 1.821
6170.000 2.006
6175.000 2.127
6180.000 2.401
6185.000 2.569
6190.000 3.016
6195.000 3.655
6200.000 4.117
6205.000 5.413
6210.000 6.269
6215.000 8.649
6220.000 12.012
6225.000 13.978
6230.000 17.765
6235.000 19.088
6240.000 18.847
6245.000 15.533
6250.000 12.919
6255.000 8.717
6260.000 7.168
6265.000 5.053
6270.000 3.794
6275.000 3.363
6280.000 2.713
6285.000 2.475
6290.000 2.118
6295.000 1.872
6300.000 1.790
6305.000 1.635
6310.000 1.573
6315.000 1.434
6320.000 1.290
6325.000 1.220
6330.000 1.116
6335.000 1.065
6340.000 0.990
6345.000 0.917
6350.000 0.890
6355.000 0.833
6360.000 0.808
6365.000 0.762
6370.000 0.728
6375.000 0.708
6380.000 0.678
6385.000 0.663
6390.000 0.639
6395.000 0.623
6400.000 0.600
6405.000 0.577
6410.000 0.576
6415.000 0.556
6420.000 0.544
6425.000 0.531
6430.000 0.518
6435.000 0.513
6440.000 0.498
6445.000 0.492
6450.000 0.482
6455.000 0.475
6460.000 0.471
6465.000 0.462
6470.000 0.460
6475.000 0.452
6480.000 0.447
6485.000 0.445
6490.000 0.438
6495.000 0.437
6500.000 0.434
6505.000 0.433
6510.000 0.431
6515.000 0.430
6520.000 0.430
6525.000 0.433
6530.000 0.434
6535.000 0.435
6540.000 0.445
6545.000 0.450
6550.000 0.472
6555.000 0.514
6560.000 0.548
6565.000 0.666
6570.000 0.750
6575.000 0.605
6580.000 3.258
6585.000 7.070
6590.000 1.179
6595.000 0.835
6600.000 1.069
6605.000 0.587
6610.000 0.525
6615.000 0.380
6620.000 0.398
6625.000 0.352
6630.000 0.341
6635.000 0.335
6640.000 0.322
6645.000 0.319
6650.000 0.312
6655.000 0.306
6660.000 0.305
6665.000 0.299
6670.000 0.297
6675.000 0.295
6680.000 0.293
6685.000 0.290
6690.000 0.290
6695.000 0.287
6700.000 0.286
6705.000 0.282
6710.000 0.285
6715.000 0.285
6720.000 0.284
6725.000 0.283
6730.000 0.280
6735.000 0.281
6740.000 0.279
6745.000 0.279
6750.000 0.278
6755.000 0.278
6760.000 0.276
6765.000 0.276
6770.000 0.275
6775.000 0.275
6780.000 0.275
6785.000 0.275
6790.000 0.275
6795.000 0.276
6800.000 0.276
6805.000 0.275
6810.000 0.273
6815.000 0.272
6820.000 0.271
6825.000 0.272
6830.000 0.272
6835.000 0.270
6840.000 0.271
6845.000 0.270
6850.000 0.269
6855.000 0.267
6860.000 0.268
6865.000 0.268
6870.000 0.269
6875.000 0.270
6880.000 0.268
6885.000 0.266
6890.000 0.268
6895.000 0.266
6900.000 0.267
6905.000 0.266
6910.000 0.267
6915.000 0.266
6920.000 0.266
6925.000 0.266
6930.000 0.267
6935.000 0.266
6940.000 0.264
6945.000 0.264
6950.000 0.263
6955.000 0.266
6960.000 0.262
6965.000 0.261
6970.000 0.265
6975.000 0.266
6980.000 0.264
6985.000 0.267
6990.000 0.258
6995.000 0.268
7000.000 0.265
7005.000 0.269
7010.000 0.264
7015.000 0.268
7020.000 0.270
7025.000 0.267
7030.000 0.263
7035.000 0.263
7040.000 0.260
7045.000 0.262
7050.000 0.265
7055.000 0.265
7060.000 0.266
7065.000 0.264
7070.000 0.264
7075.000 0.265
7080.000 0.266
7085.000 0.263
7090.000 0.263
7095.000 0.265
7100.000 0.262
7105.000 0.263
7110.000 0.265
7115.000 0.262
7120.000 0.263
7125.000 0.264
7130.000 0.270
7135.000 0.268
7140.000 0.268
7145.000 0.270
7150.000 0.267
7155.000 0.266
7160.000 0.267
7165.000 0.266
7170.000 0.266
7175.000 0.266
7180.000 0.266
7185.000 0.266
7190.000 0.272
7195.000 0.268
7200.000 0.269
7205.000 0.271
7210.000 0.273
7215.000 0.273
7220.000 0.274
7225.000 0.276
7230.000 0.279
7235.000 0.279
7240.000 0.281
7245.000 0.287
7250.000 0.287
7255.000 0.291
7260.000 0.294
7265.000 0.299
7270.000 0.302
7275.000 0.307
7280.000 0.312
7285.000 0.315
7290.000 0.323
7295.000 0.327
7300.000 0.334
7305.000 0.348
7310.000 0.351
7315.000 0.365
7320.000 0.372
7325.000 0.391
7330.000 0.412
7335.000 0.423
7340.000 0.450
7345.000 0.463
7350.000 0.505
7355.000 0.553
7360.000 0.587
7365.000 0.653
7370.000 0.697
7375.000 0.796
7380.000 0.914
7385.000 0.972
7390.000 1.103
7395.000 1.181
7400.000 1.401
7405.000 1.718
7410.000 1.925
7415.000 2.464
7420.000 2.837
7425.000 3.812
7430.000 5.236
7435.000 6.132
7440.000 8.416
7445.000 9.586
7450.000 11.061
7455.000 9.677
7460.000 7.880
7465.000 4.383
7470.000 2.993
7475.000 1.879
7480.000 2.220
7485.000 2.088
7490.000 1.837
7495.000 1.700
7500.000 1.441
7505.000 1.257
7510.000 1.190
7515.000 1.088
7520.000 1.054
7525.000 0.990
7530.000 0.936
7535.000 0.917
7540.000 0.851
7545.000 0.823
7550.000 0.772
7555.000 0.734
7560.000 0.713
7565.000 0.680
7570.000 0.661
7575.000 0.636
7580.000 0.611
7585.000 0.598
7590.000 0.614
7595.000 0.602
7600.000 0.582
7605.000 0.570
7610.000 0.558
7615.000 0.539
7620.000 0.529
7625.000 0.510
7630.000 0.496
7635.000 0.487
7640.000 0.478
7645.000 0.470
7650.000 0.459
7655.000 0.451
7660.000 0.449
7665.000 0.438
7670.000 0.437
7675.000 0.427
7680.000 0.422
7685.000 0.419
7690.000 0.416
7695.000 0.414
7700.000 0.407
7705.000 0.401
7710.000 0.397
7715.000 0.392
7720.000 0.392
7725.000 0.389
7730.000 0.383
7735.000 0.383
7740.000 0.376
7745.000 0.374
7750.000 0.370
7755.000 0.362
7760.000 0.363
7765.000 0.360
7770.000 0.356
7775.000 0.354
7780.000 0.349
7785.000 0.348
7790.000 0.348
7795.000 0.347
7800.000 0.341
7805.000 0.334
7810.000 0.335
7815.000 0.329
7820.000 0.331
7825.000 0.325
7830.000 0.322
7835.000 0.318
7840.000 0.317
7845.000 0.314
7850.000 0.313
7855.000 0.306
7860.000 0.304
7865.000 0.299
7870.000 0.297
7875.000 0.290
7880.000 0.289
7885.000 0.287
7890.000 0.281
7895.000 0.280
7900.000 0.275
7905.000 0.271
7910.000 0.265
7915.000 0.261
7920.000 0.259
7925.000 0.253
7930.000 0.250
7935.000 0.243
7940.000 0.238
7945.000 0.238
7950.000 0.229
7955.000 0.223
7960.000 0.218
7965.000 0.209
7970.000 0.210
7975.000 0.197
7980.000 0.193
7985.000 0.192
7990.000 0.181
7995.000 0.188
8000.000 0.183
8005.000 0.192
8010.000 0.206
8015.000 0.242
8020.000 0.268
8025.000 0.357
8030.000 0.415
8035.000 0.703
8040.000 1.474
8045.000 2.211
8050.000 4.539
8055.000 6.292
8060.000 10.583
8065.000 8.292
8070.000 0.935
8075.000 5.042
8080.000 2.595
8085.000 1.838
8090.000 1.548
8095.000 1.361
8100.000 1.141
8105.000 1.056
8110.000 0.898
8115.000 0.795
8120.000 0.754
8125.000 0.696
8130.000 0.671
8135.000 0.631
8140.000 0.596
8145.000 0.586
8150.000 0.561
8155.000 0.552
8160.000 0.532
8165.000 0.524
8170.000 0.508
8175.000 0.492
8180.000 0.489
8185.000 0.477
8190.000 0.471
8195.000 0.462
8200.000 0.454
8205.000 0.450
8210.000 0.443
8215.000 0.441
8220.000 0.437
8225.000 0.428
8230.000 0.427
8235.000 0.423
8240.000 0.422
8245.000 0.416
8250.000 0.411
8255.000 0.411
8260.000 0.409
8265.000 0.405
8270.000 0.403
8275.000 0.396
8280.000 0.397
8285.000 0.393
8290.000 0.392
8295.000 0.386
8300.000 0.385
8305.000 0.383
8310.000 0.380
8315.000 0.376
8320.000 0.371
8325.000 0.369
8330.000 0.370
8335.000 0.365
8340.000 0.363
8345.000 0.363
8350.000 0.359
8355.000 0.357
8360.000 0.355
8365.000 0.351
8370.000 0.349
8375.000 0.347
8380.000 0.345
8385.000 0.340
8390.000 0.336
8395.000 0.335
8400.000 0.331
8405.000 0.331
8410.000 0.326
8415.000 0.324
8420.000 0.324
8425.000 0.319
8430.000 0.318
8435.000 0.314
8440.000 0.310
8445.000 0.306
8450.000 0.307
8455.000 0.304
8460.000 0.301
8465.000 0.299
8470.000 0.296
8475.000 0.296
8480.000 0.298
8485.000 0.299
8490.000 0.301
8495.000 0.302
8500.000 0.314
8505.000 0.321
8510.000 0.347
8515.000 0.366
8520.000 0.433
8525.000 0.594
8530.000 0.785
8535.000 1.927
8540.000 3.182
8545.000 6.415
8550.000 5.810
8555.000 1.246
8560.000 1.092
8565.000 1.636
8570.000 0.958
8575.000 0.926
8580.000 0.935
8585.000 0.958
8590.000 0.969
8595.000 1.070
8600.000 1.302
8605.000 1.477
8610.000 1.966
8615.000 2.323
8620.000 3.337
8625.000 4.820
8630.000 5.727
8635.000 7.683
8640.000 8.622
8645.000 9.975
8650.000 9.875
8655.000 9.220
8660.000 7.460
8665.000 6.588
8670.000 5.098
8675.000 3.802
8680.000 3.122
8685.000 1.977
8690.000 1.570
8695.000 0.892
8700.000 0.821
8705.000 0.897
8710.000 1.000
8715.000 1.045
8720.000 1.081
8725.000 1.049
8730.000 1.027
8735.000 1.007
8740.000 0.990
8745.000 0.979
8750.000 0.969
8755.000 0.963
8760.000 0.951
8765.000 0.947
8770.000 0.936
8775.000 0.927
8780.000 0.920
8785.000 0.905
8790.000 0.903
8795.000 0.897
8800.000 0.893
8805.000 0.886
8810.000 0.878
8815.000 0.880
8820.000 0.887
8825.000 0.871
8830.000 0.886
8835.000 0.941
8840.000 0.924
8845.000 0.890
8850.000 0.867
8855.000 0.837
8860.000 0.817
8865.000 0.813
8870.000 0.804
8875.000 0.803
8880.000 0.792
8885.000 0.783
8890.000 0.785
8895.000 0.782
8900.000 0.784
8905.000 0.774
8910.000 0.773
8915.000 0.770
8920.000 0.766
8925.000 0.761
8930.000 0.758
8935.000 0.756
8940.000 0.755
8945.000 0.752
8950.000 0.748
8955.000 0.745
8960.000 0.744
8965.000 0.737
8970.000 0.740
8975.000 0.737
8980.000 0.739
8985.000 0.755
8990.000 0.748
8995.000 0.737
9000.000 0.744
9005.000 0.725
9010.000 0.726
9015.000 0.722
9020.000 0.732
9025.000 0.720
9030.000 0.719
9035.000 0.723
9040.000 0.716
9045.000 0.717
9050.000 0.720
9055.000 0.712
9060.000 0.715
9065.000 0.707
9070.000 0.713
9075.000 0.710
9080.000 0.706
9085.000 0.709
9090.000 0.704
9095.000 0.704
9100.000 0.699
9105.000 0.703
9110.000 0.704
9115.000 0.706
9120.000 0.701
9125.000 0.703
9130.000 0.702
9135.000 0.703
9140.000 0.699
9145.000 0.705
9150.000 0.703
9155.000 0.700
9160.000 0.699
9165.000 0.699
9170.000 0.701
9175.000 0.697
9180.000 0.702
9185.000 0.703
9190.000 0.699
9195.000 0.700
9200.000 0.703
9205.000 0.705
9210.000 0.700
9215.000 0.704
9220.000 0.705
9225.000 0.709
9230.000 0.712
9235.000 0.711
9240.000 0.713
9245.000 0.715
9250.000 0.715
9255.000 0.712
9260.000 0.712
9265.000 0.711
9270.000 0.715
9275.000 0.718
9280.000 0.720
9285.000 0.723
9290.000 0.725
9295.000 0.723
9300.000 0.721
9305.000 0.728
9310.000 0.731
9315.000 0.729
9320.000 0.734
9325.000 0.741
9330.000 0.741
9335.000 0.747
9340.000 0.747
9345.000 0.749
9350.000 0.752
9355.000 0.756
9360.000 0.756
9365.000 0.769
9370.000 0.772
9375.000 0.775
9380.000 0.786
9385.000 0.790
9390.000 0.801
9395.000 0.803
9400.000 0.811
9405.000 0.821
9410.000 0.829
9415.000 0.851
9420.000 0.869
9425.000 0.878
9430.000 0.904
9435.000 0.918
9440.000 0.956
9445.000 0.999
9450.000 1.025
9455.000 1.098
9460.000 1.153
9465.000 1.312
9470.000 1.633
9475.000 1.899
9480.000 2.553
9485.000 2.664
9490.000 2.561
9495.000 2.411
9500.000 1.330
9505.000 0.193
9510.000 0.322
9515.000 0.389
9520.000 0.428
9525.000 0.448
9530.000 0.485
9535.000 0.505
9540.000 0.543
9545.000 0.561
9550.000 0.570
9555.000 0.584
9560.000 0.590
9565.000 0.607
9570.000 0.622
9575.000 0.629
9580.000 0.643
9585.000 0.645
9590.000 0.652
9595.000 0.670
9600.000 0.681
9605.000 0.692
9610.000 0.694
9615.000 0.714
9620.000 0.724
9625.000 0.728
9630.000 0.736
9635.000 0.746
9640.000 0.752
9645.000 0.766
9650.000 0.772
9655.000 0.785
9660.000 0.796
9665.000 0.812
9670.000 0.823
9675.000 0.828
9680.000 0.848
9685.000 0.854
9690.000 0.875
9695.000 0.899
9700.000 0.906
9705.000 0.936
9710.000 0.949
9715.000 0.969
9720.000 1.001
9725.000 1.017
9730.000 1.061
9735.000 1.077
9740.000 1.130
9745.000 1.179
9750.000 1.208
9755.000 1.269
9760.000 1.305
9765.000 1.391
9770.000 1.490
9775.000 1.554
9780.000 1.712
9785.000 1.808
9790.000 2.080
9795.000 2.448
9800.000 2.683
9805.000 3.269
9810.000 3.624
9815.000 4.185
9820.000 4.175
9825.000 3.881
9830.000 2.976
9835.000 2.512
9840.000 1.759
9845.000 1.254
9850.000 1.070
9855.000 0.802
9860.000 0.707
9865.000 0.576
9870.000 0.512
9875.000 0.486
9880.000 0.419
9885.000 0.400
9890.000 0.354
9895.000 0.292
9900.000 0.265
9905.000 0.208
9910.000 0.187
9915.000 0.149
9920.000 0.122
9925.000 0.110
9930.000 0.093
9935.000 0.093
9940.000 0.089
9945.000 0.090
9950.000 0.094
9955.000 0.100
9960.000 0.105
9965.000 0.113
9970.000 0.118
9975.000 0.124
9980.000 0.133
9985.000 0.140
9990.000 0.146
9995.000 0.155
10000.000 0.166
