105.000 0.041
110.000 0.037
115.000 2.562
120.000 3.026
125.000 3.149
130.000 3.710
135.000 3.754
140.000 3.833
145.000 3.920
150.000 3.876
155.000 3.763
160.000 3.825
165.000 3.690
170.000 3.666
175.000 3.632
180.000 3.572
185.000 3.634
190.000 3.606
195.000 3.658
200.000 3.683
205.000 3.799
210.000 3.777
215.000 3.888
220.000 3.887
225.000 3.989
230.000 4.141
235.000 4.083
240.000 4.105
245.000 4.194
250.000 4.322
255.000 4.361
260.000 4.384
265.000 4.225
270.000 4.336
275.000 4.471
280.000 4.469
285.000 4.556
290.000 4.651
295.000 4.557
300.000 4.554
305.000 4.701
310.000 4.740
315.000 4.901
320.000 4.987
325.000 5.286
330.000 5.371
335.000 5.391
340.000 5.429
345.000 5.526
350.000 5.793
355.000 5.811
360.000 5.861
365.000 6.196
370.000 6.421
375.000 6.934
380.000 7.598
385.000 8.277
390.000 8.509
395.000 8.663
400.000 9.077
405.000 9.304
410.000 9.163
415.000 9.178
420.000 9.126
425.000 8.967
430.000 8.634
435.000 8.413
440.000 7.933
445.000 7.651
450.000 7.127
455.000 6.397
460.000 6.003
465.000 5.261
470.000 4.904
475.000 4.248
480.000 3.660
485.000 3.361
490.000 2.843
495.000 2.625
500.000 2.253
505.000 1.958
510.000 1.841
515.000 1.620
520.000 1.543
525.000 1.421
530.000 1.324
535.000 1.305
540.000 1.216
545.000 1.189
550.000 1.123
555.000 1.047
560.000 1.020
565.000 0.948
570.000 0.920
575.000 0.865
580.000 0.818
585.000 0.809
590.000 0.767
595.000 0.740
600.000 0.715
605.000 0.664
610.000 0.648
615.000 0.621
620.000 0.610
625.000 0.571
630.000 0.582
635.000 0.565
640.000 0.537
645.000 0.535
650.000 0.508
655.000 0.482
660.000 0.466
665.000 0.450
670.000 0.443
675.000 0.424
680.000 0.415
685.000 0.397
690.000 0.398
695.000 0.394
700.000 0.381
705.000 0.368
710.000 0.368
715.000 0.367
720.000 0.356
725.000 0.349
730.000 0.335
735.000 0.334
740.000 0.330
745.000 0.324
750.000 0.321
755.000 0.315
760.000 0.317
765.000 0.304
770.000 0.310
775.000 0.299
780.000 0.293
785.000 0.296
790.000 0.294
795.000 0.296
800.000 0.294
805.000 0.288
810.000 0.287
815.000 0.284
820.000 0.282
825.000 0.279
830.000 0.277
835.000 0.272
840.000 0.271
845.000 0.260
850.000 0.266
855.000 0.264
860.000 0.263
865.000 0.262
870.000 0.262
875.000 0.260
880.000 0.260
885.000 0.258
890.000 0.256
895.000 0.255
900.000 0.257
905.000 0.255
910.000 0.252
915.000 0.251
920.000 0.252
925.000 0.248
930.000 0.246
935.000 0.248
940.000 0.249
945.000 0.247
950.000 0.246
955.000 0.243
960.000 0.247
965.000 0.249
970.000 0.241
975.000 0.242
980.000 0.241
985.000 0.240
990.000 0.244
995.000 0.246
1000.000 0.241
1005.000 0.239
1010.000 0.237
1015.000 0.238
1020.000 0.247
1025.000 0.239
1030.000 0.244
1035.000 0.238
1040.000 0.242
1045.000 0.248
1050.000 0.248
1055.000 0.246
1060.000 0.244
1065.000 0.244
1070.000 0.249
1075.000 0.248
1080.000 0.250
1085.000 0.247
1090.000 0.243
1095.000 0.244
1100.000 0.243
1105.000 0.243
1110.000 0.244
1115.000 0.242
1120.000 0.243
1125.000 0.242
1130.000 0.243
1135.000 0.246
1140.000 0.244
1145.000 0.242
1150.000 0.244
1155.000 0.245
1160.000 0.247
1165.000 0.246
1170.000 0.242
1175.000 0.244
1180.000 0.247
1185.000 0.243
1190.000 0.246
1195.000 0.244
1200.000 0.248
1205.000 0.249
1210.000 0.250
1215.000 0.249
1220.000 0.246
1225.000 0.249
1230.000 0.249
1235.000 0.248
1240.000 0.253
1245.000 0.253
1250.000 0.252
1255.000 0.249
1260.000 0.254
1265.000 0.250
1270.000 0.255
1275.000 0.255
1280.000 0.254
1285.000 0.255
1290.000 0.258
1295.000 0.257
1300.000 0.257
1305.000 0.255
1310.000 0.257
1315.000 0.261
1320.000 0.260
1325.000 0.258
1330.000 0.261
1335.000 0.262
1340.000 0.264
1345.000 0.265
1350.000 0.266
1355.000 0.266
1360.000 0.268
1365.000 0.267
1370.000 0.270
1375.000 0.270
1380.000 0.270
1385.000 0.273
1390.000 0.272
1395.000 0.272
1400.000 0.276
1405.000 0.272
1410.000 0.273
1415.000 0.273
1420.000 0.274
1425.000 0.273
1430.000 0.272
1435.000 0.271
1440.000 0.270
1445.000 0.266
1450.000 0.269
1455.000 0.267
1460.000 0.269
1465.000 0.265
1470.000 0.271
1475.000 0.274
1480.000 0.277
1485.000 0.281
1490.000 0.283
1495.000 0.290
1500.000 0.297
1505.000 0.302
1510.000 0.304
1515.000 0.308
1520.000 0.315
1525.000 0.317
1530.000 0.318
1535.000 0.325
1540.000 0.331
1545.000 0.336
1550.000 0.340
1555.000 0.344
1560.000 0.352
1565.000 0.354
1570.000 0.361
1575.000 0.371
1580.000 0.375
1585.000 0.380
1590.000 0.382
1595.000 0.393
1600.000 0.402
1605.000 0.406
1610.000 0.413
1615.000 0.424
1620.000 0.432
1625.000 0.445
1630.000 0.448
1635.000 0.462
1640.000 0.471
1645.000 0.486
1650.000 0.499
1655.000 0.508
1660.000 0.528
1665.000 0.539
1670.000 0.557
1675.000 0.582
1680.000 0.592
1685.000 0.619
1690.000 0.628
1695.000 0.653
1700.000 0.681
1705.000 0.699
1710.000 0.729
1715.000 0.741
1720.000 0.780
1725.000 0.819
1730.000 0.827
1735.000 0.850
1740.000 0.864
1745.000 0.887
1750.000 0.913
1755.000 0.926
1760.000 0.946
1765.000 0.962
1770.000 0.982
1775.000 1.012
1780.000 1.031
1785.000 1.050
1790.000 1.062
1795.000 1.083
1800.000 1.111
1805.000 1.128
1810.000 1.143
1815.000 1.158
1820.000 1.180
1825.000 1.204
1830.000 1.217
1835.000 1.238
1840.000 1.248
1845.000 1.272
1850.000 1.283
1855.000 1.289
1860.000 1.302
1865.000 1.310
1870.000 1.318
1875.000 1.331
1880.000 1.331
1885.000 1.333
1890.000 1.341
1895.000 1.347
1900.000 1.348
1905.000 1.344
1910.000 1.340
1915.000 1.339
1920.000 1.332
1925.000 1.328
1930.000 1.329
1935.000 1.327
1940.000 1.324
1945.000 1.325
1950.000 1.317
1955.000 1.307
1960.000 1.305
1965.000 1.292
1970.000 1.299
1975.000 1.277
1980.000 1.270
1985.000 1.273
1990.000 1.261
1995.000 1.257
2000.000 1.241
2005.000 1.244
2010.000 1.240
2015.000 1.239
2020.000 1.219
2025.000 1.208
2030.000 1.221
2035.000 1.196
2040.000 1.195
2045.000 1.186
2050.000 1.187
2055.000 1.189
2060.000 1.182
2065.000 1.189
2070.000 1.177
2075.000 1.177
2080.000 1.172
2085.000 1.176
2090.000 1.174
2095.000 1.176
2100.000 1.179
2105.000 1.177
2110.000 1.181
2115.000 1.184
2120.000 1.189
2125.000 1.191
2130.000 1.199
2135.000 1.205
2140.000 1.205
2145.000 1.219
2150.000 1.225
2155.000 1.240
2160.000 1.258
2165.000 1.265
2170.000 1.285
2175.000 1.295
2180.000 1.315
2185.000 1.345
2190.000 1.363
2195.000 1.393
2200.000 1.414
2205.000 1.453
2210.000 1.495
2215.000 1.522
2220.000 1.575
2225.000 1.610
2230.000 1.678
2235.000 1.758
2240.000 1.801
2245.000 1.908
2250.000 1.967
2255.000 2.110
2260.000 2.306
2265.000 2.430
2270.000 2.763
2275.000 2.977
2280.000 3.611
2285.000 4.672
2290.000 5.474
2295.000 8.005
2300.000 9.851
2305.000 14.732
2310.000 21.818
2315.000 26.205
2320.000 25.220
2325.000 15.529
2330.000 8.101
2335.000 6.011
2340.000 3.884
2345.000 2.750
2350.000 2.345
2355.000 1.748
2360.000 1.531
2365.000 1.199
2370.000 0.970
2375.000 0.874
2380.000 0.719
2385.000 0.662
2390.000 0.557
2395.000 0.478
2400.000 0.445
2405.000 0.385
2410.000 0.357
2415.000 0.313
2420.000 0.274
2425.000 0.254
2430.000 0.222
2435.000 0.209
2440.000 0.186
2445.000 0.162
2450.000 0.151
2455.000 0.131
2460.000 0.122
2465.000 0.107
2470.000 0.092
2475.000 0.085
2480.000 0.073
2485.000 0.066
2490.000 0.054
2495.000 0.046
2500.000 0.041
2505.000 0.034
2510.000 0.032
2515.000 0.026
2520.000 0.025
2525.000 0.023
2530.000 0.023
2535.000 0.027
2540.000 0.030
2545.000 0.033
2550.000 0.034
2555.000 0.040
2560.000 0.040
2565.000 0.045
2570.000 0.048
2575.000 0.051
2580.000 0.054
2585.000 0.056
2590.000 0.059
2595.000 0.061
2600.000 0.066
2605.000 0.069
2610.000 0.070
2615.000 0.071
2620.000 0.075
2625.000 0.074
2630.000 0.079
2635.000 0.081
2640.000 0.082
2645.000 0.087
2650.000 0.087
2655.000 0.087
2660.000 0.089
2665.000 0.091
2670.000 0.093
2675.000 0.093
2680.000 0.096
2685.000 0.096
2690.000 0.099
2695.000 0.100
2700.000 0.100
2705.000 0.100
2710.000 0.104
2715.000 0.104
2720.000 0.105
2725.000 0.105
2730.000 0.110
2735.000 0.108
2740.000 0.111
2745.000 0.113
2750.000 0.114
2755.000 0.116
2760.000 0.117
2765.000 0.117
2770.000 0.120
2775.000 0.122
2780.000 0.124
2785.000 0.123
2790.000 0.126
2795.000 0.131
2800.000 0.129
2805.000 0.132
2810.000 0.133
2815.000 0.135
2820.000 0.137
2825.000 0.138
2830.000 0.142
2835.000 0.142
2840.000 0.144
2845.000 0.146
2850.000 0.148
2855.000 0.150
2860.000 0.153
2865.000 0.156
2870.000 0.161
2875.000 0.162
2880.000 0.165
2885.000 0.166
2890.000 0.170
2895.000 0.174
2900.000 0.175
2905.000 0.181
2910.000 0.183
2915.000 0.186
2920.000 0.189
2925.000 0.191
2930.000 0.193
2935.000 0.200
2940.000 0.200
2945.000 0.201
2950.000 0.205
2955.000 0.213
2960.000 0.212
2965.000 0.214
2970.000 0.223
2975.000 0.219
2980.000 0.222
2985.000 0.230
2990.000 0.226
2995.000 0.232
3000.000 0.242
3005.000 0.230
3010.000 0.233
3015.000 0.233
3020.000 0.244
3025.000 0.241
3030.000 0.246
3035.000 0.247
3040.000 0.259
3045.000 0.258
3050.000 0.254
3055.000 0.262
3060.000 0.254
3065.000 0.262
3070.000 0.258
3075.000 0.259
3080.000 0.274
3085.000 0.274
3090.000 0.271
3095.000 0.269
3100.000 0.270
3105.000 0.272
3110.000 0.273
3115.000 0.275
3120.000 0.272
3125.000 0.275
3130.000 0.276
3135.000 0.276
3140.000 0.277
3145.000 0.278
3150.000 0.278
3155.000 0.282
3160.000 0.283
3165.000 0.285
3170.000 0.284
3175.000 0.285
3180.000 0.287
3185.000 0.287
3190.000 0.285
3195.000 0.288
3200.000 0.290
3205.000 0.289
3210.000 0.290
3215.000 0.288
3220.000 0.290
3225.000 0.292
3230.000 0.293
3235.000 0.295
3240.000 0.295
3245.000 0.294
3250.000 0.298
3255.000 0.297
3260.000 0.299
3265.000 0.299
3270.000 0.300
3275.000 0.303
3280.000 0.302
3285.000 0.303
3290.000 0.306
3295.000 0.305
3300.000 0.305
3305.000 0.306
3310.000 0.308
3315.000 0.308
3320.000 0.310
3325.000 0.313
3330.000 0.315
3335.000 0.317
3340.000 0.315
3345.000 0.316
3350.000 0.317
3355.000 0.320
3360.000 0.319
3365.000 0.321
3370.000 0.323
3375.000 0.323
3380.000 0.326
3385.000 0.327
3390.000 0.329
3395.000 0.329
3400.000 0.333
3405.000 0.339
3410.000 0.340
3415.000 0.338
3420.000 0.339
3425.000 0.344
3430.000 0.345
3435.000 0.345
3440.000 0.348
3445.000 0.348
3450.000 0.351
3455.000 0.357
3460.000 0.355
3465.000 0.358
3470.000 0.362
3475.000 0.368
3480.000 0.371
3485.000 0.374
3490.000 0.376
3495.000 0.382
3500.000 0.385
3505.000 0.389
3510.000 0.393
3515.000 0.398
3520.000 0.405
3525.000 0.412
3530.000 0.415
3535.000 0.425
3540.000 0.430
3545.000 0.435
3550.000 0.444
3555.000 0.452
3560.000 0.460
3565.000 0.473
3570.000 0.482
3575.000 0.495
3580.000 0.504
3585.000 0.520
3590.000 0.537
3595.000 0.549
3600.000 0.570
3605.000 0.589
3610.000 0.617
3615.000 0.651
3620.000 0.669
3625.000 0.715
3630.000 0.742
3635.000 0.800
3640.000 0.874
3645.000 0.921
3650.000 1.038
3655.000 1.117
3660.000 1.318
3665.000 1.638
3670.000 1.869
3675.000 2.474
3680.000 2.909
3685.000 4.199
3690.000 6.312
3695.000 7.891
3700.000 14.593
3705.000 19.455
3710.000 16.455
3715.000 9.610
3720.000 6.226
3725.000 4.108
3730.000 3.305
3735.000 2.333
3740.000 1.750
3745.000 1.534
3750.000 1.222
3755.000 1.104
3760.000 0.922
3765.000 0.789
3770.000 0.738
3775.000 0.651
3780.000 0.617
3785.000 0.561
3790.000 0.512
3795.000 0.492
3800.000 0.457
3805.000 0.443
3810.000 0.412
3815.000 0.392
3820.000 0.382
3825.000 0.368
3830.000 0.359
3835.000 0.344
3840.000 0.333
3845.000 0.328
3850.000 0.317
3855.000 0.315
3860.000 0.305
3865.000 0.298
3870.000 0.295
3875.000 0.292
3880.000 0.288
3885.000 0.282
3890.000 0.278
3895.000 0.277
3900.000 0.275
3905.000 0.273
3910.000 0.270
3915.000 0.267
3920.000 0.267
3925.000 0.263
3930.000 0.263
3935.000 0.263
3940.000 0.258
3945.000 0.255
3950.000 0.254
3955.000 0.254
3960.000 0.249
3965.000 0.249
3970.000 0.250
3975.000 0.254
3980.000 0.254
3985.000 0.248
3990.000 0.250
3995.000 0.244
4000.000 0.241
4005.000 0.241
4010.000 0.248
4015.000 0.240
4020.000 0.239
4025.000 0.241
4030.000 0.249
4035.000 0.239
4040.000 0.243
4045.000 0.243
4050.000 0.236
4055.000 0.245
4060.000 0.242
4065.000 0.242
4070.000 0.242
4075.000 0.241
4080.000 0.241
4085.000 0.236
4090.000 0.238
4095.000 0.240
4100.000 0.239
4105.000 0.238
4110.000 0.240
4115.000 0.240
4120.000 0.239
4125.000 0.238
4130.000 0.239
4135.000 0.239
4140.000 0.239
4145.000 0.239
4150.000 0.239
4155.000 0.240
4160.000 0.239
4165.000 0.237
4170.000 0.238
4175.000 0.239
4180.000 0.238
4185.000 0.239
4190.000 0.239
4195.000 0.239
4200.000 0.239
4205.000 0.238
4210.000 0.239
4215.000 0.238
4220.000 0.238
4225.000 0.238
4230.000 0.239
4235.000 0.239
4240.000 0.239
4245.000 0.240
4250.000 0.241
4255.000 0.240
4260.000 0.242
4265.000 0.242
4270.000 0.243
4275.000 0.243
4280.000 0.243
4285.000 0.244
4290.000 0.244
4295.000 0.243
4300.000 0.244
4305.000 0.244
4310.000 0.245
4315.000 0.246
4320.000 0.248
4325.000 0.247
4330.000 0.246
4335.000 0.247
4340.000 0.247
4345.000 0.247
4350.000 0.247
4355.000 0.245
4360.000 0.248
4365.000 0.247
4370.000 0.248
4375.000 0.247
4380.000 0.249
4385.000 0.248
4390.000 0.248
4395.000 0.249
4400.000 0.250
4405.000 0.249
4410.000 0.250
4415.000 0.249
4420.000 0.251
4425.000 0.255
4430.000 0.253
4435.000 0.251
4440.000 0.250
4445.000 0.251
4450.000 0.253
4455.000 0.251
4460.000 0.253
4465.000 0.251
4470.000 0.250
4475.000 0.249
4480.000 0.253
4485.000 0.252
4490.000 0.253
4495.000 0.253
4500.000 0.251
4505.000 0.252
4510.000 0.252
4515.000 0.252
4520.000 0.252
4525.000 0.254
4530.000 0.254
4535.000 0.254
4540.000 0.254
4545.000 0.255
4550.000 0.255
4555.000 0.257
4560.000 0.257
4565.000 0.255
4570.000 0.257
4575.000 0.259
4580.000 0.257
4585.000 0.261
4590.000 0.259
4595.000 0.258
4600.000 0.260
4605.000 0.258
4610.000 0.258
4615.000 0.261
4620.000 0.259
4625.000 0.262
4630.000 0.263
4635.000 0.263
4640.000 0.263
4645.000 0.264
4650.000 0.264
4655.000 0.265
4660.000 0.266
4665.000 0.266
4670.000 0.265
4675.000 0.264
4680.000 0.266
4685.000 0.268
4690.000 0.268
4695.000 0.269
4700.000 0.270
4705.000 0.272
4710.000 0.272
4715.000 0.274
4720.000 0.274
4725.000 0.277
4730.000 0.279
4735.000 0.276
4740.000 0.280
4745.000 0.281
4750.000 0.284
4755.000 0.288
4760.000 0.288
4765.000 0.292
4770.000 0.292
4775.000 0.294
4780.000 0.299
4785.000 0.303
4790.000 0.305
4795.000 0.309
4800.000 0.315
4805.000 0.320
4810.000 0.329
4815.000 0.333
4820.000 0.344
4825.000 0.349
4830.000 0.362
4835.000 0.374
4840.000 0.390
4845.000 0.407
4850.000 0.419
4855.000 0.431
4860.000 0.454
4865.000 0.462
4870.000 0.478
4875.000 0.491
4880.000 0.521
4885.000 0.549
4890.000 0.564
4895.000 0.606
4900.000 0.632
4905.000 0.684
4910.000 0.756
4915.000 0.808
4920.000 0.909
4925.000 0.978
4930.000 1.145
4935.000 1.398
4940.000 1.573
4945.000 2.088
4950.000 2.461
4955.000 3.606
4960.000 5.472
4965.000 6.869
4970.000 10.962
4975.000 13.202
4980.000 7.221
4985.000 12.570
4990.000 7.587
4995.000 14.139
5000.000 12.794
5005.000 6.610
5010.000 5.024
5015.000 4.566
5020.000 3.285
5025.000 2.840
5030.000 2.294
5035.000 1.919
5040.000 1.775
5045.000 1.549
5050.000 1.470
5055.000 1.321
5060.000 1.220
5065.000 1.175
5070.000 1.095
5075.000 1.052
5080.000 0.986
5085.000 0.929
5090.000 0.909
5095.000 0.868
5100.000 0.851
5105.000 0.823
5110.000 0.796
5115.000 0.786
5120.000 0.765
5125.000 0.757
5130.000 0.739
5135.000 0.727
5140.000 0.720
5145.000 0.709
5150.000 0.705
5155.000 0.694
5160.000 0.684
5165.000 0.684
5170.000 0.675
5175.000 0.672
5180.000 0.666
5185.000 0.661
5190.000 0.658
5195.000 0.657
5200.000 0.657
5205.000 0.652
5210.000 0.652
5215.000 0.652
5220.000 0.648
5225.000 0.649
5230.000 0.645
5235.000 0.641
5240.000 0.637
5245.000 0.633
5250.000 0.631
5255.000 0.629
5260.000 0.626
5265.000 0.626
5270.000 0.625
5275.000 0.623
5280.000 0.623
5285.000 0.619
5290.000 0.621
5295.000 0.617
5300.000 0.618
5305.000 0.613
5310.000 0.616
5315.000 0.614
5320.000 0.612
5325.000 0.611
5330.000 0.608
5335.000 0.609
5340.000 0.609
5345.000 0.608
5350.000 0.609
5355.000 0.604
5360.000 0.603
5365.000 0.598
5370.000 0.598
5375.000 0.595
5380.000 0.592
5385.000 0.591
5390.000 0.588
5395.000 0.586
5400.000 0.582
5405.000 0.581
5410.000 0.579
5415.000 0.577
5420.000 0.571
5425.000 0.571
5430.000 0.564
5435.000 0.565
5440.000 0.563
5445.000 0.561
5450.000 0.558
5455.000 0.557
5460.000 0.555
5465.000 0.549
5470.000 0.549
5475.000 0.546
5480.000 0.542
5485.000 0.543
5490.000 0.540
5495.000 0.536
5500.000 0.536
5505.000 0.530
5510.000 0.528
5515.000 0.528
5520.000 0.529
5525.000 0.529
5530.000 0.529
5535.000 0.525
5540.000 0.522
5545.000 0.513
5550.000 0.513
5555.000 0.510
5560.000 0.509
5565.000 0.507
5570.000 0.504
5575.000 0.501
5580.000 0.500
5585.000 0.505
5590.000 0.502
5595.000 0.502
5600.000 0.495
5605.000 0.497
5610.000 0.496
5615.000 0.494
5620.000 0.492
5625.000 0.492
5630.000 0.494
5635.000 0.494
5640.000 0.489
5645.000 0.490
5650.000 0.488
5655.000 0.492
5660.000 0.487
5665.000 0.488
5670.000 0.489
5675.000 0.487
5680.000 0.488
5685.000 0.488
5690.000 0.489
5695.000 0.502
5700.000 0.500
5705.000 0.496
5710.000 0.531
5715.000 0.518
5720.000 0.513
5725.000 0.507
5730.000 0.507
5735.000 0.507
5740.000 0.506
5745.000 0.503
5750.000 0.503
5755.000 0.504
5760.000 0.501
5765.000 0.508
5770.000 0.510
5775.000 0.513
5780.000 0.517
5785.000 0.515
5790.000 0.518
5795.000 0.517
5800.000 0.520
5805.000 0.524
5810.000 0.527
5815.000 0.531
5820.000 0.533
5825.000 0.538
5830.000 0.541
5835.000 0.547
5840.000 0.551
5845.000 0.555
5850.000 0.559
5855.000 0.563
5860.000 0.562
5865.000 0.566
5870.000 0.567
5875.000 0.569
5880.000 0.574
5885.000 0.579
5890.000 0.585
5895.000 0.590
5900.000 0.609
5905.000 0.611
5910.000 0.616
5915.000 0.617
5920.000 0.619
5925.000 0.618
5930.000 0.628
5935.000 0.631
5940.000 0.644
5945.000 0.643
5950.000 0.652
5955.000 0.666
5960.000 0.675
5965.000 0.691
5970.000 0.689
5975.000 0.689
5980.000 0.702
5985.000 0.707
5990.000 0.721
5995.000 0.717
6000.000 0.730
6005.000 0.737
6010.000 0.751
6015.000 0.763
6020.000 0.779
6025.000 0.805
6030.000 0.823
6035.000 0.837
6040.000 0.859
6045.000 0.874
6050.000 0.885
6055.000 0.919
6060.000 0.922
6065.000 0.960
6070.000 0.972
6075.000 1.006
6080.000 1.043
6085.000 1.070
6090.000 1.111
6095.000 1.128
6100.000 1.187
6105.000 1.236
6110.000 1.264
6115.000 1.333
6120.000 1.371
6125.000 1.445
6130.000 1.534
6135.000 1.584
6140.000 1.692
6145.000 1.754
6150.000 1.893
6155.000 2.066
6160.000 2.172
6165.000 2.416
6170.000 2.565
6175.000 2.960
6180.000 3.511
6185.000 3.858
6190.000 4.850
6195.000 5.497
6200.000 7.239
6205.000 8.420
6210.000 11.513
6215.000 15.738
6220.000 18.254
6225.000 23.987
6230.000 26.960
6235.000 31.249
6240.000 28.667
6245.000 23.965
6250.000 14.827
6255.000 11.536
6260.000 8.348
6265.000 6.233
6270.000 5.477
6275.000 4.340
6280.000 3.896
6285.000 3.194
6290.000 2.674
6295.000 2.467
6300.000 2.126
6305.000 1.984
6310.000 1.736
6315.000 1.535
6320.000 1.462
6325.000 1.326
6330.000 1.269
6335.000 1.168
6340.000 1.086
6345.000 1.048
6350.000 0.987
6355.000 0.957
6360.000 0.907
6365.000 0.862
6370.000 0.843
6375.000 0.803
6380.000 0.787
6385.000 0.752
6390.000 0.724
6395.000 0.708
6400.000 0.687
6405.000 0.675
6410.000 0.650
6415.000 0.629
6420.000 0.617
6425.000 0.595
6430.000 0.586
6435.000 0.566
6440.000 0.544
6445.000 0.537
6450.000 0.520
6455.000 0.512
6460.000 0.494
6465.000 0.474
6470.000 0.464
6475.000 0.446
6480.000 0.437
6485.000 0.413
6490.000 0.392
6495.000 0.382
6500.000 0.359
6505.000 0.346
6510.000 0.319
6515.000 0.294
6520.000 0.280
6525.000 0.252
6530.000 0.237
6535.000 0.224
6540.000 0.247
6545.000 0.284
6550.000 0.434
6555.000 0.568
6560.000 1.104
6565.000 3.350
6570.000 7.032
6575.000 15.800
6580.000 16.831
6585.000 4.390
6590.000 3.898
6595.000 2.277
6600.000 2.457
6605.000 2.099
6610.000 1.572
6615.000 1.365
6620.000 1.262
6625.000 1.128
6630.000 1.070
6635.000 0.986
6640.000 0.925
6645.000 0.899
6650.000 0.854
6655.000 0.833
6660.000 0.784
6665.000 0.768
6670.000 0.756
6675.000 0.737
6680.000 0.724
6685.000 0.709
6690.000 0.695
6695.000 0.690
6700.000 0.678
6705.000 0.670
6710.000 0.659
6715.000 0.651
6720.000 0.648
6725.000 0.642
6735.000 0.644
6740.000 0.635
6745.000 0.626
6750.000 0.623
6755.000 0.619
6760.000 0.618
6765.000 0.611
6770.000 0.608
6775.000 0.605
6780.000 0.602
6785.000 0.601
6790.000 0.600
6795.000 0.597
6800.000 0.596
6805.000 0.593
6810.000 0.591
6815.000 0.588
6820.000 0.588
6825.000 0.584
6830.000 0.583
6835.000 0.583
6840.000 0.580
6845.000 0.579
6850.000 0.579
6855.000 0.578
6860.000 0.577
6865.000 0.576
6870.000 0.577
6875.000 0.577
6880.000 0.574
6885.000 0.574
6890.000 0.573
6895.000 0.571
6900.000 0.572
6905.000 0.572
6910.000 0.573
6915.000 0.573
6920.000 0.571
6925.000 0.569
6930.000 0.568
6935.000 0.571
6940.000 0.568
6945.000 0.572
6950.000 0.570
6955.000 0.570
6960.000 0.574
6965.000 0.574
6970.000 0.567
6975.000 0.571
6980.000 0.573
6985.000 0.571
6990.000 0.581
6995.000 0.582
7000.000 0.576
7005.000 0.579
7010.000 0.583
7015.000 0.581
7020.000 0.586
7025.000 0.587
7030.000 0.583
7035.000 0.593
7040.000 0.594
7045.000 0.596
7050.000 0.594
7055.000 0.600
7060.000 0.597
7065.000 0.598
7070.000 0.599
7075.000 0.602
7080.000 0.604
7085.000 0.609
7090.000 0.614
7095.000 0.614
7100.000 0.618
7105.000 0.621
7110.000 0.623
7115.000 0.624
7120.000 0.629
7125.000 0.634
7130.000 0.639
7135.000 0.640
7140.000 0.647
7145.000 0.652
7150.000 0.657
7155.000 0.663
7160.000 0.666
7165.000 0.673
7170.000 0.676
7175.000 0.682
7180.000 0.691
7185.000 0.697
7195.000 0.767
7200.000 0.756
7205.000 0.752
7210.000 0.751
7215.000 0.753
7220.000 0.757
7225.000 0.771
7230.000 0.792
7240.000 0.889
7245.000 0.882
7250.000 0.881
7255.000 0.880
7260.000 0.885
7265.000 0.906
7270.000 0.919
7275.000 0.943
7280.000 0.975
7285.000 0.990
7290.000 1.030
7295.000 1.051
7300.000 1.094
7305.000 1.144
7310.000 1.173
7315.000 1.215
7320.000 1.234
7325.000 1.272
7330.000 1.321
7335.000 1.347
7340.000 1.400
7345.000 1.438
7350.000 1.526
7355.000 1.613
7360.000 1.730
7365.000 1.808
7370.000 1.890
7375.000 1.994
7380.000 2.118
7385.000 2.191
7390.000 2.375
7395.000 2.499
7400.000 2.803
7405.000 3.238
7410.000 3.522
7415.000 4.323
7420.000 4.859
7425.000 6.328
7430.000 8.579
7435.000 10.028
7440.000 13.442
7445.000 15.089
7450.000 16.881
7455.000 13.932
7460.000 10.912
7465.000 6.185
7470.000 4.922
7475.000 3.861
7480.000 3.293
7485.000 2.919
7490.000 2.337
7495.000 2.102
7500.000 1.739
7505.000 1.490
7510.000 1.385
7515.000 1.202
7520.000 1.126
7525.000 0.992
7530.000 0.867
7535.000 0.815
7540.000 0.726
7545.000 0.681
7550.000 0.613
7555.000 0.554
7560.000 0.530
7565.000 0.487
7570.000 0.464
7575.000 0.430
7580.000 0.416
7585.000 0.389
7590.000 0.364
7595.000 0.355
7600.000 0.335
7605.000 0.327
7610.000 0.309
7615.000 0.295
7620.000 0.289
7625.000 0.277
7630.000 0.272
7635.000 0.261
7640.000 0.255
7645.000 0.251
7650.000 0.243
7655.000 0.238
7660.000 0.233
7665.000 0.226
7670.000 0.224
7675.000 0.222
7680.000 0.220
7685.000 0.217
7690.000 0.214
7695.000 0.212
7700.000 0.211
7705.000 0.210
7710.000 0.210
7715.000 0.207
7720.000 0.207
7725.000 0.206
7730.000 0.206
7735.000 0.205
7740.000 0.206
7745.000 0.205
7750.000 0.207
7755.000 0.206
7760.000 0.206
7765.000 0.206
7770.000 0.207
7775.000 0.207
7780.000 0.207
7785.000 0.208
7790.000 0.210
7795.000 0.209
7800.000 0.210
7805.000 0.210
7810.000 0.213
7815.000 0.213
7820.000 0.213
7825.000 0.214
7830.000 0.216
7835.000 0.218
7840.000 0.222
7845.000 0.223
7850.000 0.224
7855.000 0.224
7860.000 0.226
7865.000 0.227
7870.000 0.228
7875.000 0.230
7880.000 0.231
7885.000 0.233
7890.000 0.235
7895.000 0.236
7900.000 0.237
7905.000 0.239
7910.000 0.243
7915.000 0.245
7920.000 0.246
7925.000 0.253
7930.000 0.252
7935.000 0.256
7940.000 0.257
7945.000 0.258
7950.000 0.264
7955.000 0.263
7960.000 0.270
7965.000 0.275
7970.000 0.279
7975.000 0.277
7980.000 0.281
7985.000 0.295
7990.000 0.297
7995.000 0.309
8000.000 0.317
8005.000 0.327
8010.000 0.337
8015.000 0.363
8020.000 0.369
8025.000 0.407
8030.000 0.417
8035.000 0.480
8040.000 0.561
8045.000 0.628
8050.000 0.870
8055.000 1.105
8060.000 2.464
8065.000 4.530
8070.000 2.989
8075.000 1.692
8080.000 0.826
8085.000 0.671
8090.000 0.338
8095.000 0.306
8100.000 0.260
8105.000 0.258
8110.000 0.238
8115.000 0.225
8120.000 0.227
8125.000 0.221
8130.000 0.224
8135.000 0.219
8140.000 0.219
8145.000 0.219
8150.000 0.218
8155.000 0.220
8160.000 0.222
8165.000 0.222
8170.000 0.222
8175.000 0.222
8180.000 0.223
8185.000 0.226
8190.000 0.227
8195.000 0.227
8200.000 0.229
8205.000 0.227
8210.000 0.230
8215.000 0.232
8220.000 0.233
8225.000 0.234
8230.000 0.236
8235.000 0.235
8240.000 0.237
8245.000 0.234
8250.000 0.237
8255.000 0.242
8260.000 0.242
8265.000 0.243
8270.000 0.241
8275.000 0.245
8280.000 0.245
8285.000 0.247
8290.000 0.246
8295.000 0.246
8300.000 0.245
8305.000 0.244
8310.000 0.247
8315.000 0.245
8320.000 0.244
8325.000 0.247
8330.000 0.247
8335.000 0.247
8340.000 0.248
8345.000 0.251
8350.000 0.249
8355.000 0.252
8360.000 0.251
8365.000 0.252
8370.000 0.254
8375.000 0.255
8380.000 0.256
8385.000 0.258
8390.000 0.257
8395.000 0.260
8400.000 0.259
8405.000 0.260
8410.000 0.263
8415.000 0.262
8420.000 0.265
8425.000 0.268
8430.000 0.270
8435.000 0.271
8440.000 0.272
8450.000 0.301
8455.000 0.295
8460.000 0.299
8465.000 0.300
8470.000 0.302
8475.000 0.312
8480.000 0.315
8485.000 0.327
8490.000 0.346
8495.000 0.355
8500.000 0.384
8505.000 0.403
8510.000 0.461
8515.000 0.555
8520.000 0.633
8525.000 0.951
8530.000 1.296
8535.000 2.817
8540.000 5.661
8545.000 7.116
8550.000 5.384
8555.000 0.873
8560.000 0.401
8565.000 0.682
8570.000 0.421
8575.000 0.307
8580.000 0.292
8585.000 0.231
8590.000 0.200
8595.000 0.192
8600.000 0.179
8605.000 0.181
8610.000 0.191
8615.000 0.218
8620.000 0.237
8625.000 0.296
8630.000 0.332
8635.000 0.410
8640.000 0.473
8645.000 0.480
8650.000 0.439
8655.000 0.426
8660.000 0.488
8665.000 0.765
8670.000 1.038
8675.000 1.874
8680.000 2.392
8685.000 3.429
8690.000 3.484
8695.000 3.067
8700.000 2.274
8705.000 1.936
8710.000 1.498
8715.000 1.198
8720.000 1.086
8725.000 0.912
8730.000 0.846
8735.000 0.743
8740.000 0.673
8745.000 0.648
8750.000 0.606
8755.000 0.586
8760.000 0.559
8765.000 0.537
8770.000 0.524
8775.000 0.507
8780.000 0.497
8785.000 0.482
8790.000 0.466
8795.000 0.460
8800.000 0.447
8805.000 0.446
8810.000 0.435
8815.000 0.423
8820.000 0.417
8825.000 0.432
8830.000 0.438
8835.000 0.407
8840.000 0.426
8845.000 0.417
8850.000 0.396
8855.000 0.394
8860.000 0.387
8865.000 0.384
8870.000 0.383
8875.000 0.384
8880.000 0.383
8885.000 0.377
8890.000 0.376
8895.000 0.377
8900.000 0.379
8905.000 0.377
8910.000 0.368
8915.000 0.365
8920.000 0.363
8925.000 0.362
8930.000 0.362
8935.000 0.358
8940.000 0.361
8945.000 0.361
8950.000 0.359
8955.000 0.357
8960.000 0.359
8965.000 0.358
8970.000 0.354
8975.000 0.354
8980.000 0.351
8985.000 0.354
8990.000 0.356
8995.000 0.355
9000.000 0.361
9005.000 0.353
9010.000 0.349
9015.000 0.350
9020.000 0.361
9025.000 0.356
9030.000 0.353
9035.000 0.353
9040.000 0.350
9045.000 0.351
9050.000 0.355
9055.000 0.349
9060.000 0.348
9065.000 0.354
9070.000 0.351
9075.000 0.352
9080.000 0.352
9085.000 0.355
9090.000 0.354
9095.000 0.356
9100.000 0.353
9105.000 0.357
9110.000 0.359
9115.000 0.356
9120.000 0.358
9125.000 0.358
9130.000 0.356
9135.000 0.358
9140.000 0.358
9145.000 0.359
9150.000 0.362
9155.000 0.362
9160.000 0.361
9165.000 0.362
9170.000 0.360
9175.000 0.361
9180.000 0.362
9185.000 0.364
9190.000 0.363
9195.000 0.364
9200.000 0.364
9205.000 0.363
9210.000 0.362
9215.000 0.360
9220.000 0.366
9225.000 0.370
9230.000 0.366
9235.000 0.367
9240.000 0.368
9245.000 0.369
9250.000 0.371
9255.000 0.368
9260.000 0.372
9265.000 0.374
9270.000 0.374
9275.000 0.376
9280.000 0.375
9285.000 0.376
9290.000 0.374
9295.000 0.377
9300.000 0.378
9305.000 0.381
9310.000 0.381
9315.000 0.383
9320.000 0.386
9325.000 0.384
9330.000 0.385
9335.000 0.384
9340.000 0.393
9345.000 0.392
9350.000 0.393
9355.000 0.396
9360.000 0.397
9365.000 0.398
9370.000 0.405
9375.000 0.410
9380.000 0.412
9385.000 0.418
9390.000 0.421
9395.000 0.430
9400.000 0.438
9405.000 0.444
9410.000 0.456
9415.000 0.462
9420.000 0.481
9425.000 0.500
9430.000 0.516
9435.000 0.545
9440.000 0.564
9445.000 0.610
9450.000 0.684
9455.000 0.739
9460.000 0.912
9465.000 1.063
9470.000 1.642
9475.000 2.893
9480.000 3.635
9485.000 3.702
9490.000 2.253
9495.000 1.391
9500.000 0.831
9505.000 0.446
9510.000 0.307
9515.000 0.235
9520.000 0.164
9525.000 0.118
9530.000 0.107
9535.000 0.092
9540.000 0.087
9545.000 0.082
9550.000 0.081
9555.000 0.079
9560.000 0.081
9565.000 0.079
9570.000 0.080
9575.000 0.080
9580.000 0.080
9585.000 0.079
9590.000 0.078
9595.000 0.075
9600.000 0.075
9605.000 0.071
9610.000 0.068
9615.000 0.064
9620.000 0.063
9625.000 0.061
9630.000 0.055
9635.000 0.049
9640.000 0.047
9645.000 0.039
9650.000 0.036
9655.000 0.032
9660.000 0.027
9665.000 0.028
9670.000 0.029
9675.000 0.031
9680.000 0.040
9685.000 0.051
9690.000 0.061
9695.000 0.078
9700.000 0.087
9705.000 0.110
9710.000 0.139
9715.000 0.152
9720.000 0.182
9725.000 0.206
9730.000 0.248
9735.000 0.308
9740.000 0.345
9745.000 0.439
9750.000 0.496
9755.000 0.641
9760.000 0.814
9765.000 0.918
9770.000 1.177
9775.000 1.337
9780.000 1.733
9785.000 2.237
9790.000 2.535
9795.000 3.253
9800.000 3.670
9805.000 4.663
9810.000 5.768
9815.000 6.329
9820.000 7.040
9825.000 7.098
9830.000 6.500
9835.000 5.466
9840.000 4.972
9845.000 4.064
9850.000 3.648
9855.000 2.919
9860.000 2.328
9865.000 2.103
9870.000 1.818
9875.000 1.750
9880.000 1.582
9885.000 1.202
9890.000 1.051
9895.000 0.948
9900.000 0.934
9905.000 0.915
9910.000 0.894
9915.000 0.884
9920.000 0.864
9925.000 0.858
9930.000 0.843
9935.000 0.823
9940.000 0.813
9945.000 0.798
9950.000 0.788
9955.000 0.770
9960.000 0.760
9965.000 0.749
9970.000 0.743
9975.000 0.732
9980.000 0.719
9985.000 0.711
9990.000 0.696
9995.000 0.687
10000.000 0.687
