105.000 0.096
110.000 1.039
115.000 2.452
120.000 3.014
125.000 3.302
130.000 3.553
135.000 3.753
140.000 3.828
145.000 3.912
150.000 3.909
155.000 3.845
160.000 3.830
165.000 3.718
170.000 3.678
175.000 3.579
180.000 3.614
185.000 3.566
190.000 3.504
195.000 3.593
200.000 3.592
205.000 3.638
210.000 3.693
215.000 3.773
220.000 3.837
225.000 3.847
230.000 3.964
235.000 4.047
240.000 4.135
245.000 4.168
250.000 4.164
255.000 4.317
260.000 4.396
265.000 4.505
270.000 4.477
275.000 4.575
280.000 4.632
285.000 4.735
290.000 4.693
295.000 4.805
300.000 4.828
305.000 4.942
310.000 5.037
315.000 5.126
320.000 5.235
325.000 5.306
330.000 5.371
335.000 5.512
340.000 5.586
345.000 5.815
350.000 5.867
355.000 6.152
360.000 6.463
365.000 6.597
370.000 6.937
375.000 7.116
380.000 7.527
385.000 8.003
390.000 8.228
395.000 8.606
400.000 8.785
405.000 9.037
410.000 9.234
415.000 9.267
420.000 9.290
425.000 9.185
430.000 8.886
435.000 8.504
440.000 8.210
445.000 7.434
450.000 7.049
455.000 6.111
460.000 5.284
465.000 4.802
470.000 4.005
475.000 3.682
480.000 3.066
485.000 2.797
490.000 2.388
495.000 2.066
500.000 1.954
505.000 1.753
510.000 1.668
515.000 1.548
520.000 1.460
525.000 1.446
530.000 1.335
535.000 1.324
540.000 1.230
545.000 1.170
550.000 1.133
555.000 1.063
560.000 1.032
565.000 0.973
570.000 0.921
575.000 0.892
580.000 0.844
585.000 0.830
590.000 0.778
595.000 0.736
600.000 0.726
605.000 0.699
610.000 0.687
615.000 0.652
620.000 0.630
625.000 0.615
630.000 0.596
635.000 0.587
640.000 0.574
645.000 0.554
650.000 0.547
655.000 0.537
660.000 0.523
665.000 0.511
670.000 0.508
675.000 0.490
680.000 0.479
685.000 0.473
690.000 0.459
695.000 0.443
700.000 0.452
705.000 0.442
710.000 0.431
715.000 0.429
720.000 0.421
725.000 0.424
730.000 0.415
735.000 0.410
740.000 0.399
745.000 0.401
750.000 0.398
755.000 0.385
760.000 0.389
765.000 0.379
770.000 0.379
775.000 0.379
780.000 0.377
785.000 0.372
790.000 0.371
795.000 0.374
800.000 0.377
805.000 0.379
810.000 0.364
815.000 0.364
820.000 0.357
825.000 0.361
830.000 0.349
835.000 0.359
840.000 0.352
845.000 0.350
850.000 0.357
855.000 0.343
860.000 0.345
865.000 0.342
870.000 0.346
875.000 0.347
880.000 0.345
885.000 0.338
890.000 0.338
895.000 0.337
900.000 0.333
905.000 0.351
910.000 0.335
915.000 0.332
920.000 0.334
925.000 0.327
930.000 0.337
935.000 0.330
940.000 0.330
945.000 0.332
950.000 0.333
955.000 0.326
960.000 0.341
965.000 0.324
970.000 0.345
975.000 0.336
980.000 0.338
985.000 0.335
990.000 0.332
995.000 0.321
1000.000 0.335
1005.000 0.329
1010.000 0.322
1015.000 0.326
1020.000 0.322
1025.000 0.321
1030.000 0.323
1035.000 0.331
1040.000 0.334
1045.000 0.337
1050.000 0.334
1055.000 0.338
1060.000 0.325
1065.000 0.324
1070.000 0.325
1075.000 0.326
1080.000 0.324
1085.000 0.324
1090.000 0.327
1095.000 0.330
1100.000 0.330
1105.000 0.332
1110.000 0.324
1115.000 0.322
1120.000 0.333
1125.000 0.328
1130.000 0.327
1135.000 0.328
1140.000 0.329
1145.000 0.326
1150.000 0.333
1155.000 0.328
1160.000 0.332
1165.000 0.330
1170.000 0.330
1175.000 0.332
1180.000 0.337
1185.000 0.336
1190.000 0.332
1195.000 0.338
1200.000 0.338
1205.000 0.339
1210.000 0.333
1215.000 0.335
1220.000 0.332
1225.000 0.332
1230.000 0.344
1235.000 0.336
1240.000 0.337
1245.000 0.342
1250.000 0.342
1255.000 0.341
1260.000 0.338
1265.000 0.340
1270.000 0.342
1275.000 0.347
1280.000 0.345
1285.000 0.342
1290.000 0.343
1295.000 0.344
1300.000 0.345
1305.000 0.352
1310.000 0.352
1315.000 0.349
1320.000 0.349
1325.000 0.350
1330.000 0.353
1335.000 0.358
1340.000 0.357
1345.000 0.359
1350.000 0.359
1355.000 0.359
1360.000 0.362
1365.000 0.360
1370.000 0.367
1375.000 0.355
1380.000 0.356
1385.000 0.356
1390.000 0.363
1395.000 0.361
1400.000 0.368
1405.000 0.371
1410.000 0.362
1415.000 0.359
1420.000 0.360
1425.000 0.355
1430.000 0.357
1435.000 0.356
1440.000 0.351
1445.000 0.352
1450.000 0.352
1455.000 0.349
1460.000 0.350
1465.000 0.355
1470.000 0.355
1475.000 0.361
1480.000 0.357
1485.000 0.364
1490.000 0.368
1495.000 0.373
1500.000 0.378
1505.000 0.383
1510.000 0.389
1515.000 0.396
1520.000 0.391
1525.000 0.402
1530.000 0.403
1535.000 0.405
1540.000 0.407
1545.000 0.410
1550.000 0.418
1555.000 0.423
1560.000 0.424
1565.000 0.428
1570.000 0.428
1575.000 0.433
1580.000 0.435
1585.000 0.437
1590.000 0.445
1595.000 0.452
1600.000 0.456
1605.000 0.459
1610.000 0.471
1615.000 0.467
1620.000 0.470
1625.000 0.479
1630.000 0.480
1635.000 0.490
1640.000 0.497
1645.000 0.506
1650.000 0.513
1655.000 0.515
1660.000 0.519
1665.000 0.532
1670.000 0.536
1675.000 0.548
1680.000 0.553
1685.000 0.562
1690.000 0.575
1695.000 0.582
1700.000 0.594
1705.000 0.603
1710.000 0.609
1715.000 0.624
1720.000 0.627
1725.000 0.646
1730.000 0.650
1735.000 0.666
1740.000 0.683
1745.000 0.699
1750.000 0.704
1755.000 0.709
1760.000 0.730
1765.000 0.746
1770.000 0.752
1775.000 0.760
1780.000 0.772
1785.000 0.784
1790.000 0.800
1795.000 0.811
1800.000 0.822
1805.000 0.833
1810.000 0.850
1815.000 0.862
1820.000 0.870
1825.000 0.882
1830.000 0.892
1835.000 0.908
1840.000 0.920
1845.000 0.925
1850.000 0.940
1855.000 0.936
1860.000 0.951
1865.000 0.951
1870.000 0.957
1875.000 0.955
1880.000 0.955
1885.000 0.966
1890.000 0.968
1895.000 0.959
1900.000 0.959
1905.000 0.967
1910.000 0.952
1915.000 0.955
1920.000 0.949
1925.000 0.949
1930.000 0.927
1935.000 0.933
1940.000 0.919
1945.000 0.931
1950.000 0.913
1955.000 0.912
1960.000 0.898
1965.000 0.903
1970.000 0.881
1975.000 0.883
1980.000 0.876
1985.000 0.864
1990.000 0.844
1995.000 0.843
2000.000 0.837
2005.000 0.832
2010.000 0.836
2015.000 0.830
2020.000 0.804
2025.000 0.809
2030.000 0.811
2035.000 0.803
2040.000 0.804
2045.000 0.795
2050.000 0.775
2055.000 0.774
2060.000 0.772
2065.000 0.770
2070.000 0.766
2075.000 0.754
2080.000 0.757
2085.000 0.745
2090.000 0.747
2095.000 0.737
2100.000 0.741
2105.000 0.734
2110.000 0.740
2115.000 0.734
2120.000 0.729
2125.000 0.724
2130.000 0.726
2135.000 0.730
2140.000 0.727
2145.000 0.725
2150.000 0.723
2155.000 0.729
2160.000 0.731
2165.000 0.737
2170.000 0.740
2175.000 0.744
2180.000 0.746
2185.000 0.755
2190.000 0.752
2195.000 0.773
2200.000 0.774
2205.000 0.783
2210.000 0.803
2215.000 0.810
2220.000 0.822
2225.000 0.843
2230.000 0.851
2235.000 0.875
2240.000 0.891
2245.000 0.914
2250.000 0.969
2255.000 0.984
2260.000 1.039
2265.000 1.068
2270.000 1.150
2275.000 1.243
2280.000 1.302
2285.000 1.452
2290.000 1.554
2295.000 1.740
2300.000 1.786
2305.000 1.708
2310.000 5.663
2315.000 12.968
2320.000 18.563
2325.000 5.373
2330.000 3.258
2335.000 2.089
2340.000 1.529
2345.000 0.964
2350.000 0.632
2355.000 0.528
2360.000 0.371
2365.000 0.320
2370.000 0.237
2375.000 0.177
2380.000 0.157
2385.000 0.128
2390.000 0.117
2395.000 0.108
2400.000 0.100
2405.000 0.098
2410.000 0.100
2415.000 0.102
2420.000 0.108
2425.000 0.112
2430.000 0.116
2435.000 0.119
2440.000 0.121
2445.000 0.126
2450.000 0.134
2455.000 0.133
2460.000 0.139
2465.000 0.140
2470.000 0.145
2475.000 0.149
2480.000 0.150
2485.000 0.155
2490.000 0.156
2495.000 0.159
2500.000 0.163
2505.000 0.162
2510.000 0.166
2515.000 0.169
2520.000 0.172
2525.000 0.173
2530.000 0.174
2535.000 0.176
2540.000 0.176
2545.000 0.178
2550.000 0.182
2555.000 0.183
2560.000 0.186
2565.000 0.187
2570.000 0.189
2575.000 0.189
2580.000 0.191
2585.000 0.193
2590.000 0.192
2595.000 0.195
2600.000 0.196
2605.000 0.196
2610.000 0.200
2615.000 0.201
2620.000 0.202
2625.000 0.204
2630.000 0.204
2635.000 0.208
2640.000 0.207
2645.000 0.209
2650.000 0.208
2655.000 0.211
2660.000 0.212
2665.000 0.214
2670.000 0.216
2675.000 0.216
2680.000 0.218
2685.000 0.219
2690.000 0.222
2695.000 0.221
2700.000 0.224
2705.000 0.225
2710.000 0.225
2715.000 0.227
2720.000 0.226
2725.000 0.228
2730.000 0.230
2735.000 0.231
2740.000 0.231
2745.000 0.234
2750.000 0.234
2755.000 0.237
2760.000 0.238
2765.000 0.240
2770.000 0.241
2775.000 0.244
2780.000 0.248
2785.000 0.247
2790.000 0.249
2795.000 0.250
2800.000 0.255
2805.000 0.256
2810.000 0.260
2815.000 0.259
2820.000 0.262
2825.000 0.265
2830.000 0.268
2835.000 0.267
2840.000 0.271
2845.000 0.275
2850.000 0.277
2855.000 0.278
2860.000 0.280
2865.000 0.284
2870.000 0.289
2875.000 0.291
2880.000 0.292
2885.000 0.296
2890.000 0.295
2895.000 0.300
2900.000 0.302
2905.000 0.304
2910.000 0.307
2915.000 0.306
2920.000 0.312
2925.000 0.312
2930.000 0.316
2935.000 0.317
2940.000 0.320
2945.000 0.324
2950.000 0.329
2955.000 0.326
2960.000 0.332
2965.000 0.329
2970.000 0.338
2975.000 0.336
2980.000 0.337
2985.000 0.346
2990.000 0.340
2995.000 0.344
3000.000 0.347
3005.000 0.345
3010.000 0.352
3015.000 0.351
3020.000 0.348
3025.000 0.361
3030.000 0.358
3035.000 0.351
3040.000 0.350
3045.000 0.353
3050.000 0.353
3055.000 0.362
3060.000 0.362
3065.000 0.366
3070.000 0.359
3075.000 0.362
3080.000 0.363
3085.000 0.369
3090.000 0.367
3095.000 0.369
3100.000 0.369
3105.000 0.369
3110.000 0.370
3115.000 0.369
3120.000 0.373
3125.000 0.371
3130.000 0.373
3135.000 0.373
3140.000 0.373
3145.000 0.374
3150.000 0.377
3155.000 0.381
3160.000 0.379
3165.000 0.381
3170.000 0.383
3175.000 0.383
3180.000 0.385
3185.000 0.385
3190.000 0.383
3195.000 0.385
3200.000 0.387
3205.000 0.386
3210.000 0.388
3215.000 0.389
3220.000 0.393
3225.000 0.395
3230.000 0.398
3235.000 0.398
3240.000 0.401
3245.000 0.400
3250.000 0.403
3255.000 0.403
3260.000 0.404
3265.000 0.405
3270.000 0.406
3275.000 0.410
3280.000 0.411
3285.000 0.411
3290.000 0.411
3295.000 0.416
3300.000 0.415
3305.000 0.418
3310.000 0.420
3315.000 0.425
3320.000 0.427
3325.000 0.428
3330.000 0.757
3335.000 0.720
3340.000 0.641
3345.000 0.585
3350.000 0.572
3355.000 0.546
3360.000 0.537
3365.000 0.518
3370.000 0.506
3375.000 0.503
3380.000 0.496
3385.000 0.493
3390.000 0.488
3395.000 0.489
3400.000 0.494
3405.000 0.494
3410.000 0.494
3415.000 0.493
3420.000 0.499
3425.000 0.504
3430.000 0.507
3435.000 0.513
3440.000 0.523
3445.000 0.532
3450.000 0.539
3455.000 0.545
3460.000 0.550
3465.000 0.561
3470.000 0.572
3475.000 0.576
3480.000 0.590
3485.000 0.594
3490.000 0.613
3495.000 0.620
3500.000 0.633
3505.000 0.647
3510.000 0.654
3515.000 0.679
3520.000 0.703
3525.000 0.716
3530.000 0.737
3535.000 0.754
3540.000 0.788
3545.000 0.818
3550.000 0.826
3555.000 0.858
3560.000 0.872
3565.000 0.905
3570.000 0.933
3575.000 0.953
3580.000 0.994
3585.000 1.015
3590.000 1.062
3595.000 1.123
3600.000 1.152
3605.000 1.220
3610.000 1.257
3615.000 1.344
3620.000 1.447
3625.000 1.500
3630.000 1.640
3635.000 1.714
3640.000 1.926
3645.000 2.218
3650.000 2.411
3655.000 2.900
3660.000 3.237
3665.000 4.170
3670.000 5.708
3675.000 6.791
3680.000 9.830
3685.000 11.966
3690.000 17.779
3695.000 25.056
3700.000 28.125
3705.000 21.660
3710.000 10.122
3715.000 14.006
3720.000 8.128
3725.000 6.549
3730.000 4.618
3735.000 3.986
3740.000 3.068
3745.000 2.445
3750.000 2.178
3755.000 1.835
3760.000 1.689
3765.000 1.440
3770.000 1.349
3775.000 1.194
3780.000 1.071
3785.000 1.020
3790.000 0.926
3795.000 0.890
3800.000 0.823
3805.000 0.767
3810.000 0.741
3815.000 0.696
3820.000 0.676
3825.000 0.642
3830.000 0.611
3835.000 0.595
3840.000 0.572
3845.000 0.561
3850.000 0.541
3855.000 0.520
3860.000 0.513
3865.000 0.498
3870.000 0.491
3875.000 0.477
3880.000 0.465
3885.000 0.460
3890.000 0.450
3895.000 0.445
3900.000 0.433
3905.000 0.425
3910.000 0.421
3915.000 0.413
3920.000 0.407
3925.000 0.404
3930.000 0.399
3935.000 0.395
3940.000 0.390
3945.000 0.386
3950.000 0.379
3955.000 0.379
3960.000 0.370
3965.000 0.364
3970.000 0.369
3975.000 0.364
3980.000 0.357
3985.000 0.362
3990.000 0.349
3995.000 0.356
4000.000 0.357
4005.000 0.341
4010.000 0.339
4015.000 0.339
4020.000 0.343
4025.000 0.336
4030.000 0.336
4035.000 0.334
4040.000 0.339
4045.000 0.336
4050.000 0.330
4055.000 0.333
4060.000 0.329
4065.000 0.332
4070.000 0.329
4075.000 0.325
4080.000 0.327
4085.000 0.328
4090.000 0.325
4095.000 0.324
4100.000 0.325
4105.000 0.325
4110.000 0.323
4115.000 0.323
4120.000 0.323
4125.000 0.322
4130.000 0.323
4135.000 0.321
4140.000 0.323
4145.000 0.321
4150.000 0.319
4155.000 0.317
4160.000 0.315
4165.000 0.315
4170.000 0.314
4175.000 0.314
4180.000 0.315
4185.000 0.314
4190.000 0.312
4195.000 0.310
4200.000 0.310
4205.000 0.313
4210.000 0.312
4215.000 0.307
4220.000 0.306
4225.000 0.302
4230.000 0.300
4235.000 0.298
4240.000 0.295
4245.000 0.293
4250.000 0.289
4255.000 0.286
4260.000 0.285
4265.000 0.284
4270.000 0.284
4275.000 0.282
4280.000 0.280
4285.000 0.280
4290.000 0.279
4295.000 0.278
4300.000 0.277
4305.000 0.277
4310.000 0.276
4315.000 0.276
4320.000 0.276
4325.000 0.276
4330.000 0.276
4335.000 0.275
4340.000 0.277
4345.000 0.275
4350.000 0.275
4355.000 0.275
4360.000 0.276
4365.000 0.275
4370.000 0.277
4375.000 0.277
4380.000 0.277
4385.000 0.276
4390.000 0.278
4395.000 0.278
4400.000 0.279
4405.000 0.277
4410.000 0.279
4415.000 0.279
4420.000 0.280
4425.000 0.281
4430.000 0.281
4435.000 0.281
4440.000 0.281
4445.000 0.283
4450.000 0.283
4455.000 0.281
4460.000 0.281
4465.000 0.283
4470.000 0.285
4475.000 0.283
4480.000 0.284
4485.000 0.284
4490.000 0.286
4495.000 0.285
4500.000 0.286
4505.000 0.286
4510.000 0.290
4515.000 0.289
4520.000 0.291
4525.000 0.291
4530.000 0.294
4535.000 0.294
4540.000 0.294
4545.000 0.293
4550.000 0.294
4555.000 0.294
4560.000 0.295
4565.000 0.296
4570.000 0.296
4575.000 0.296
4580.000 0.298
4585.000 0.298
4590.000 0.301
4595.000 0.300
4600.000 0.302
4605.000 0.305
4610.000 0.308
4615.000 0.309
4620.000 0.307
4625.000 0.311
4630.000 0.311
4635.000 0.312
4640.000 0.315
4645.000 0.313
4650.000 0.314
4655.000 0.314
4660.000 0.316
4665.000 0.323
4670.000 0.323
4675.000 0.325
4680.000 0.324
4685.000 0.327
4690.000 0.329
4695.000 0.332
4700.000 0.336
4705.000 0.337
4710.000 0.338
4715.000 0.340
4720.000 0.345
4725.000 0.350
4730.000 0.354
4735.000 0.358
4740.000 0.360
4745.000 0.364
4750.000 0.373
4755.000 0.377
4760.000 0.386
4765.000 0.390
4770.000 0.398
4775.000 0.412
4780.000 0.417
4785.000 0.427
4790.000 0.434
4795.000 0.442
4800.000 0.459
4805.000 0.467
4810.000 0.484
4815.000 0.497
4820.000 0.517
4825.000 0.537
4830.000 0.557
4835.000 0.585
4840.000 0.602
4845.000 0.630
4850.000 0.650
4855.000 0.659
4860.000 0.685
4865.000 0.700
4870.000 0.731
4875.000 0.762
4880.000 0.777
4885.000 0.821
4890.000 0.846
4895.000 0.898
4900.000 0.960
4905.000 0.996
4910.000 1.102
4915.000 1.155
4920.000 1.262
4925.000 1.407
4930.000 1.495
4935.000 1.761
4940.000 1.929
4945.000 2.404
4950.000 3.164
4955.000 3.734
4960.000 5.465
4965.000 6.771
4970.000 10.651
4975.000 14.395
4980.000 11.183
4985.000 12.468
4990.000 13.435
4995.000 19.747
5000.000 20.539
5005.000 12.836
5010.000 8.088
5015.000 6.683
5020.000 4.570
5025.000 3.421
5030.000 2.990
5035.000 2.398
5040.000 2.187
5045.000 1.841
5050.000 1.595
5055.000 1.495
5060.000 1.335
5065.000 1.254
5070.000 1.140
5075.000 1.045
5080.000 1.008
5085.000 0.937
5090.000 0.909
5095.000 0.854
5100.000 0.812
5105.000 0.791
5110.000 0.758
5115.000 0.741
5120.000 0.714
5125.000 0.690
5130.000 0.680
5135.000 0.661
5140.000 0.650
5145.000 0.634
5150.000 0.622
5155.000 0.614
5160.000 0.599
5165.000 0.597
5170.000 0.584
5175.000 0.575
5180.000 0.572
5185.000 0.562
5190.000 0.558
5195.000 0.552
5200.000 0.542
5205.000 0.543
5210.000 0.533
5215.000 0.531
5220.000 0.523
5225.000 0.519
5230.000 0.515
5235.000 0.511
5240.000 0.508
5245.000 0.502
5250.000 0.499
5255.000 0.493
5260.000 0.489
5265.000 0.486
5270.000 0.482
5275.000 0.479
5280.000 0.476
5285.000 0.470
5290.000 0.469
5295.000 0.463
5300.000 0.464
5305.000 0.457
5310.000 0.456
5315.000 0.452
5320.000 0.449
5325.000 0.446
5330.000 0.442
5335.000 0.434
5340.000 0.433
5345.000 0.433
5350.000 0.429
5355.000 0.424
5360.000 0.419
5365.000 0.417
5370.000 0.416
5375.000 0.414
5380.000 0.408
5385.000 0.406
5390.000 0.403
5395.000 0.396
5400.000 0.394
5405.000 0.390
5410.000 0.386
5415.000 0.386
5420.000 0.380
5425.000 0.380
5430.000 0.376
5435.000 0.371
5440.000 0.367
5445.000 0.367
5450.000 0.365
5455.000 0.362
5460.000 0.357
5465.000 0.355
5470.000 0.352
5475.000 0.350
5480.000 0.350
5485.000 0.346
5490.000 0.343
5495.000 0.341
5500.000 0.338
5505.000 0.333
5510.000 0.332
5515.000 0.330
5520.000 0.331
5525.000 0.331
5530.000 0.332
5535.000 0.329
5540.000 0.325
5545.000 0.321
5550.000 0.319
5555.000 0.317
5560.000 0.315
5565.000 0.315
5570.000 0.311
5575.000 0.309
5580.000 0.309
5585.000 0.309
5590.000 0.306
5595.000 0.307
5600.000 0.302
5605.000 0.304
5610.000 0.299
5615.000 0.301
5620.000 0.298
5625.000 0.299
5630.000 0.298
5635.000 0.297
5640.000 0.296
5645.000 0.293
5650.000 0.292
5655.000 0.294
5660.000 0.293
5665.000 0.293
5670.000 0.290
5675.000 0.291
5680.000 0.292
5685.000 0.291
5690.000 0.290
5695.000 0.288
5700.000 0.288
5705.000 0.287
5710.000 0.287
5715.000 0.287
5720.000 0.287
5725.000 0.287
5730.000 0.286
5735.000 0.286
5740.000 0.288
5745.000 0.285
5750.000 0.287
5755.000 0.285
5760.000 0.285
5765.000 0.287
5770.000 0.286
5775.000 0.287
5780.000 0.284
5785.000 0.285
5790.000 0.284
5795.000 0.284
5800.000 0.285
5805.000 0.284
5810.000 0.284
5815.000 0.285
5820.000 0.284
5825.000 0.287
5830.000 0.284
5835.000 0.286
5840.000 0.285
5845.000 0.286
5850.000 0.284
5855.000 0.286
5860.000 0.287
5865.000 0.286
5870.000 0.285
5875.000 0.287
5880.000 0.286
5885.000 0.286
5890.000 0.286
5895.000 0.289
5900.000 0.287
5905.000 0.285
5910.000 0.286
5915.000 0.285
5920.000 0.285
5925.000 0.287
5930.000 0.286
5935.000 0.286
5940.000 0.287
5945.000 0.287
5950.000 0.285
5955.000 0.287
5960.000 0.292
5965.000 0.293
5970.000 0.288
5975.000 0.292
5980.000 0.297
5985.000 0.294
5990.000 0.296
5995.000 0.296
6000.000 0.295
6005.000 0.305
6010.000 0.302
6015.000 0.308
6020.000 0.307
6025.000 0.310
6030.000 0.315
6035.000 0.310
6040.000 0.327
6045.000 0.333
6050.000 0.332
6055.000 0.344
6060.000 0.343
6065.000 0.352
6070.000 0.366
6075.000 0.373
6080.000 0.387
6085.000 0.393
6090.000 0.410
6095.000 0.433
6100.000 0.445
6105.000 0.473
6110.000 0.489
6115.000 0.525
6120.000 0.571
6125.000 0.599
6130.000 0.662
6135.000 0.697
6140.000 0.758
6145.000 0.821
6150.000 0.857
6155.000 0.940
6160.000 0.995
6165.000 1.118
6170.000 1.280
6175.000 1.382
6180.000 1.655
6185.000 1.834
6190.000 2.269
6195.000 2.923
6200.000 3.361
6205.000 4.555
6210.000 5.340
6215.000 7.445
6220.000 10.359
6225.000 12.186
6230.000 16.204
6235.000 18.060
6240.000 19.069
6245.000 15.349
6250.000 13.912
6255.000 8.980
6260.000 7.754
6265.000 5.553
6270.000 4.008
6275.000 3.427
6280.000 2.520
6285.000 2.164
6290.000 1.596
6295.000 1.177
6300.000 1.019
6305.000 0.788
6310.000 0.681
6315.000 0.561
6320.000 0.477
6325.000 0.451
6330.000 0.416
6335.000 0.403
6340.000 0.392
6345.000 0.380
6350.000 0.377
6355.000 0.372
6360.000 0.369
6365.000 0.364
6370.000 0.363
6375.000 0.362
6380.000 0.359
6385.000 0.359
6390.000 0.356
6395.000 0.353
6400.000 0.352
6405.000 0.348
6410.000 0.355
6415.000 0.348
6420.000 0.348
6425.000 0.346
6430.000 0.345
6435.000 0.345
6440.000 0.345
6445.000 0.343
6450.000 0.343
6455.000 0.345
6460.000 0.345
6465.000 0.343
6470.000 0.344
6475.000 0.346
6480.000 0.349
6485.000 0.351
6490.000 0.353
6495.000 0.356
6500.000 0.356
6505.000 0.363
6510.000 0.366
6515.000 0.371
6520.000 0.377
6525.000 0.390
6530.000 0.406
6535.000 0.417
6540.000 0.446
6545.000 0.470
6550.000 0.532
6555.000 0.660
6560.000 0.777
6565.000 1.403
6570.000 2.264
6575.000 4.216
6580.000 1.143
6585.000 5.559
6590.000 1.397
6595.000 0.593
6600.000 1.132
6605.000 0.646
6610.000 0.482
6615.000 0.470
6620.000 0.398
6625.000 0.371
6630.000 0.348
6635.000 0.338
6640.000 0.323
6645.000 0.317
6650.000 0.308
6655.000 0.300
6660.000 0.299
6665.000 0.291
6670.000 0.287
6675.000 0.284
6680.000 0.281
6685.000 0.281
6690.000 0.279
6695.000 0.277
6700.000 0.275
6705.000 0.274
6710.000 0.274
6715.000 0.271
6720.000 0.272
6725.000 0.272
6730.000 0.270
6735.000 0.272
6740.000 0.269
6745.000 0.270
6750.000 0.268
6755.000 0.267
6760.000 0.268
6765.000 0.268
6770.000 0.267
6775.000 0.267
6780.000 0.266
6785.000 0.266
6790.000 0.266
6795.000 0.267
6800.000 0.268
6805.000 0.268
6810.000 0.265
6815.000 0.265
6820.000 0.267
6825.000 0.265
6830.000 0.265
6835.000 0.266
6840.000 0.265
6845.000 0.264
6850.000 0.265
6855.000 0.264
6860.000 0.266
6865.000 0.264
6870.000 0.265
6875.000 0.265
6880.000 0.266
6885.000 0.265
6890.000 0.263
6895.000 0.264
6900.000 0.263
6905.000 0.262
6910.000 0.264
6915.000 0.263
6920.000 0.261
6925.000 0.264
6930.000 0.264
6935.000 0.263
6940.000 0.266
6945.000 0.264
6950.000 0.264
6955.000 0.262
6960.000 0.260
6965.000 0.262
6970.000 0.259
6975.000 0.266
6980.000 0.267
6985.000 0.267
6990.000 0.261
6995.000 0.265
7000.000 0.261
7005.000 0.266
7010.000 0.266
7015.000 0.271
7020.000 0.266
7025.000 0.266
7030.000 0.259
7035.000 0.263
7040.000 0.259
7045.000 0.259
7050.000 0.268
7055.000 0.266
7060.000 0.268
7065.000 0.263
7070.000 0.266
7075.000 0.266
7080.000 0.267
7085.000 0.265
7090.000 0.264
7095.000 0.266
7100.000 0.265
7105.000 0.266
7110.000 0.267
7115.000 0.267
7120.000 0.270
7125.000 0.272
7130.000 0.272
7135.000 0.272
7140.000 0.274
7145.000 0.275
7150.000 0.277
7155.000 0.279
7160.000 0.279
7165.000 0.282
7170.000 0.284
7175.000 0.286
7180.000 0.289
7185.000 0.291
7190.000 0.293
7195.000 0.297
7200.000 0.298
7205.000 0.303
7210.000 0.306
7215.000 0.313
7220.000 0.316
7225.000 0.321
7230.000 0.324
7235.000 0.331
7240.000 0.339
7245.000 0.343
7250.000 0.355
7255.000 0.356
7260.000 0.373
7265.000 0.386
7270.000 0.394
7275.000 0.409
7280.000 0.417
7285.000 0.434
7290.000 0.453
7295.000 0.466
7300.000 0.493
7305.000 0.508
7310.000 0.543
7315.000 0.586
7320.000 0.611
7325.000 0.663
7330.000 0.690
7335.000 0.741
7340.000 0.790
7345.000 0.820
7350.000 0.890
7355.000 0.938
7360.000 1.006
7365.000 1.188
7370.000 1.260
7375.000 1.409
7380.000 1.496
7385.000 1.691
7390.000 1.952
7395.000 2.118
7400.000 2.554
7405.000 2.833
7410.000 3.530
7415.000 4.562
7420.000 5.219
7425.000 6.928
7430.000 7.958
7435.000 10.536
7440.000 13.653
7445.000 15.254
7450.000 17.401
7455.000 17.238
7460.000 13.586
7465.000 9.252
7470.000 7.607
7475.000 5.059
7480.000 4.689
7485.000 3.713
7490.000 2.990
7495.000 2.738
7500.000 2.332
7505.000 2.167
7510.000 1.918
7515.000 1.767
7520.000 1.714
7525.000 1.597
7530.000 1.551
7535.000 1.444
7540.000 1.340
7545.000 1.292
7550.000 1.213
7555.000 1.171
7560.000 1.107
7565.000 1.049
7570.000 1.024
7575.000 0.977
7580.000 0.957
7585.000 0.918
7590.000 0.884
7595.000 0.869
7600.000 0.842
7605.000 0.832
7610.000 0.805
7615.000 0.799
7620.000 0.772
7625.000 0.752
7630.000 0.740
7635.000 0.722
7640.000 0.717
7645.000 0.701
7650.000 0.683
7655.000 0.677
7660.000 0.662
7665.000 0.659
7670.000 0.642
7675.000 0.631
7680.000 0.624
7685.000 0.612
7690.000 0.608
7695.000 0.598
7700.000 0.588
7705.000 0.584
7710.000 0.577
7715.000 0.570
7720.000 0.563
7725.000 0.556
7730.000 0.555
7735.000 0.546
7740.000 0.545
7745.000 0.537
7750.000 0.531
7755.000 0.527
7760.000 0.526
7765.000 0.518
7770.000 0.513
7775.000 0.509
7780.000 0.506
7785.000 0.501
7790.000 0.499
7795.000 0.494
7800.000 0.491
7805.000 0.489
7810.000 0.484
7815.000 0.483
7820.000 0.475
7825.000 0.475
7830.000 0.472
7835.000 0.469
7840.000 0.467
7845.000 0.462
7850.000 0.455
7855.000 0.454
7860.000 0.447
7865.000 0.446
7870.000 0.439
7875.000 0.437
7880.000 0.433
7885.000 0.428
7890.000 0.427
7895.000 0.423
7900.000 0.417
7905.000 0.414
7910.000 0.407
7915.000 0.403
7920.000 0.398
7925.000 0.394
7930.000 0.388
7935.000 0.380
7940.000 0.374
7945.000 0.366
7950.000 0.364
7955.000 0.354
7960.000 0.344
7965.000 0.343
7970.000 0.332
7975.000 0.327
7980.000 0.312
7985.000 0.294
7990.000 0.280
7995.000 0.263
8000.000 0.255
8005.000 0.227
8010.000 0.203
8015.000 0.185
8020.000 0.152
8025.000 0.151
8030.000 0.169
8035.000 0.290
8040.000 0.420
8045.000 1.058
8050.000 1.994
8055.000 6.242
8060.000 11.766
8065.000 13.179
8070.000 3.661
8075.000 5.832
8080.000 2.103
8085.000 1.930
8090.000 1.690
8095.000 1.377
8100.000 1.290
8105.000 1.130
8110.000 0.989
8115.000 0.938
8120.000 0.867
8125.000 0.844
8130.000 0.797
8135.000 0.760
8140.000 0.743
8145.000 0.716
8150.000 0.704
8155.000 0.683
8160.000 0.667
8165.000 0.662
8170.000 0.650
8175.000 0.643
8180.000 0.639
8185.000 0.631
8190.000 0.629
8195.000 0.623
8200.000 0.643
8205.000 0.669
8210.000 0.654
8215.000 0.643
8220.000 0.631
8225.000 0.630
8230.000 0.620
8235.000 0.611
8240.000 0.610
8245.000 0.642
8250.000 0.645
8255.000 0.661
8260.000 0.646
8265.000 0.646
8270.000 0.693
8275.000 0.733
8280.000 0.702
8285.000 0.675
8290.000 0.665
8295.000 0.645
8300.000 0.728
8305.000 0.812
8310.000 0.762
8315.000 0.743
8320.000 0.710
8325.000 0.695
8330.000 0.674
8335.000 0.652
8340.000 0.644
8345.000 0.630
8350.000 0.627
8355.000 0.619
8360.000 0.616
8365.000 0.612
8370.000 0.614
8375.000 0.613
8380.000 0.619
8385.000 0.625
8390.000 0.625
8395.000 0.630
8400.000 0.629
8405.000 0.638
8410.000 0.641
8415.000 0.643
8420.000 0.652
8425.000 0.654
8430.000 0.662
8435.000 0.670
8440.000 0.678
8445.000 0.688
8450.000 0.693
8455.000 0.706
8460.000 0.720
8465.000 0.727
8470.000 0.748
8475.000 0.759
8480.000 0.783
8485.000 0.815
8490.000 0.832
8495.000 0.871
8500.000 0.891
8505.000 0.937
8510.000 0.970
8515.000 1.048
8520.000 1.180
8525.000 1.294
8530.000 1.719
8535.000 2.161
8540.000 4.107
8545.000 6.569
8550.000 6.105
8555.000 1.264
8560.000 1.332
8565.000 0.312
8570.000 0.612
8575.000 0.580
8580.000 0.548
8585.000 0.533
8590.000 0.559
8595.000 0.572
8600.000 0.583
8605.000 0.604
8610.000 0.616
8615.000 0.650
8620.000 0.698
8625.000 0.726
8630.000 0.783
8635.000 0.808
8640.000 0.848
8645.000 0.872
8650.000 0.881
8655.000 0.913
8660.000 0.930
8665.000 0.966
8670.000 0.986
8675.000 0.976
8680.000 0.967
8685.000 0.967
8690.000 0.849
8695.000 0.530
8700.000 0.396
8705.000 0.197
8710.000 0.141
8715.000 0.105
8720.000 0.136
8725.000 0.159
8730.000 0.207
8735.000 0.227
8740.000 0.251
8745.000 0.279
8750.000 0.287
8755.000 0.307
8760.000 0.315
8765.000 0.331
8770.000 0.344
8775.000 0.349
8780.000 0.366
8785.000 0.372
8790.000 0.382
8795.000 0.393
8800.000 0.402
8805.000 0.409
8810.000 0.414
8815.000 0.419
8820.000 0.424
8825.000 0.428
8830.000 0.453
8835.000 0.866
8840.000 0.867
8845.000 0.799
8850.000 0.768
8855.000 0.739
8860.000 0.709
8865.000 0.664
8870.000 0.616
8875.000 0.593
8880.000 0.554
8885.000 0.538
8890.000 0.520
8895.000 0.508
8900.000 0.504
8905.000 0.821
8910.000 0.875
8915.000 0.821
8920.000 0.724
8925.000 0.687
8930.000 0.628
8935.000 0.604
8940.000 0.565
8945.000 0.544
8950.000 0.535
8955.000 0.522
8960.000 0.519
8965.000 0.513
8970.000 0.509
8975.000 0.510
8980.000 0.505
8985.000 0.506
8990.000 0.499
8995.000 0.498
9000.000 0.507
9005.000 0.499
9010.000 0.498
9015.000 0.503
9020.000 0.512
9025.000 0.505
9030.000 0.509
9035.000 0.515
9040.000 0.521
9045.000 0.525
9050.000 0.524
9055.000 0.523
9060.000 0.525
9065.000 0.524
9070.000 0.532
9075.000 0.529
9080.000 0.530
9085.000 0.533
9090.000 0.535
9095.000 0.540
9100.000 0.541
9105.000 0.545
9110.000 0.544
9115.000 0.548
9120.000 0.551
9125.000 0.554
9130.000 0.551
9135.000 0.554
9140.000 0.559
9145.000 0.559
9150.000 0.561
9155.000 0.565
9160.000 0.569
9165.000 0.570
9170.000 0.574
9175.000 0.576
9180.000 0.580
9185.000 0.583
9190.000 0.585
9195.000 0.588
9200.000 0.593
9205.000 0.596
9210.000 0.599
9215.000 0.604
9220.000 0.607
9225.000 0.618
9230.000 0.618
9235.000 0.618
9240.000 0.623
9245.000 0.627
9250.000 0.634
9255.000 0.637
9260.000 0.641
9265.000 0.646
9270.000 0.645
9275.000 0.651
9280.000 0.653
9285.000 0.657
9290.000 0.661
9295.000 0.667
9300.000 0.669
9305.000 0.676
9310.000 0.681
9315.000 0.686
9320.000 0.688
9325.000 0.696
9330.000 0.705
9335.000 0.706
9340.000 0.715
9345.000 0.718
9350.000 0.727
9355.000 0.735
9360.000 0.738
9365.000 0.754
9370.000 0.762
9375.000 0.770
9380.000 0.784
9385.000 0.789
9390.000 0.809
9395.000 0.820
9400.000 0.839
9405.000 0.863
9410.000 0.877
9415.000 0.906
9420.000 0.922
9425.000 0.958
9430.000 1.003
9435.000 1.028
9440.000 1.093
9445.000 1.138
9450.000 1.246
9455.000 1.427
9460.000 1.564
9465.000 2.039
9470.000 2.453
9475.000 3.920
9480.000 5.846
9485.000 6.019
9490.000 3.322
9495.000 3.359
9500.000 0.592
9505.000 0.411
9510.000 0.293
9515.000 0.153
9520.000 0.146
9525.000 0.203
9530.000 0.241
9535.000 0.260
9540.000 0.287
9545.000 0.302
9550.000 0.336
9555.000 0.368
9560.000 0.386
9565.000 0.420
9570.000 0.433
9575.000 0.462
9580.000 0.486
9585.000 0.498
9590.000 0.524
9595.000 0.536
9600.000 0.561
9605.000 0.576
9610.000 0.582
9615.000 0.602
9620.000 0.611
9625.000 0.629
9630.000 0.645
9635.000 0.653
9640.000 0.671
9645.000 0.679
9650.000 0.695
9655.000 0.717
9660.000 0.726
9665.000 0.744
9670.000 0.753
9675.000 0.772
9680.000 0.796
9685.000 0.809
9690.000 0.838
9695.000 0.855
9700.000 0.884
9705.000 0.903
9710.000 0.930
9715.000 0.973
9720.000 0.990
9725.000 1.032
9730.000 1.060
9735.000 1.115
9740.000 1.180
9745.000 1.207
9750.000 1.280
9755.000 1.327
9760.000 1.427
9765.000 1.553
9770.000 1.631
9775.000 1.818
9780.000 1.942
9785.000 2.253
9790.000 2.699
9795.000 2.997
9800.000 3.772
9805.000 4.242
9810.000 5.339
9815.000 6.274
9820.000 6.429
9825.000 5.831
9830.000 5.189
9835.000 3.791
9840.000 2.723
9845.000 2.327
9850.000 1.732
9855.000 1.504
9860.000 1.142
9865.000 0.870
9870.000 0.755
9875.000 0.570
9880.000 0.525
9885.000 0.488
9890.000 0.378
9895.000 0.335
9900.000 0.305
9905.000 0.291
9910.000 0.264
9915.000 0.235
9920.000 0.222
9925.000 0.195
9930.000 0.182
9935.000 0.160
9940.000 0.140
9945.000 0.130
9950.000 0.114
9955.000 0.107
9960.000 0.095
9965.000 0.083
9970.000 0.081
9975.000 0.069
9980.000 0.066
9985.000 0.063
9990.000 0.058
9995.000 0.060
10000.000 0.059
