105.000 0.032
110.000 0.085
115.000 2.624
120.000 3.202
125.000 3.430
130.000 3.611
135.000 3.809
140.000 3.855
145.000 4.083
150.000 3.994
155.000 3.863
160.000 3.781
165.000 3.680
170.000 3.628
175.000 3.681
180.000 3.566
185.000 3.693
190.000 3.517
195.000 3.576
200.000 3.530
205.000 3.757
210.000 3.871
215.000 3.865
220.000 3.853
225.000 3.861
230.000 4.008
235.000 4.034
240.000 4.145
245.000 4.245
250.000 4.313
255.000 4.324
260.000 4.355
265.000 4.458
270.000 4.487
275.000 4.522
280.000 4.526
285.000 4.700
290.000 4.769
295.000 4.812
300.000 4.857
305.000 4.991
310.000 5.091
315.000 5.200
320.000 5.238
325.000 5.403
330.000 5.501
335.000 5.664
340.000 5.863
345.000 5.937
350.000 6.205
355.000 6.318
360.000 6.558
365.000 6.825
370.000 7.005
375.000 7.345
380.000 7.495
385.000 7.947
390.000 8.416
395.000 8.586
400.000 8.915
405.000 9.053
410.000 9.269
415.000 9.268
420.000 9.291
425.000 9.091
430.000 8.901
435.000 8.477
440.000 8.237
445.000 7.627
450.000 6.926
455.000 6.563
460.000 5.729
465.000 5.304
470.000 4.433
475.000 3.694
480.000 3.381
485.000 2.832
490.000 2.607
495.000 2.212
500.000 1.930
505.000 1.809
510.000 1.639
515.000 1.572
520.000 1.476
525.000 1.390
530.000 1.343
535.000 1.263
540.000 1.229
545.000 1.162
550.000 1.107
555.000 1.070
560.000 0.992
565.000 0.969
570.000 0.909
575.000 0.855
580.000 0.840
585.000 0.785
590.000 0.771
595.000 0.743
600.000 0.706
605.000 0.698
610.000 0.664
615.000 0.656
620.000 0.629
625.000 0.605
630.000 0.591
635.000 0.584
640.000 0.567
645.000 0.547
650.000 0.538
655.000 0.530
660.000 0.507
665.000 0.514
670.000 0.496
675.000 0.480
680.000 0.472
685.000 0.470
690.000 0.461
695.000 0.453
700.000 0.444
705.000 0.424
710.000 0.434
715.000 0.430
720.000 0.416
725.000 0.415
730.000 0.415
735.000 0.406
740.000 0.403
745.000 0.400
750.000 0.391
755.000 0.386
760.000 0.386
765.000 0.390
770.000 0.377
775.000 0.384
780.000 0.378
785.000 0.376
790.000 0.376
795.000 0.371
800.000 0.385
805.000 0.383
810.000 0.375
815.000 0.374
820.000 0.376
825.000 0.373
830.000 0.348
835.000 0.365
840.000 0.363
845.000 0.361
850.000 0.361
855.000 0.351
860.000 0.351
865.000 0.347
870.000 0.355
875.000 0.344
880.000 0.348
885.000 0.346
890.000 0.346
895.000 0.338
900.000 0.347
905.000 0.339
910.000 0.338
915.000 0.342
920.000 0.341
925.000 0.335
930.000 0.338
935.000 0.337
940.000 0.337
945.000 0.339
950.000 0.341
955.000 0.340
960.000 0.338
965.000 0.338
970.000 0.332
975.000 0.338
980.000 0.339
985.000 0.317
990.000 0.347
995.000 0.324
1000.000 0.341
1005.000 0.338
1010.000 0.330
1015.000 0.335
1020.000 0.343
1025.000 0.328
1030.000 0.339
1035.000 0.342
1040.000 0.337
1045.000 0.337
1050.000 0.353
1055.000 0.332
1060.000 0.336
1065.000 0.344
1070.000 0.343
1075.000 0.333
1080.000 0.334
1085.000 0.337
1090.000 0.335
1095.000 0.339
1100.000 0.334
1105.000 0.339
1110.000 0.333
1115.000 0.338
1120.000 0.343
1125.000 0.344
1130.000 0.338
1135.000 0.341
1140.000 0.334
1145.000 0.347
1150.000 0.348
1155.000 0.353
1160.000 0.350
1165.000 0.349
1170.000 0.350
1175.000 0.357
1180.000 0.346
1185.000 0.350
1190.000 0.336
1195.000 0.342
1200.000 0.339
1205.000 0.336
1210.000 0.336
1215.000 0.340
1220.000 0.344
1225.000 0.340
1230.000 0.345
1235.000 0.345
1240.000 0.347
1245.000 0.346
1250.000 0.343
1255.000 0.344
1260.000 0.346
1265.000 0.345
1270.000 0.351
1275.000 0.351
1280.000 0.351
1285.000 0.351
1290.000 0.349
1295.000 0.348
1300.000 0.346
1305.000 0.350
1310.000 0.346
1315.000 0.348
1320.000 0.347
1325.000 0.352
1330.000 0.354
1335.000 0.353
1340.000 0.355
1345.000 0.357
1350.000 0.355
1355.000 0.355
1360.000 0.352
1365.000 0.361
1370.000 0.357
1375.000 0.358
1380.000 0.356
1385.000 0.360
1390.000 0.363
1395.000 0.355
1400.000 0.360
1405.000 0.357
1410.000 0.363
1415.000 0.362
1420.000 0.356
1425.000 0.354
1430.000 0.355
1435.000 0.355
1440.000 0.353
1445.000 0.349
1450.000 0.350
1455.000 0.344
1460.000 0.349
1465.000 0.344
1470.000 0.348
1475.000 0.348
1480.000 0.353
1485.000 0.355
1490.000 0.361
1495.000 0.357
1500.000 0.361
1505.000 0.372
1510.000 0.365
1515.000 0.375
1520.000 0.377
1525.000 0.381
1530.000 0.386
1535.000 0.411
1540.000 0.399
1545.000 0.397
1550.000 0.394
1555.000 0.394
1560.000 0.396
1565.000 0.399
1570.000 0.401
1575.000 0.400
1580.000 0.401
1585.000 0.404
1590.000 0.408
1595.000 0.412
1600.000 0.418
1605.000 0.413
1610.000 0.421
1615.000 0.424
1620.000 0.425
1625.000 0.433
1630.000 0.437
1635.000 0.438
1640.000 0.437
1645.000 0.446
1650.000 0.448
1655.000 0.448
1660.000 0.458
1665.000 0.462
1670.000 0.469
1675.000 0.469
1680.000 0.481
1685.000 0.479
1690.000 0.489
1695.000 0.488
1700.000 0.500
1705.000 0.501
1710.000 0.504
1715.000 0.511
1720.000 0.519
1725.000 0.523
1730.000 0.523
1735.000 0.536
1740.000 0.539
1745.000 0.549
1750.000 0.554
1755.000 0.559
1760.000 0.564
1765.000 0.576
1770.000 0.583
1775.000 0.595
1780.000 0.597
1785.000 0.603
1790.000 0.626
1795.000 0.641
1800.000 0.642
1805.000 0.690
1810.000 0.682
1815.000 0.674
1820.000 0.667
1825.000 0.671
1830.000 0.674
1835.000 0.678
1840.000 0.670
1845.000 0.674
1850.000 0.680
1855.000 0.682
1860.000 0.677
1865.000 0.684
1870.000 0.677
1875.000 0.676
1880.000 0.678
1885.000 0.673
1890.000 0.706
1895.000 0.703
1900.000 0.686
1905.000 0.691
1910.000 0.687
1915.000 0.702
1920.000 0.705
1925.000 0.694
1930.000 0.671
1935.000 0.657
1940.000 0.692
1945.000 0.686
1950.000 0.639
1955.000 0.628
1960.000 0.621
1965.000 0.608
1970.000 0.616
1975.000 0.598
1980.000 0.579
1985.000 0.581
1990.000 0.586
1995.000 0.561
2000.000 0.570
2005.000 0.580
2010.000 0.590
2015.000 0.547
2020.000 0.531
2025.000 0.536
2030.000 0.515
2035.000 0.522
2040.000 0.499
2045.000 0.494
2050.000 0.543
2055.000 0.518
2060.000 0.513
2065.000 0.527
2070.000 0.530
2075.000 0.499
2080.000 0.496
2085.000 0.491
2090.000 0.478
2095.000 0.466
2100.000 0.463
2105.000 0.457
2110.000 0.453
2115.000 0.438
2120.000 0.442
2125.000 0.486
2130.000 0.481
2135.000 0.468
2140.000 0.447
2145.000 0.437
2150.000 0.428
2155.000 0.414
2160.000 0.408
2165.000 0.399
2170.000 0.402
2175.000 0.438
2180.000 0.455
2185.000 0.435
2190.000 0.404
2195.000 0.394
2200.000 0.383
2205.000 0.424
2210.000 0.401
2215.000 0.382
2220.000 0.377
2225.000 0.395
2230.000 0.391
2235.000 0.368
2240.000 0.364
2245.000 0.360
2250.000 0.312
2255.000 0.381
2260.000 0.260
2265.000 0.254
2270.000 0.224
2275.000 0.232
2280.000 0.285
2285.000 0.388
2290.000 1.187
2295.000 1.832
2300.000 4.896
2305.000 11.666
2310.000 16.941
2315.000 25.520
2320.000 21.778
2325.000 2.816
2330.000 1.161
2335.000 0.341
2340.000 0.157
2345.000 0.216
2350.000 0.277
2355.000 0.240
2360.000 0.302
2365.000 0.294
2370.000 0.282
2375.000 0.282
2380.000 0.277
2385.000 0.277
2390.000 0.273
2395.000 0.274
2400.000 0.277
2405.000 0.276
2410.000 0.273
2415.000 0.272
2420.000 0.270
2425.000 0.271
2430.000 0.269
2435.000 0.270
2440.000 0.272
2445.000 0.275
2450.000 0.275
2455.000 0.274
2460.000 0.276
2465.000 0.276
2470.000 0.276
2475.000 0.274
2480.000 0.274
2485.000 0.276
2490.000 0.277
2495.000 0.278
2500.000 0.277
2505.000 0.281
2510.000 0.278
2515.000 0.280
2520.000 0.281
2525.000 0.282
2530.000 0.282
2535.000 0.284
2540.000 0.287
2545.000 0.287
2550.000 0.289
2555.000 0.291
2560.000 0.292
2565.000 0.294
2570.000 0.295
2575.000 0.296
2580.000 0.296
2585.000 0.298
2590.000 0.299
2595.000 0.305
2600.000 0.305
2605.000 0.306
2610.000 0.307
2615.000 0.314
2620.000 0.315
2625.000 0.315
2630.000 0.319
2635.000 0.322
2640.000 0.326
2645.000 0.325
2650.000 0.328
2655.000 0.334
2660.000 0.334
2665.000 0.338
2670.000 0.339
2675.000 0.343
2680.000 0.347
2685.000 0.353
2690.000 0.357
2695.000 0.358
2700.000 0.362
2705.000 0.364
2710.000 0.371
2715.000 0.380
2720.000 0.381
2725.000 0.386
2730.000 0.389
2735.000 0.394
2740.000 0.399
2745.000 0.402
2750.000 0.407
2755.000 0.412
2760.000 0.414
2765.000 0.421
2770.000 0.424
2775.000 0.429
2780.000 0.432
2785.000 0.434
2790.000 0.444
2795.000 0.447
2800.000 0.456
2805.000 0.453
2810.000 0.459
2815.000 0.463
2820.000 0.465
2825.000 0.474
2830.000 0.477
2835.000 0.480
2840.000 0.487
2845.000 0.487
2850.000 0.494
2855.000 0.499
2860.000 0.505
2865.000 0.508
2870.000 0.510
2875.000 0.516
2880.000 0.516
2885.000 0.521
2890.000 0.539
2895.000 0.562
2900.000 0.566
2905.000 0.563
2910.000 0.559
2915.000 0.556
2920.000 0.562
2925.000 0.563
2930.000 0.559
2935.000 0.559
2940.000 0.564
2945.000 0.561
2950.000 0.567
2955.000 0.566
2960.000 0.563
2965.000 0.569
2970.000 0.561
2975.000 0.573
2980.000 0.572
2985.000 0.563
2990.000 0.575
2995.000 0.565
3000.000 0.566
3005.000 0.564
3010.000 0.573
3015.000 0.563
3020.000 0.559
3025.000 0.560
3030.000 0.575
3035.000 0.570
3040.000 0.573
3045.000 0.574
3050.000 0.562
3055.000 0.557
3060.000 0.553
3065.000 0.559
3070.000 0.555
3075.000 0.554
3080.000 0.556
3085.000 0.552
3090.000 0.551
3095.000 0.550
3100.000 0.544
3105.000 0.549
3110.000 0.546
3115.000 0.544
3120.000 0.543
3125.000 0.543
3130.000 0.542
3135.000 0.542
3140.000 0.541
3145.000 0.540
3150.000 0.540
3155.000 0.538
3160.000 0.538
3165.000 0.540
3170.000 0.543
3175.000 0.540
3180.000 0.538
3185.000 0.538
3190.000 0.537
3195.000 0.533
3200.000 0.535
3205.000 0.535
3210.000 0.534
3215.000 0.534
3220.000 0.535
3225.000 0.536
3230.000 0.536
3235.000 0.534
3240.000 0.535
3245.000 0.536
3250.000 0.538
3255.000 0.538
3260.000 0.539
3265.000 0.538
3270.000 0.543
3275.000 0.541
3280.000 0.544
3285.000 0.550
3290.000 0.553
3295.000 0.551
3300.000 0.556
3305.000 0.564
3310.000 0.563
3315.000 0.567
3320.000 0.565
3325.000 0.570
3330.000 0.569
3335.000 0.571
3340.000 0.574
3345.000 0.574
3350.000 0.580
3355.000 0.576
3360.000 0.585
3365.000 0.584
3370.000 0.586
3375.000 0.593
3380.000 0.596
3385.000 0.602
3390.000 0.600
3395.000 0.606
3400.000 0.621
3405.000 0.621
3410.000 0.625
3415.000 0.627
3420.000 0.632
3425.000 0.639
3430.000 0.646
3435.000 0.653
3440.000 0.657
3445.000 0.670
3450.000 0.679
3455.000 0.684
3460.000 0.696
3465.000 0.702
3470.000 0.712
3475.000 0.726
3480.000 0.731
3485.000 0.747
3490.000 0.756
3495.000 0.771
3500.000 0.789
3505.000 0.801
3510.000 0.818
3515.000 0.834
3520.000 0.855
3525.000 0.884
3530.000 0.894
3535.000 0.927
3540.000 0.939
3545.000 0.983
3550.000 1.021
3555.000 1.049
3560.000 1.089
3565.000 1.111
3570.000 1.150
3575.000 1.205
3580.000 1.222
3585.000 1.273
3590.000 1.293
3595.000 1.351
3600.000 1.411
3605.000 1.450
3610.000 1.538
3615.000 1.578
3620.000 1.672
3625.000 1.781
3630.000 1.851
3635.000 1.998
3640.000 2.096
3645.000 2.307
3650.000 2.596
3655.000 2.769
3660.000 3.248
3665.000 3.557
3670.000 4.472
3675.000 5.053
3680.000 6.660
3685.000 9.193
3690.000 10.953
3695.000 17.234
3700.000 23.266
3705.000 38.744
3710.000 38.796
3715.000 31.437
3720.000 15.456
3725.000 12.304
3730.000 8.052
3735.000 5.626
3740.000 4.818
3745.000 3.644
3750.000 3.219
3755.000 2.578
3760.000 2.131
3765.000 1.957
3770.000 1.677
3775.000 1.566
3780.000 1.376
3785.000 1.227
3790.000 1.163
3795.000 1.053
3800.000 1.012
3805.000 0.927
3810.000 0.861
3815.000 0.829
3820.000 0.777
3825.000 0.751
3830.000 0.711
3835.000 0.674
3840.000 0.654
3845.000 0.624
3850.000 0.612
3855.000 0.585
3860.000 0.563
3865.000 0.552
3870.000 0.533
3875.000 0.522
3880.000 0.507
3885.000 0.490
3890.000 0.482
3895.000 0.468
3900.000 0.462
3905.000 0.452
3910.000 0.439
3915.000 0.433
3920.000 0.425
3925.000 0.420
3930.000 0.412
3935.000 0.407
3940.000 0.401
3945.000 0.392
3950.000 0.387
3955.000 0.385
3960.000 0.375
3965.000 0.377
3970.000 0.368
3975.000 0.368
3980.000 0.365
3985.000 0.352
3990.000 0.352
3995.000 0.345
4000.000 0.349
4005.000 0.339
4010.000 0.332
4015.000 0.332
4020.000 0.338
4025.000 0.327
4030.000 0.324
4035.000 0.331
4040.000 0.326
4045.000 0.326
4050.000 0.327
4055.000 0.318
4060.000 0.315
4065.000 0.315
4070.000 0.315
4075.000 0.313
4080.000 0.314
4085.000 0.311
4090.000 0.312
4095.000 0.310
4100.000 0.307
4105.000 0.306
4110.000 0.306
4115.000 0.307
4120.000 0.306
4125.000 0.302
4130.000 0.303
4135.000 0.303
4140.000 0.301
4145.000 0.300
4150.000 0.301
4155.000 0.299
4160.000 0.297
4165.000 0.296
4170.000 0.291
4175.000 0.293
4180.000 0.293
4185.000 0.292
4190.000 0.291
4195.000 0.290
4200.000 0.291
4205.000 0.287
4210.000 0.287
4215.000 0.285
4220.000 0.283
4225.000 0.283
4230.000 0.280
4235.000 0.277
4240.000 0.277
4245.000 0.272
4250.000 0.272
4255.000 0.270
4260.000 0.267
4265.000 0.265
4270.000 0.268
4275.000 0.263
4280.000 0.266
4285.000 0.262
4290.000 0.262
4295.000 0.261
4300.000 0.261
4305.000 0.260
4310.000 0.259
4315.000 0.259
4320.000 0.258
4325.000 0.258
4330.000 0.259
4335.000 0.259
4340.000 0.258
4345.000 0.257
4350.000 0.257
4355.000 0.258
4360.000 0.256
4365.000 0.254
4370.000 0.257
4375.000 0.257
4380.000 0.257
4385.000 0.256
4390.000 0.255
4395.000 0.255
4400.000 0.254
4405.000 0.257
4410.000 0.256
4415.000 0.257
4420.000 0.256
4425.000 0.260
4430.000 0.259
4435.000 0.260
4440.000 0.259
4445.000 0.257
4450.000 0.256
4455.000 0.257
4460.000 0.257
4465.000 0.258
4470.000 0.257
4475.000 0.258
4480.000 0.257
4485.000 0.257
4490.000 0.258
4495.000 0.257
4500.000 0.257
4505.000 0.257
4510.000 0.259
4515.000 0.258
4520.000 0.259
4525.000 0.258
4530.000 0.258
4535.000 0.258
4540.000 0.256
4545.000 0.256
4550.000 0.258
4555.000 0.258
4560.000 0.258
4565.000 0.258
4570.000 0.257
4575.000 0.259
4580.000 0.259
4585.000 0.260
4590.000 0.258
4595.000 0.258
4600.000 0.259
4605.000 0.259
4610.000 0.258
4615.000 0.258
4620.000 0.259
4625.000 0.260
4630.000 0.258
4635.000 0.260
4640.000 0.258
4645.000 0.260
4650.000 0.261
4655.000 0.260
4660.000 0.259
4665.000 0.260
4670.000 0.258
4675.000 0.260
4680.000 0.261
4685.000 0.261
4690.000 0.260
4695.000 0.261
4700.000 0.261
4705.000 0.261
4710.000 0.262
4715.000 0.261
4720.000 0.263
4725.000 0.260
4730.000 0.262
4735.000 0.261
4740.000 0.262
4745.000 0.260
4750.000 0.261
4755.000 0.263
4760.000 0.263
4765.000 0.264
4770.000 0.264
4775.000 0.263
4780.000 0.264
4785.000 0.263
4790.000 0.266
4795.000 0.266
4800.000 0.268
4805.000 0.269
4810.000 0.271
4815.000 0.271
4820.000 0.268
4825.000 0.270
4830.000 0.270
4835.000 0.270
4840.000 0.270
4845.000 0.272
4850.000 0.275
4855.000 0.275
4860.000 0.275
4865.000 0.278
4870.000 0.279
4875.000 0.279
4880.000 0.280
4885.000 0.281
4890.000 0.284
4895.000 0.284
4900.000 0.289
4905.000 0.291
4910.000 0.291
4915.000 0.299
4920.000 0.301
4925.000 0.310
4930.000 0.318
4935.000 0.326
4940.000 0.346
4945.000 0.360
4950.000 0.406
4955.000 0.496
4960.000 0.593
4965.000 1.130
4970.000 1.976
4975.000 5.699
4980.000 8.106
4985.000 3.837
4990.000 3.228
4995.000 2.212
5000.000 0.798
5005.000 1.685
5010.000 1.151
5015.000 0.448
5020.000 0.497
5025.000 0.374
5030.000 0.296
5035.000 0.289
5040.000 0.282
5045.000 0.274
5050.000 0.261
5055.000 0.259
5060.000 0.249
5065.000 0.248
5070.000 0.243
5075.000 0.240
5080.000 0.240
5085.000 0.241
5090.000 0.239
5095.000 0.237
5100.000 0.235
5105.000 0.232
5110.000 0.233
5115.000 0.233
5120.000 0.232
5125.000 0.232
5130.000 0.234
5135.000 0.234
5140.000 0.233
5145.000 0.232
5150.000 0.232
5155.000 0.233
5160.000 0.237
5165.000 0.235
5170.000 0.232
5175.000 0.232
5180.000 0.234
5185.000 0.235
5190.000 0.237
5195.000 0.237
5200.000 0.236
5205.000 0.235
5210.000 0.235
5215.000 0.234
5220.000 0.235
5225.000 0.238
5230.000 0.239
5235.000 0.240
5240.000 0.240
5245.000 0.239
5250.000 0.240
5255.000 0.239
5260.000 0.241
5265.000 0.242
5270.000 0.242
5275.000 0.245
5280.000 0.246
5285.000 0.250
5290.000 0.250
5295.000 0.252
5300.000 0.254
5305.000 0.255
5310.000 0.257
5315.000 0.260
5320.000 0.259
5325.000 0.261
5330.000 0.262
5335.000 0.265
5340.000 0.270
5345.000 0.269
5350.000 0.273
5355.000 0.276
5360.000 0.281
5365.000 0.286
5370.000 0.288
5375.000 0.293
5380.000 0.293
5385.000 0.295
5390.000 0.296
5395.000 0.300
5400.000 0.303
5405.000 0.306
5410.000 0.308
5415.000 0.313
5420.000 0.316
5425.000 0.320
5430.000 0.322
5435.000 0.327
5440.000 0.332
5445.000 0.334
5450.000 0.337
5455.000 0.337
5460.000 0.344
5465.000 0.350
5470.000 0.353
5475.000 0.356
5480.000 0.361
5485.000 0.369
5490.000 0.375
5495.000 0.377
5500.000 0.378
5505.000 0.383
5510.000 0.390
5515.000 0.393
5520.000 0.395
5525.000 0.402
5530.000 0.407
5535.000 0.413
5540.000 0.417
5545.000 0.422
5550.000 0.425
5555.000 0.427
5560.000 0.432
5565.000 0.441
5570.000 0.443
5575.000 0.449
5580.000 0.450
5585.000 0.458
5590.000 0.461
5595.000 0.464
5600.000 0.470
5605.000 0.471
5610.000 0.476
5615.000 0.479
5620.000 0.480
5625.000 0.484
5630.000 0.484
5635.000 0.489
5640.000 0.490
5645.000 0.490
5650.000 0.499
5655.000 0.500
5660.000 0.503
5665.000 0.505
5670.000 0.506
5675.000 0.507
5680.000 0.512
5685.000 0.512
5690.000 0.513
5695.000 0.518
5700.000 0.524
5705.000 0.523
5710.000 0.526
5715.000 0.533
5720.000 0.531
5725.000 0.536
5730.000 0.541
5735.000 0.542
5740.000 0.545
5745.000 0.548
5750.000 0.557
5755.000 0.556
5760.000 0.559
5765.000 0.563
5770.000 0.564
5775.000 0.567
5780.000 0.575
5785.000 0.577
5790.000 0.582
5795.000 0.584
5800.000 0.589
5805.000 0.593
5810.000 0.598
5815.000 0.601
5820.000 0.607
5825.000 0.613
5830.000 0.613
5835.000 0.623
5840.000 0.621
5845.000 0.630
5850.000 0.635
5855.000 0.637
5860.000 0.646
5865.000 0.647
5870.000 0.655
5875.000 0.665
5880.000 0.668
5885.000 0.674
5890.000 0.684
5895.000 0.696
5900.000 0.701
5905.000 0.701
5910.000 0.717
5915.000 0.721
5920.000 0.727
5925.000 0.735
5930.000 0.741
5935.000 0.751
5940.000 0.756
5945.000 0.763
5950.000 0.771
5955.000 0.780
5960.000 0.790
5965.000 0.801
5970.000 0.823
5975.000 0.843
5980.000 0.861
5985.000 0.871
5990.000 0.867
5995.000 0.889
6000.000 0.891
6005.000 0.910
6010.000 0.918
6015.000 0.926
6020.000 0.929
6025.000 0.951
6030.000 0.947
6035.000 0.977
6040.000 0.980
6045.000 0.998
6050.000 1.010
6055.000 1.015
6060.000 1.041
6065.000 1.066
6070.000 1.080
6075.000 1.097
6080.000 1.111
6085.000 1.125
6090.000 1.138
6095.000 1.165
6100.000 1.194
6105.000 1.215
6110.000 1.245
6115.000 1.262
6120.000 1.297
6125.000 1.334
6130.000 1.353
6135.000 1.405
6140.000 1.429
6145.000 1.487
6150.000 1.539
6155.000 1.568
6160.000 1.642
6165.000 1.671
6170.000 1.752
6175.000 1.836
6180.000 1.905
6185.000 2.014
6190.000 2.076
6195.000 2.198
6200.000 2.365
6205.000 2.468
6210.000 2.664
6215.000 2.778
6220.000 3.089
6225.000 3.508
6230.000 3.764
6235.000 4.288
6240.000 4.486
6245.000 4.337
6250.000 3.463
6255.000 3.073
6260.000 2.640
6265.000 2.871
6270.000 3.128
6275.000 3.193
6280.000 3.151
6285.000 3.044
6290.000 2.994
6295.000 2.835
6300.000 2.651
6305.000 2.575
6310.000 2.409
6315.000 2.268
6320.000 2.117
6325.000 1.935
6330.000 1.854
6335.000 1.713
6340.000 1.645
6345.000 1.525
6350.000 1.469
6355.000 1.369
6360.000 1.277
6365.000 1.233
6370.000 1.164
6375.000 1.129
6380.000 1.074
6385.000 1.012
6390.000 0.989
6395.000 0.937
6400.000 0.916
6405.000 0.874
6410.000 0.844
6415.000 0.822
6420.000 0.785
6425.000 0.768
6430.000 0.736
6435.000 0.711
6440.000 0.695
6445.000 0.672
6450.000 0.669
6455.000 0.649
6460.000 0.634
6465.000 0.624
6470.000 0.607
6475.000 0.595
6480.000 0.579
6485.000 0.562
6490.000 0.556
6495.000 0.540
6500.000 0.534
6505.000 0.515
6510.000 0.498
6515.000 0.491
6520.000 0.476
6525.000 0.469
6530.000 0.459
6535.000 0.447
6540.000 0.441
6545.000 0.432
6550.000 0.431
6555.000 0.448
6560.000 0.605
6565.000 0.932
6570.000 3.179
6575.000 5.571
6580.000 10.162
6585.000 5.752
6590.000 1.241
6595.000 0.924
6600.000 0.275
6605.000 0.507
6610.000 0.423
6615.000 0.443
6620.000 0.394
6625.000 0.387
6630.000 0.364
6635.000 0.351
6640.000 0.344
6645.000 0.336
6650.000 0.330
6655.000 0.321
6660.000 0.317
6665.000 0.315
6670.000 0.311
6675.000 0.308
6680.000 0.303
6685.000 0.301
6690.000 0.302
6695.000 0.298
6700.000 0.297
6705.000 0.295
6710.000 0.292
6715.000 0.296
6720.000 0.295
6725.000 0.295
6730.000 0.290
6735.000 0.290
6740.000 0.288
6745.000 0.294
6750.000 0.294
6755.000 0.293
6760.000 0.291
6765.000 0.289
6770.000 0.287
6775.000 0.288
6780.000 0.288
6785.000 0.288
6790.000 0.285
6795.000 0.286
6800.000 0.290
6805.000 0.291
6810.000 0.289
6815.000 0.289
6820.000 0.287
6825.000 0.286
6830.000 0.285
6835.000 0.283
6840.000 0.284
6845.000 0.283
6850.000 0.283
6855.000 0.284
6860.000 0.282
6865.000 0.283
6870.000 0.282
6875.000 0.284
6880.000 0.282
6885.000 0.283
6890.000 0.282
6895.000 0.281
6900.000 0.281
6905.000 0.282
6910.000 0.283
6915.000 0.284
6920.000 0.281
6925.000 0.280
6930.000 0.281
6935.000 0.282
6940.000 0.282
6945.000 0.282
6950.000 0.283
6955.000 0.289
6960.000 0.285
6965.000 0.288
6970.000 0.284
6975.000 0.282
6980.000 0.282
6985.000 0.281
6990.000 0.290
6995.000 0.289
7000.000 0.282
7005.000 0.289
7010.000 0.290
7015.000 0.288
7020.000 0.280
7025.000 0.291
7030.000 0.289
7035.000 0.282
7040.000 0.282
7045.000 0.282
7050.000 0.282
7055.000 0.286
7060.000 0.282
7065.000 0.286
7070.000 0.283
7075.000 0.283
7080.000 0.283
7085.000 0.286
7090.000 0.283
7095.000 0.286
7100.000 0.284
7105.000 0.288
7110.000 0.286
7115.000 0.285
7120.000 0.285
7125.000 0.286
7130.000 0.286
7135.000 0.288
7140.000 0.287
7145.000 0.288
7150.000 0.288
7155.000 0.286
7160.000 0.286
7165.000 0.289
7170.000 0.287
7175.000 0.287
7180.000 0.287
7185.000 0.289
7190.000 0.287
7195.000 0.288
7200.000 0.289
7205.000 0.287
7210.000 0.288
7215.000 0.289
7220.000 0.290
7225.000 0.289
7230.000 0.288
7235.000 0.289
7240.000 0.289
7245.000 0.290
7250.000 0.289
7255.000 0.289
7260.000 0.292
7265.000 0.291
7270.000 0.289
7275.000 0.292
7280.000 0.292
7285.000 0.293
7290.000 0.292
7295.000 0.292
7300.000 0.292
7305.000 0.294
7310.000 0.293
7315.000 0.292
7320.000 0.296
7325.000 0.295
7330.000 0.294
7335.000 0.295
7340.000 0.294
7345.000 0.296
7350.000 0.294
7355.000 0.300
7360.000 0.299
7365.000 0.308
7370.000 0.314
7375.000 0.312
7380.000 0.308
7385.000 0.303
7390.000 0.298
7395.000 0.298
7400.000 0.299
7405.000 0.293
7410.000 0.291
7415.000 0.289
7420.000 0.280
7425.000 0.282
7430.000 0.262
7435.000 0.256
7440.000 0.235
7445.000 0.199
7450.000 0.181
7455.000 0.154
7460.000 0.162
7465.000 0.158
7470.000 0.584
7475.000 1.556
7480.000 2.199
7485.000 1.796
7490.000 0.983
7495.000 0.673
7500.000 0.582
7505.000 0.465
7510.000 0.430
7515.000 0.375
7520.000 0.339
7525.000 0.326
7530.000 0.309
7535.000 0.303
7540.000 0.293
7545.000 0.290
7550.000 0.289
7555.000 0.287
7560.000 0.286
7565.000 0.281
7570.000 0.283
7575.000 0.281
7580.000 0.278
7585.000 0.279
7590.000 0.279
7595.000 0.282
7600.000 0.287
7605.000 0.299
7610.000 0.300
7615.000 0.299
7620.000 0.294
7625.000 0.287
7630.000 0.283
7635.000 0.283
7640.000 0.278
7645.000 0.277
7650.000 0.275
7655.000 0.279
7660.000 0.277
7665.000 0.275
7670.000 0.276
7675.000 0.274
7680.000 0.273
7685.000 0.276
7690.000 0.272
7695.000 0.273
7700.000 0.272
7705.000 0.273
7710.000 0.277
7715.000 0.282
7720.000 0.279
7725.000 0.277
7730.000 0.273
7735.000 0.272
7740.000 0.272
7745.000 0.272
7750.000 0.269
7755.000 0.267
7760.000 0.266
7765.000 0.266
7770.000 0.265
7775.000 0.263
7780.000 0.265
7785.000 0.264
7790.000 0.263
7795.000 0.264
7800.000 0.264
7805.000 0.259
7810.000 0.260
7815.000 0.257
7820.000 0.258
7825.000 0.253
7830.000 0.254
7835.000 0.254
7840.000 0.256
7845.000 0.253
7850.000 0.249
7855.000 0.252
7860.000 0.247
7865.000 0.247
7870.000 0.246
7875.000 0.243
7880.000 0.241
7885.000 0.242
7890.000 0.238
7895.000 0.238
7900.000 0.237
7905.000 0.236
7910.000 0.234
7915.000 0.232
7920.000 0.231
7925.000 0.230
7930.000 0.231
7935.000 0.231
7940.000 0.227
7945.000 0.229
7950.000 0.228
7955.000 0.226
7960.000 0.233
7965.000 0.238
7970.000 0.236
7975.000 0.240
7980.000 0.247
7985.000 0.253
7990.000 0.273
7995.000 0.274
8000.000 0.295
8005.000 0.308
8010.000 0.362
8015.000 0.411
8020.000 0.438
8025.000 0.553
8030.000 0.616
8035.000 0.871
8040.000 1.270
8045.000 1.587
8050.000 2.585
8055.000 3.345
8060.000 5.894
8065.000 10.050
8070.000 12.068
8075.000 5.839
8080.000 3.119
8085.000 2.386
8090.000 1.601
8095.000 1.366
8100.000 1.082
8105.000 0.983
8110.000 0.802
8115.000 0.691
8120.000 0.644
8125.000 0.569
8130.000 0.540
8135.000 0.494
8140.000 0.457
8145.000 0.441
8150.000 0.417
8155.000 0.405
8160.000 0.387
8165.000 0.370
8170.000 0.364
8175.000 0.353
8180.000 0.346
8185.000 0.337
8190.000 0.327
8195.000 0.324
8200.000 0.317
8205.000 0.313
8210.000 0.306
8215.000 0.301
8220.000 0.299
8225.000 0.293
8230.000 0.288
8235.000 0.284
8240.000 0.280
8245.000 0.280
8250.000 0.275
8255.000 0.274
8260.000 0.269
8265.000 0.266
8270.000 0.263
8275.000 0.269
8280.000 0.266
8285.000 0.268
8290.000 0.263
8295.000 0.260
8300.000 0.254
8305.000 0.250
8310.000 0.245
8315.000 0.240
8320.000 0.240
8325.000 0.234
8330.000 0.233
8335.000 0.229
8340.000 0.226
8345.000 0.223
8350.000 0.216
8355.000 0.218
8360.000 0.214
8365.000 0.210
8370.000 0.207
8375.000 0.205
8380.000 0.203
8385.000 0.202
8390.000 0.196
8395.000 0.193
8400.000 0.190
8405.000 0.188
8410.000 0.184
8415.000 0.186
8420.000 0.182
8425.000 0.180
8430.000 0.177
8435.000 0.172
8440.000 0.169
8445.000 0.164
8450.000 0.160
8455.000 0.159
8460.000 0.154
8465.000 0.152
8470.000 0.149
8475.000 0.146
8480.000 0.143
8485.000 0.140
8490.000 0.142
8495.000 0.138
8500.000 0.139
8505.000 0.139
8510.000 0.146
8515.000 0.153
8520.000 0.184
8525.000 0.262
8530.000 0.340
8535.000 0.766
8540.000 1.486
8545.000 4.881
8550.000 7.118
8555.000 4.595
8560.000 2.959
8565.000 1.460
8570.000 1.704
8575.000 1.431
8580.000 1.385
8585.000 1.374
8590.000 1.423
8595.000 1.603
8600.000 1.870
8605.000 2.037
8610.000 2.431
8615.000 2.686
8620.000 3.317
8625.000 4.219
8630.000 4.799
8635.000 6.221
8640.000 7.039
8645.000 8.760
8650.000 10.003
8655.000 10.206
8660.000 9.104
8665.000 7.941
8670.000 5.541
8675.000 3.961
8680.000 3.539
8685.000 2.981
8690.000 2.828
8695.000 2.663
8700.000 2.366
8705.000 2.232
8710.000 2.005
8715.000 1.901
8720.000 1.724
8725.000 1.590
8730.000 1.528
8735.000 1.432
8740.000 1.403
8745.000 1.336
8750.000 1.282
8755.000 1.260
8760.000 1.216
8765.000 1.194
8770.000 1.158
8775.000 1.119
8780.000 1.105
8785.000 1.078
8790.000 1.063
8795.000 1.034
8800.000 1.019
8805.000 1.006
8810.000 0.985
8815.000 0.982
8820.000 0.968
8825.000 0.940
8830.000 0.983
8835.000 0.981
8840.000 0.974
8845.000 0.929
8850.000 0.895
8855.000 0.883
8860.000 0.866
8865.000 0.855
8870.000 0.843
8875.000 0.826
8880.000 0.818
8885.000 0.814
8890.000 0.805
8895.000 0.798
8900.000 0.791
8905.000 0.785
8910.000 0.770
8915.000 0.765
8920.000 0.759
8925.000 0.751
8930.000 0.740
8935.000 0.738
8940.000 0.730
8945.000 0.725
8950.000 0.715
8955.000 0.713
8960.000 0.712
8965.000 0.702
8970.000 0.703
8975.000 0.693
8980.000 0.686
8985.000 0.689
8990.000 0.687
8995.000 0.684
9000.000 0.679
9005.000 0.676
9010.000 0.668
9015.000 0.670
9020.000 0.670
9025.000 0.657
9030.000 0.655
9035.000 0.661
9040.000 0.656
9045.000 0.650
9050.000 0.654
9055.000 0.639
9060.000 0.639
9065.000 0.643
9070.000 0.635
9075.000 0.634
9080.000 0.634
9085.000 0.628
9090.000 0.630
9095.000 0.628
9100.000 0.627
9105.000 0.624
9110.000 0.622
9115.000 0.621
9120.000 0.617
9125.000 0.621
9130.000 0.617
9135.000 0.617
9140.000 0.617
9145.000 0.613
9150.000 0.608
9155.000 0.612
9160.000 0.607
9165.000 0.608
9170.000 0.607
9175.000 0.606
9180.000 0.604
9185.000 0.605
9190.000 0.604
9195.000 0.605
9200.000 0.605
9205.000 0.604
9210.000 0.601
9215.000 0.602
9220.000 0.601
9225.000 0.600
9230.000 0.598
9235.000 0.598
9240.000 0.599
9245.000 0.598
9250.000 0.601
9255.000 0.595
9260.000 0.596
9265.000 0.591
9270.000 0.592
9275.000 0.591
9280.000 0.590
9285.000 0.589
9290.000 0.593
9295.000 0.591
9300.000 0.591
9305.000 0.586
9310.000 0.587
9315.000 0.586
9320.000 0.585
9325.000 0.585
9330.000 0.587
9335.000 0.582
9340.000 0.583
9345.000 0.580
9350.000 0.585
9355.000 0.582
9360.000 0.582
9365.000 0.584
9370.000 0.579
9375.000 0.582
9380.000 0.578
9385.000 0.580
9390.000 0.582
9395.000 0.577
9400.000 0.580
9405.000 0.579
9410.000 0.580
9415.000 0.581
9420.000 0.583
9425.000 0.585
9430.000 0.588
9435.000 0.588
9440.000 0.595
9445.000 0.599
9450.000 0.607
9455.000 0.616
9460.000 0.637
9465.000 0.657
9470.000 0.718
9475.000 0.769
9480.000 0.963
9485.000 1.065
9490.000 0.980
9495.000 1.161
9500.000 1.277
9505.000 1.280
9510.000 0.842
9515.000 0.736
9520.000 0.664
9525.000 0.637
9530.000 0.602
9535.000 0.589
9540.000 0.586
9545.000 0.575
9550.000 0.578
9555.000 0.572
9560.000 0.571
9565.000 0.563
9570.000 0.563
9575.000 0.563
9580.000 0.565
9585.000 0.566
9590.000 0.568
9595.000 0.563
9600.000 0.559
9605.000 0.563
9610.000 0.561
9615.000 0.563
9620.000 0.563
9625.000 0.563
9630.000 0.560
9635.000 0.562
9640.000 0.558
9645.000 0.559
9650.000 0.558
9655.000 0.554
9660.000 0.556
9665.000 0.556
9670.000 0.555
9675.000 0.555
9680.000 0.554
9685.000 0.553
9690.000 0.558
9695.000 0.559
9700.000 0.559
9705.000 0.560
9710.000 0.561
9715.000 0.561
9720.000 0.562
9725.000 0.563
9730.000 0.560
9735.000 0.565
9740.000 0.570
9745.000 0.572
9755.000 0.588
9760.000 0.583
9765.000 0.586
9770.000 0.589
9775.000 0.599
9780.000 0.602
9785.000 0.613
9790.000 0.625
9795.000 0.636
9800.000 0.652
9805.000 0.659
9810.000 0.690
9815.000 0.681
9820.000 0.665
9825.000 0.579
9830.000 0.509
9835.000 0.328
9840.000 0.155
9845.000 0.086
9850.000 0.031
9855.000 0.068
9860.000 0.143
9865.000 0.199
9870.000 0.225
9875.000 0.399
9880.000 0.649
9885.000 1.519
9890.000 1.836
9895.000 2.046
9900.000 1.917
9905.000 1.831
9910.000 1.662
9915.000 1.586
9920.000 1.446
9925.000 1.321
9930.000 1.261
9935.000 1.148
9940.000 1.091
9945.000 0.990
9950.000 0.898
9955.000 0.858
9960.000 0.792
9965.000 0.762
9970.000 0.723
9975.000 0.690
9980.000 0.677
9985.000 0.661
9990.000 0.650
9995.000 0.641
10000.000 0.631
