105.000 0.109
110.000 0.156
115.000 1.773
120.000 1.994
125.000 2.763
130.000 3.370
135.000 3.434
140.000 3.750
145.000 3.883
150.000 3.811
155.000 3.910
160.000 3.804
165.000 3.618
170.000 3.593
175.000 3.562
180.000 3.262
185.000 3.230
190.000 3.109
195.000 3.060
200.000 3.020
205.000 3.162
210.000 3.183
215.000 3.430
220.000 3.555
225.000 3.751
230.000 4.826
235.000 4.888
240.000 4.887
245.000 4.848
250.000 5.024
255.000 5.928
260.000 6.312
265.000 6.688
270.000 6.939
275.000 7.717
280.000 8.511
285.000 9.191
290.000 9.757
295.000 10.182
300.000 10.887
305.000 11.778
310.000 12.252
315.000 13.206
320.000 13.752
325.000 15.057
330.000 16.356
335.000 17.388
340.000 19.042
345.000 20.019
350.000 22.162
355.000 24.884
360.000 26.245
365.000 30.183
370.000 32.828
375.000 38.592
380.000 46.276
385.000 49.840
390.000 57.133
395.000 60.700
400.000 67.613
405.000 73.180
410.000 73.486
415.000 72.389
420.000 71.730
425.000 70.676
430.000 70.203
435.000 69.669
440.000 67.538
445.000 66.216
450.000 63.150
455.000 58.069
460.000 54.226
465.000 47.828
470.000 45.118
475.000 40.367
480.000 35.348
485.000 32.951
490.000 28.489
495.000 26.243
500.000 22.650
505.000 19.182
510.000 17.630
515.000 15.072
520.000 13.956
525.000 12.040
530.000 10.481
535.000 9.711
540.000 8.556
545.000 8.023
550.000 7.116
555.000 6.361
560.000 6.045
565.000 5.469
570.000 5.218
575.000 4.772
580.000 4.382
585.000 4.189
590.000 3.898
595.000 3.759
600.000 3.506
605.000 3.280
610.000 3.181
615.000 3.049
620.000 2.934
625.000 2.728
630.000 2.623
635.000 2.547
640.000 2.401
645.000 2.362
650.000 2.265
655.000 2.223
660.000 2.144
665.000 2.088
670.000 2.058
675.000 2.007
680.000 1.985
685.000 1.956
690.000 1.925
695.000 1.914
700.000 1.896
705.000 1.894
710.000 1.892
715.000 1.896
720.000 1.906
725.000 1.932
730.000 1.947
735.000 1.984
740.000 2.033
745.000 2.068
750.000 2.152
755.000 2.211
760.000 2.364
765.000 2.525
770.000 2.605
775.000 2.786
780.000 2.928
785.000 3.306
790.000 3.933
795.000 4.257
800.000 5.522
805.000 6.429
810.000 9.147
815.000 13.345
820.000 15.739
825.000 20.021
830.000 21.511
835.000 19.380
840.000 11.799
845.000 9.351
850.000 6.242
855.000 5.271
860.000 3.921
865.000 3.033
870.000 2.706
875.000 2.209
880.000 1.999
885.000 1.691
890.000 1.447
895.000 1.351
900.000 1.194
905.000 1.115
910.000 0.995
915.000 0.894
920.000 0.858
925.000 0.783
930.000 0.755
935.000 0.697
940.000 0.651
945.000 0.626
950.000 0.596
955.000 0.571
960.000 0.545
965.000 0.517
970.000 0.505
975.000 0.487
980.000 0.488
985.000 0.440
990.000 0.429
995.000 0.425
1000.000 0.412
1005.000 0.399
1010.000 0.385
1015.000 0.375
1020.000 0.381
1025.000 0.364
1030.000 0.364
1035.000 0.354
1040.000 0.354
1045.000 0.351
1050.000 0.348
1055.000 0.355
1060.000 0.351
1065.000 0.354
1070.000 0.357
1075.000 0.358
1080.000 0.360
1085.000 0.363
1090.000 0.372
1095.000 0.378
1100.000 0.386
1105.000 0.390
1110.000 0.404
1115.000 0.418
1120.000 0.427
1125.000 0.443
1130.000 0.456
1135.000 0.479
1140.000 0.507
1145.000 0.521
1150.000 0.560
1155.000 0.581
1160.000 0.626
1165.000 0.690
1170.000 0.726
1175.000 0.807
1180.000 0.860
1185.000 0.979
1190.000 1.132
1195.000 1.234
1200.000 1.504
1205.000 1.681
1210.000 2.220
1215.000 3.312
1220.000 4.272
1225.000 7.150
1230.000 8.381
1235.000 8.143
1240.000 6.736
1245.000 4.384
1250.000 3.085
1255.000 2.664
1260.000 2.062
1265.000 1.858
1270.000 1.520
1275.000 1.293
1280.000 1.203
1285.000 1.055
1290.000 1.001
1295.000 0.909
1300.000 0.833
1305.000 0.801
1310.000 0.766
1315.000 0.716
1320.000 0.687
1325.000 0.652
1330.000 0.641
1335.000 0.617
1340.000 0.606
1345.000 0.588
1350.000 0.574
1355.000 0.568
1360.000 0.556
1365.000 0.548
1370.000 0.543
1375.000 0.536
1380.000 0.535
1385.000 0.528
1390.000 0.530
1395.000 0.530
1400.000 0.530
1405.000 0.532
1410.000 0.533
1415.000 0.551
1420.000 0.539
1425.000 0.547
1430.000 0.551
1435.000 0.560
1440.000 0.564
1445.000 0.576
1450.000 0.589
1455.000 0.594
1460.000 0.612
1465.000 0.623
1470.000 0.641
1475.000 0.663
1480.000 0.671
1485.000 0.703
1490.000 0.717
1495.000 0.754
1500.000 0.792
1505.000 0.812
1510.000 0.862
1515.000 0.893
1520.000 0.958
1525.000 0.998
1530.000 1.084
1535.000 1.198
1540.000 1.264
1545.000 1.418
1550.000 1.515
1555.000 1.691
1560.000 1.889
1565.000 2.006
1570.000 2.299
1575.000 2.480
1580.000 2.952
1585.000 3.600
1590.000 4.028
1595.000 5.110
1600.000 5.801
1605.000 7.549
1610.000 9.888
1615.000 11.221
1620.000 13.567
1625.000 14.090
1630.000 12.747
1635.000 9.532
1640.000 8.074
1645.000 5.853
1650.000 5.032
1655.000 3.862
1660.000 3.107
1665.000 2.833
1670.000 2.426
1675.000 2.280
1680.000 2.060
1685.000 1.957
1690.000 1.933
1695.000 1.890
1700.000 1.882
1705.000 1.869
1710.000 1.861
1715.000 1.861
1720.000 1.853
1725.000 1.862
1730.000 1.846
1735.000 1.840
1740.000 1.828
1745.000 1.839
1750.000 1.835
1755.000 1.829
1760.000 1.871
1765.000 1.861
1770.000 1.857
1775.000 1.868
1780.000 1.864
1785.000 1.875
1790.000 1.877
1795.000 1.888
1800.000 1.912
1805.000 1.923
1810.000 1.939
1815.000 1.973
1820.000 2.015
1825.000 2.019
1830.000 2.042
1835.000 2.082
1840.000 2.096
1845.000 2.133
1850.000 2.164
1855.000 2.219
1860.000 2.283
1865.000 2.316
1870.000 2.398
1875.000 2.450
1880.000 2.535
1885.000 2.665
1890.000 2.695
1895.000 2.840
1900.000 2.912
1905.000 3.077
1910.000 3.261
1915.000 3.353
1920.000 3.569
1925.000 3.689
1930.000 3.956
1935.000 4.287
1940.000 4.472
1945.000 4.935
1950.000 5.215
1955.000 5.918
1960.000 6.863
1965.000 7.428
1970.000 8.947
1975.000 9.933
1980.000 12.234
1985.000 15.170
1990.000 16.590
1995.000 19.060
2000.000 19.848
2005.000 19.903
2010.000 17.459
2015.000 15.872
2020.000 12.677
2025.000 11.277
2030.000 9.048
2035.000 7.436
2040.000 6.785
2045.000 5.758
2050.000 5.379
2055.000 4.805
2060.000 4.355
2065.000 4.160
2070.000 3.825
2075.000 3.672
2080.000 3.403
2085.000 3.170
2090.000 3.066
2095.000 2.880
2100.000 2.792
2105.000 2.639
2110.000 2.501
2115.000 2.441
2120.000 2.324
2125.000 2.270
2130.000 2.174
2135.000 2.129
2140.000 2.037
2145.000 1.926
2150.000 1.873
2155.000 1.780
2160.000 1.741
2165.000 1.673
2170.000 1.613
2175.000 1.584
2180.000 1.541
2185.000 1.522
2190.000 1.490
2195.000 1.465
2200.000 1.459
2205.000 1.445
2210.000 1.442
2215.000 1.441
2220.000 1.447
2225.000 1.453
2230.000 1.472
2235.000 1.485
2240.000 1.516
2245.000 1.561
2250.000 1.590
2255.000 1.663
2260.000 1.707
2265.000 1.809
2270.000 1.924
2275.000 1.978
2280.000 2.086
2285.000 2.152
2290.000 2.311
2295.000 2.527
2300.000 2.670
2305.000 3.044
2310.000 3.303
2315.000 4.003
2320.000 5.114
2325.000 5.851
2330.000 7.758
2335.000 8.947
2340.000 11.048
2345.000 11.706
2350.000 10.888
2355.000 8.040
2360.000 6.677
2365.000 4.699
2370.000 3.471
2375.000 3.036
2380.000 2.384
2385.000 2.143
2390.000 1.769
2395.000 1.508
2400.000 1.397
2405.000 1.209
2410.000 1.134
2415.000 0.991
2420.000 0.885
2425.000 0.841
2430.000 0.761
2435.000 0.723
2440.000 0.664
2445.000 0.613
2450.000 0.590
2455.000 0.546
2460.000 0.529
2465.000 0.492
2470.000 0.462
2475.000 0.450
2480.000 0.424
2485.000 0.411
2490.000 0.392
2495.000 0.373
2500.000 0.364
2505.000 0.350
2510.000 0.342
2515.000 0.328
2520.000 0.318
2525.000 0.315
2530.000 0.303
2535.000 0.297
2540.000 0.288
2545.000 0.281
2550.000 0.276
2555.000 0.269
2560.000 0.266
2565.000 0.260
2570.000 0.255
2575.000 0.251
2580.000 0.246
2585.000 0.243
2590.000 0.242
2595.000 0.234
2600.000 0.233
2605.000 0.229
2610.000 0.229
2615.000 0.223
2620.000 0.220
2625.000 0.220
2630.000 0.217
2635.000 0.213
2640.000 0.212
2645.000 0.211
2650.000 0.210
2655.000 0.210
2660.000 0.206
2665.000 0.206
2670.000 0.204
2675.000 0.201
2680.000 0.202
2685.000 0.201
2690.000 0.198
2695.000 0.196
2700.000 0.196
2705.000 0.197
2710.000 0.197
2715.000 0.193
2720.000 0.195
2725.000 0.194
2730.000 0.192
2735.000 0.194
2740.000 0.190
2745.000 0.192
2750.000 0.192
2755.000 0.188
2760.000 0.190
2765.000 0.188
2770.000 0.189
2775.000 0.188
2780.000 0.189
2785.000 0.189
2790.000 0.187
2795.000 0.189
2800.000 0.187
2805.000 0.187
2810.000 0.189
2815.000 0.187
2820.000 0.187
2825.000 0.189
2830.000 0.187
2835.000 0.187
2840.000 0.186
2845.000 0.186
2850.000 0.187
2855.000 0.187
2860.000 0.187
2865.000 0.184
2870.000 0.186
2875.000 0.184
2880.000 0.186
2885.000 0.184
2890.000 0.186
2895.000 0.185
2900.000 0.186
2905.000 0.186
2910.000 0.188
2915.000 0.186
2920.000 0.186
2925.000 0.189
2930.000 0.188
2935.000 0.190
2940.000 0.187
2945.000 0.185
2950.000 0.187
2955.000 0.194
2960.000 0.190
2965.000 0.193
2970.000 0.195
2975.000 0.187
2980.000 0.191
2985.000 0.187
2990.000 0.199
2995.000 0.191
3000.000 0.191
3005.000 0.200
3010.000 0.203
3015.000 0.200
3020.000 0.192
3025.000 0.204
3030.000 0.201
3035.000 0.205
3040.000 0.201
3045.000 0.198
3050.000 0.212
3055.000 0.204
3060.000 0.211
3065.000 0.206
3070.000 0.210
3075.000 0.215
3080.000 0.213
3085.000 0.212
3090.000 0.217
3095.000 0.217
3100.000 0.220
3105.000 0.223
3110.000 0.225
3115.000 0.228
3120.000 0.227
3125.000 0.232
3130.000 0.235
3135.000 0.238
3140.000 0.242
3145.000 0.245
3150.000 0.249
3155.000 0.253
3160.000 0.258
3165.000 0.266
3170.000 0.269
3175.000 0.277
3180.000 0.287
3185.000 0.290
3190.000 0.299
3195.000 0.304
3200.000 0.320
3205.000 0.329
3210.000 0.337
3215.000 0.351
3220.000 0.361
3225.000 0.381
3230.000 0.405
3235.000 0.415
3240.000 0.444
3245.000 0.463
3250.000 0.499
3255.000 0.546
3260.000 0.568
3265.000 0.631
3270.000 0.669
3275.000 0.759
3280.000 0.883
3285.000 0.964
3290.000 1.195
3295.000 1.349
3300.000 1.784
3305.000 2.374
3310.000 2.806
3315.000 3.830
3320.000 4.479
3325.000 6.228
3330.000 7.192
3335.000 9.507
3340.000 12.105
3345.000 13.174
3350.000 13.682
3355.000 12.899
3360.000 10.097
3365.000 7.718
3370.000 6.739
3375.000 5.221
3380.000 4.627
3385.000 3.714
3390.000 3.082
3395.000 2.852
3400.000 2.508
3405.000 2.376
3410.000 2.185
3415.000 2.060
3420.000 2.039
3425.000 2.027
3430.000 2.035
3435.000 2.065
3440.000 2.112
3445.000 2.149
3450.000 2.229
3455.000 2.286
3460.000 2.409
3465.000 2.575
3470.000 2.674
3475.000 2.952
3480.000 3.131
3485.000 3.626
3490.000 4.373
3495.000 4.895
3500.000 6.358
3505.000 7.380
3510.000 10.074
3515.000 13.328
3520.000 14.818
3525.000 16.325
3530.000 15.870
3535.000 12.456
3540.000 8.807
3545.000 7.400
3550.000 5.420
3555.000 4.726
3560.000 3.713
3565.000 3.034
3570.000 2.774
3575.000 2.375
3580.000 2.240
3585.000 2.043
3590.000 1.880
3595.000 1.815
3600.000 1.698
3605.000 1.631
3610.000 1.543
3615.000 1.443
3620.000 1.400
3625.000 1.320
3630.000 1.284
3635.000 1.215
3640.000 1.150
3645.000 1.120
3650.000 1.070
3655.000 1.050
3660.000 1.016
3665.000 0.989
3670.000 0.982
3675.000 0.959
3680.000 0.952
3685.000 0.949
3690.000 0.945
3695.000 0.944
3700.000 0.952
3705.000 0.955
3710.000 0.966
3715.000 0.984
3720.000 1.001
3725.000 1.034
3730.000 1.051
3735.000 1.101
3740.000 1.143
3745.000 1.166
3750.000 1.213
3755.000 1.244
3760.000 1.318
3765.000 1.410
3770.000 1.468
3775.000 1.583
3780.000 1.641
3785.000 1.785
3790.000 1.986
3795.000 2.114
3800.000 2.451
3805.000 2.679
3810.000 3.294
3815.000 4.230
3820.000 4.877
3825.000 6.590
3830.000 7.630
3835.000 9.699
3840.000 10.696
3845.000 10.348
3850.000 8.094
3855.000 6.816
3860.000 4.768
3865.000 3.462
3870.000 3.007
3875.000 2.346
3880.000 2.102
3885.000 1.734
3890.000 1.475
3895.000 1.383
3900.000 1.222
3905.000 1.158
3910.000 1.048
3915.000 1.002
3920.000 0.917
3925.000 0.856
3930.000 0.822
3935.000 0.768
3940.000 0.741
3945.000 0.693
3950.000 0.650
3955.000 0.625
3960.000 0.599
3965.000 0.577
3970.000 0.551
3975.000 0.531
3980.000 0.521
3985.000 0.505
3990.000 0.508
3995.000 0.489
4000.000 0.488
4005.000 0.476
4010.000 0.465
4015.000 0.464
4020.000 0.473
4025.000 0.469
4030.000 0.475
4035.000 0.470
4040.000 0.472
4045.000 0.481
4050.000 0.491
4055.000 0.504
4060.000 0.518
4065.000 0.516
4070.000 0.542
4075.000 0.565
4080.000 0.578
4085.000 0.605
4090.000 0.624
4095.000 0.648
4100.000 0.679
4105.000 0.699
4110.000 0.740
4115.000 0.767
4120.000 0.823
4125.000 0.892
4130.000 0.939
4135.000 1.048
4140.000 1.115
4145.000 1.299
4150.000 1.571
4155.000 1.761
4160.000 2.263
4165.000 2.579
4170.000 3.477
4175.000 4.776
4180.000 5.576
4185.000 7.175
4190.000 7.759
4195.000 7.873
4200.000 6.218
4205.000 5.268
4210.000 3.717
4215.000 3.154
4220.000 2.353
4225.000 1.840
4230.000 1.657
4235.000 1.372
4240.000 1.258
4245.000 1.083
4250.000 0.966
4255.000 0.915
4260.000 0.834
4265.000 0.799
4270.000 0.732
4275.000 0.686
4280.000 0.661
4285.000 0.622
4290.000 0.605
4295.000 0.576
4300.000 0.548
4305.000 0.537
4310.000 0.516
4315.000 0.507
4320.000 0.486
4325.000 0.473
4330.000 0.469
4335.000 0.460
4340.000 0.457
4345.000 0.454
4350.000 0.446
4355.000 0.444
4360.000 0.441
4365.000 0.439
4370.000 0.438
4375.000 0.442
4380.000 0.441
4385.000 0.446
4390.000 0.448
4395.000 0.454
4400.000 0.460
4405.000 0.465
4410.000 0.473
4415.000 0.480
4420.000 0.492
4425.000 0.509
4430.000 0.517
4435.000 0.528
4440.000 0.531
4445.000 0.544
4450.000 0.563
4455.000 0.575
4460.000 0.608
4465.000 0.622
4470.000 0.651
4475.000 0.699
4480.000 0.725
4485.000 0.786
4490.000 0.824
4495.000 0.935
4500.000 1.001
4505.000 1.187
4510.000 1.467
4515.000 1.665
4520.000 2.181
4525.000 2.497
4530.000 3.210
4535.000 3.757
4540.000 3.821
4545.000 3.258
4550.000 2.804
4555.000 1.978
4560.000 1.424
4565.000 1.225
4570.000 0.939
4575.000 0.833
4580.000 0.671
4585.000 0.566
4590.000 0.524
4595.000 0.464
4600.000 0.432
4605.000 0.392
4610.000 0.351
4615.000 0.331
4620.000 0.299
4625.000 0.286
4630.000 0.265
4635.000 0.249
4640.000 0.242
4645.000 0.231
4650.000 0.224
4655.000 0.218
4660.000 0.213
4665.000 0.211
4670.000 0.207
4675.000 0.206
4680.000 0.207
4685.000 0.205
4690.000 0.206
4695.000 0.208
4700.000 0.208
4705.000 0.213
4710.000 0.213
4715.000 0.216
4720.000 0.219
4725.000 0.223
4730.000 0.223
4735.000 0.229
4740.000 0.230
4745.000 0.235
4750.000 0.236
4755.000 0.242
4760.000 0.245
4765.000 0.248
4770.000 0.253
4775.000 0.257
4780.000 0.268
4785.000 0.280
4790.000 0.289
4795.000 0.305
4800.000 0.315
4805.000 0.339
4810.000 0.357
4815.000 0.402
4820.000 0.475
4825.000 0.530
4830.000 0.690
4835.000 0.811
4840.000 1.163
4845.000 1.688
4850.000 1.998
4855.000 2.572
4860.000 2.731
4865.000 2.601
4870.000 2.105
4875.000 1.868
4880.000 1.486
4885.000 1.331
4890.000 1.099
4895.000 0.936
4900.000 0.872
4905.000 0.775
4910.000 0.740
4915.000 0.683
4920.000 0.650
4925.000 0.640
4930.000 0.619
4935.000 0.612
4940.000 0.597
4945.000 0.589
4950.000 0.585
4955.000 0.581
4960.000 0.588
4965.000 0.584
4970.000 0.580
4975.000 0.589
4980.000 0.594
4985.000 0.590
4990.000 0.588
4995.000 0.600
5000.000 0.618
5005.000 0.615
5010.000 0.629
5015.000 0.640
5020.000 0.673
5025.000 0.677
5030.000 0.704
5035.000 0.745
5040.000 0.752
5045.000 0.799
5050.000 0.828
5055.000 0.886
5060.000 0.971
5065.000 1.025
5070.000 1.134
5075.000 1.208
5080.000 1.414
5085.000 1.694
5090.000 1.862
5095.000 2.083
5100.000 2.077
5105.000 1.802
5110.000 1.578
5115.000 1.121
5120.000 0.779
5125.000 0.656
5130.000 0.475
5135.000 0.405
5140.000 0.306
5145.000 0.230
5150.000 0.200
5155.000 0.154
5160.000 0.136
5165.000 0.111
5170.000 0.098
5175.000 0.097
5180.000 0.093
5185.000 0.092
5190.000 0.097
5195.000 0.101
5200.000 0.102
5205.000 0.111
5210.000 0.115
5215.000 0.121
5220.000 0.127
5225.000 0.131
5230.000 0.138
5235.000 0.141
5240.000 0.148
5245.000 0.152
5250.000 0.154
5255.000 0.162
5260.000 0.163
5265.000 0.168
5270.000 0.174
5275.000 0.177
5280.000 0.179
5285.000 0.183
5290.000 0.184
5295.000 0.188
5300.000 0.189
5305.000 0.192
5310.000 0.192
5315.000 0.194
5320.000 0.196
5325.000 0.200
5330.000 0.200
5335.000 0.200
5340.000 0.204
5345.000 0.202
5350.000 0.200
5355.000 0.204
5360.000 0.203
5365.000 0.203
5370.000 0.204
5375.000 0.205
5380.000 0.206
5385.000 0.205
5390.000 0.208
5395.000 0.210
5400.000 0.212
5405.000 0.211
5410.000 0.210
5415.000 0.213
5420.000 0.211
5425.000 0.210
5430.000 0.212
5435.000 0.212
5440.000 0.212
5445.000 0.213
5450.000 0.213
5455.000 0.215
5460.000 0.214
5465.000 0.214
5470.000 0.212
5475.000 0.216
5480.000 0.216
5485.000 0.217
5490.000 0.217
5495.000 0.217
5500.000 0.217
5505.000 0.222
5510.000 0.220
5515.000 0.218
5520.000 0.219
5525.000 0.226
5530.000 0.224
5535.000 0.222
5540.000 0.218
5545.000 0.222
5550.000 0.218
5555.000 0.222
5560.000 0.219
5565.000 0.221
5570.000 0.219
5575.000 0.219
5580.000 0.221
5585.000 0.222
5590.000 0.217
5595.000 0.219
5600.000 0.218
5605.000 0.221
5610.000 0.221
5615.000 0.223
5620.000 0.222
5625.000 0.221
5630.000 0.221
5635.000 0.223
5640.000 0.222
5645.000 0.219
5650.000 0.221
5655.000 0.221
5660.000 0.222
5665.000 0.224
5670.000 0.224
5675.000 0.225
5680.000 0.222
5685.000 0.220
5690.000 0.228
5695.000 0.224
5700.000 0.225
5705.000 0.226
5710.000 0.226
5715.000 0.225
5720.000 0.223
5725.000 0.228
5730.000 0.229
5735.000 0.224
5740.000 0.226
5745.000 0.224
5750.000 0.225
5755.000 0.227
5760.000 0.228
5765.000 0.226
5770.000 0.231
5775.000 0.231
5780.000 0.228
5785.000 0.227
5790.000 0.224
5795.000 0.225
5800.000 0.226
5805.000 0.230
5810.000 0.228
5815.000 0.227
5820.000 0.231
5825.000 0.229
5830.000 0.228
5835.000 0.229
5840.000 0.229
5845.000 0.231
5850.000 0.232
5855.000 0.232
5860.000 0.232
5865.000 0.233
5870.000 0.232
5875.000 0.232
5880.000 0.235
5885.000 0.233
5890.000 0.234
5895.000 0.236
5900.000 0.232
5905.000 0.234
5910.000 0.232
5915.000 0.237
5920.000 0.232
5925.000 0.236
5930.000 0.239
5935.000 0.236
5940.000 0.237
5945.000 0.232
5950.000 0.239
5955.000 0.237
5960.000 0.237
5965.000 0.236
5970.000 0.239
5975.000 0.246
5980.000 0.245
5985.000 0.245
5990.000 0.237
5995.000 0.249
6000.000 0.248
6005.000 0.246
6010.000 0.233
6015.000 0.241
6020.000 0.249
6025.000 0.238
6030.000 0.251
6035.000 0.237
6040.000 0.248
6045.000 0.243
6050.000 0.237
6055.000 0.240
6060.000 0.242
6065.000 0.248
6070.000 0.244
6075.000 0.237
6080.000 0.242
6085.000 0.239
6090.000 0.239
6095.000 0.241
6100.000 0.241
6105.000 0.241
6110.000 0.240
6115.000 0.240
6120.000 0.238
6125.000 0.243
6130.000 0.242
6135.000 0.245
6140.000 0.242
6145.000 0.241
6150.000 0.245
6155.000 0.245
6160.000 0.242
6165.000 0.244
6170.000 0.241
6175.000 0.247
6180.000 0.244
6185.000 0.244
6190.000 0.247
6195.000 0.242
6200.000 0.247
6205.000 0.245
6210.000 0.245
6215.000 0.245
6220.000 0.243
6225.000 0.247
6230.000 0.247
6235.000 0.248
6240.000 0.247
6245.000 0.248
6250.000 0.247
6255.000 0.247
6260.000 0.246
6265.000 0.248
6270.000 0.246
6275.000 0.246
6280.000 0.250
6285.000 0.252
6290.000 0.249
6295.000 0.251
6300.000 0.252
6305.000 0.254
6310.000 0.254
6315.000 0.255
6320.000 0.255
6325.000 0.253
6330.000 0.251
6335.000 0.256
6340.000 0.251
6345.000 0.253
6350.000 0.255
6355.000 0.256
6360.000 0.256
6365.000 0.260
6370.000 0.259
6375.000 0.259
6380.000 0.260
6385.000 0.262
6390.000 0.259
6395.000 0.258
6400.000 0.257
6405.000 0.260
6410.000 0.260
6415.000 0.266
6420.000 0.267
6425.000 0.264
6430.000 0.264
6435.000 0.266
6440.000 0.270
6445.000 0.267
6450.000 0.270
6455.000 0.271
6460.000 0.275
6465.000 0.277
6470.000 0.276
6475.000 0.277
6480.000 0.276
6485.000 0.283
6490.000 0.288
6495.000 0.289
6500.000 0.296
6505.000 0.298
6510.000 0.302
6515.000 0.312
6520.000 0.318
6525.000 0.320
6530.000 0.326
6535.000 0.335
6540.000 0.346
6545.000 0.352
6550.000 0.366
6555.000 0.372
6560.000 0.388
6565.000 0.412
6570.000 0.424
6575.000 0.455
6580.000 0.472
6585.000 0.515
6590.000 0.541
6595.000 0.604
6600.000 0.696
6605.000 0.757
6610.000 0.910
6615.000 1.018
6620.000 1.309
6625.000 1.765
6630.000 2.083
6635.000 2.910
6640.000 3.438
6645.000 4.709
6650.000 6.087
6655.000 6.704
6660.000 7.189
6665.000 6.913
6670.000 5.676
6675.000 4.431
6680.000 3.930
6685.000 3.155
6690.000 2.869
6695.000 2.430
6700.000 2.123
6705.000 2.016
6710.000 1.877
6715.000 1.832
6720.000 1.788
6725.000 1.798
6730.000 1.830
6735.000 1.957
6740.000 2.042
6745.000 2.281
6750.000 2.650
6755.000 2.910
6760.000 3.635
6765.000 4.141
6770.000 5.491
6775.000 7.224
6780.000 8.086
6785.000 9.247
6790.000 9.319
6795.000 8.007
6800.000 6.059
6805.000 5.212
6810.000 3.956
6815.000 3.506
6820.000 2.827
6825.000 2.372
6830.000 2.205
6835.000 1.958
6840.000 1.871
6845.000 1.748
6850.000 1.655
6855.000 1.614
6860.000 1.544
6865.000 1.515
6870.000 1.473
6875.000 1.436
6880.000 1.421
6885.000 1.400
6890.000 1.388
6895.000 1.384
6900.000 1.384
6905.000 1.389
6910.000 1.400
6915.000 1.406
6920.000 1.438
6925.000 1.470
6930.000 1.493
6935.000 1.545
6940.000 1.572
6945.000 1.652
6950.000 1.735
6955.000 1.785
6960.000 1.914
6965.000 1.986
6970.000 2.176
6975.000 2.433
6980.000 2.602
6985.000 3.068
6990.000 3.360
6995.000 4.168
7000.000 5.256
7005.000 5.931
7010.000 7.284
7015.000 7.853
7020.000 8.277
7025.000 7.276
7030.000 6.455
7035.000 4.887
7040.000 4.235
7045.000 3.267
7050.000 2.618
7055.000 2.371
7060.000 2.003
7065.000 1.863
7070.000 1.652
7075.000 1.505
7080.000 1.436
7085.000 1.324
7090.000 1.273
7095.000 1.180
7100.000 1.109
7105.000 1.076
7110.000 1.024
7115.000 0.999
7120.000 0.952
7125.000 0.918
7130.000 0.904
7135.000 0.865
7140.000 0.844
7145.000 0.815
7150.000 0.796
7155.000 0.786
7160.000 0.770
7165.000 0.764
7170.000 0.762
7175.000 0.759
7180.000 0.760
7185.000 0.776
7190.000 0.781
7195.000 0.801
7200.000 0.810
7205.000 0.838
7210.000 0.873
7215.000 0.889
7220.000 0.926
7225.000 0.948
7230.000 0.996
7235.000 1.059
7240.000 1.092
7245.000 1.177
7250.000 1.231
7255.000 1.368
7260.000 1.558
7265.000 1.680
7270.000 1.997
7275.000 2.214
7280.000 2.785
7285.000 3.569
7290.000 4.048
7295.000 5.065
7300.000 5.525
7305.000 6.087
7310.000 5.654
7315.000 5.108
7320.000 3.963
7325.000 3.465
7330.000 2.682
7335.000 2.152
7340.000 1.954
7345.000 1.655
7350.000 1.546
7355.000 1.380
7360.000 1.269
7365.000 1.249
7370.000 1.173
7375.000 1.120
7380.000 1.043
7385.000 0.989
7390.000 0.959
7395.000 0.926
7400.000 0.914
7405.000 0.883
7410.000 0.855
7415.000 0.846
7420.000 0.825
7425.000 0.816
7430.000 0.804
7435.000 0.794
7440.000 0.792
7445.000 0.789
7450.000 0.787
7455.000 0.784
7460.000 0.788
7465.000 0.788
7470.000 0.790
7475.000 0.794
7480.000 0.804
7485.000 0.818
7490.000 0.822
7495.000 0.845
7500.000 0.859
7505.000 0.884
7510.000 0.910
7515.000 0.933
7520.000 0.970
7525.000 0.990
7530.000 1.044
7535.000 1.112
7540.000 1.151
7545.000 1.236
7550.000 1.288
7555.000 1.429
7560.000 1.617
7565.000 1.743
7570.000 2.056
7575.000 2.257
7580.000 2.749
7585.000 3.306
7590.000 3.570
7595.000 3.867
7600.000 3.805
7605.000 3.242
7610.000 2.533
7615.000 2.223
7620.000 1.728
7625.000 1.541
7630.000 1.262
7635.000 1.066
7640.000 0.993
7645.000 0.876
7650.000 0.824
7655.000 0.740
7660.000 0.667
7665.000 0.637
7670.000 0.589
7675.000 0.572
7680.000 0.525
7685.000 0.483
7690.000 0.463
7695.000 0.432
7700.000 0.416
7705.000 0.391
7710.000 0.370
7715.000 0.360
7720.000 0.345
7725.000 0.341
7730.000 0.330
7735.000 0.321
7740.000 0.316
7745.000 0.311
7750.000 0.308
7755.000 0.304
7760.000 0.306
7765.000 0.304
7770.000 0.306
7775.000 0.309
7780.000 0.314
7785.000 0.319
7790.000 0.328
7795.000 0.347
7800.000 0.359
7805.000 0.382
7810.000 0.398
7815.000 0.443
7820.000 0.513
7825.000 0.559
7830.000 0.670
7835.000 0.738
7840.000 0.906
7845.000 1.141
7850.000 1.277
7855.000 1.606
7860.000 1.746
7865.000 1.808
7870.000 1.573
7875.000 1.419
7880.000 1.149
7885.000 1.034
7890.000 0.862
7895.000 0.744
7900.000 0.697
7905.000 0.629
7910.000 0.603
7915.000 0.563
7920.000 0.532
7925.000 0.525
7930.000 0.503
7935.000 0.490
7940.000 0.478
7945.000 0.467
7950.000 0.464
7955.000 0.459
7960.000 0.446
7965.000 0.445
7970.000 0.446
7975.000 0.439
7980.000 0.443
7985.000 0.446
7990.000 0.457
7995.000 0.469
8000.000 0.461
8005.000 0.482
8010.000 0.495
8015.000 0.507
8020.000 0.522
8025.000 0.553
8030.000 0.605
8035.000 0.615
8040.000 0.646
8045.000 0.634
8050.000 0.607
8055.000 0.559
8060.000 0.527
8065.000 0.484
8070.000 0.448
8075.000 0.392
8080.000 0.339
8085.000 0.325
8090.000 0.298
8095.000 0.285
8100.000 0.261
8105.000 0.238
8110.000 0.228
8115.000 0.218
8120.000 0.216
8125.000 0.208
8130.000 0.208
8135.000 0.207
8140.000 0.204
8145.000 0.205
8150.000 0.205
8155.000 0.203
8160.000 0.203
8165.000 0.205
8170.000 0.205
8175.000 0.207
8180.000 0.208
8185.000 0.210
8190.000 0.210
8195.000 0.213
8200.000 0.215
8205.000 0.216
8210.000 0.215
8215.000 0.217
8220.000 0.217
8225.000 0.219
8230.000 0.217
8235.000 0.216
8240.000 0.215
8245.000 0.215
8250.000 0.219
8255.000 0.217
8260.000 0.218
8265.000 0.219
8270.000 0.219
8275.000 0.219
8280.000 0.221
8285.000 0.221
8290.000 0.220
8295.000 0.224
8300.000 0.223
8305.000 0.223
8310.000 0.223
8315.000 0.223
8320.000 0.222
8325.000 0.224
8330.000 0.225
8335.000 0.225
8340.000 0.227
8345.000 0.226
8350.000 0.227
8355.000 0.229
8360.000 0.227
8365.000 0.229
8370.000 0.227
8375.000 0.228
8380.000 0.232
8385.000 0.230
8390.000 0.233
8395.000 0.233
8400.000 0.231
8405.000 0.232
8410.000 0.230
8415.000 0.230
8420.000 0.233
8425.000 0.235
8430.000 0.235
8435.000 0.234
8440.000 0.234
8445.000 0.237
8450.000 0.239
8455.000 0.239
8460.000 0.239
8465.000 0.239
8470.000 0.242
8475.000 0.240
8480.000 0.241
8485.000 0.238
8490.000 0.240
8495.000 0.239
8500.000 0.241
8505.000 0.241
8510.000 0.241
8515.000 0.241
8520.000 0.242
8525.000 0.240
8530.000 0.245
8535.000 0.242
8540.000 0.243
8545.000 0.245
8550.000 0.241
8555.000 0.245
8560.000 0.245
8565.000 0.249
8570.000 0.247
8575.000 0.247
8580.000 0.246
8585.000 0.247
8590.000 0.248
8595.000 0.248
8600.000 0.248
8605.000 0.249
8610.000 0.249
8615.000 0.249
8620.000 0.250
8625.000 0.249
8630.000 0.250
8635.000 0.251
8640.000 0.253
8645.000 0.255
8650.000 0.254
8655.000 0.253
8660.000 0.253
8665.000 0.253
8670.000 0.252
8675.000 0.254
8680.000 0.251
8685.000 0.253
8690.000 0.253
8695.000 0.253
8700.000 0.254
8705.000 0.253
8710.000 0.257
8715.000 0.253
8720.000 0.255
8725.000 0.252
8730.000 0.251
8735.000 0.252
8740.000 0.253
8745.000 0.257
8750.000 0.253
8755.000 0.251
8760.000 0.253
8765.000 0.250
8770.000 0.254
8775.000 0.253
8780.000 0.252
8785.000 0.257
8790.000 0.254
8795.000 0.257
8800.000 0.258
8805.000 0.255
8810.000 0.256
8815.000 0.258
8820.000 0.256
8825.000 0.261
8830.000 0.267
8835.000 0.248
8840.000 0.257
8845.000 0.253
8850.000 0.255
8855.000 0.259
8860.000 0.256
8865.000 0.253
8870.000 0.255
8875.000 0.253
8880.000 0.253
8885.000 0.253
8890.000 0.252
8895.000 0.255
8900.000 0.255
8905.000 0.257
8910.000 0.257
8915.000 0.257
8920.000 0.255
8925.000 0.258
8930.000 0.259
8935.000 0.263
8940.000 0.259
8945.000 0.257
8950.000 0.257
8955.000 0.255
8960.000 0.256
8965.000 0.262
8970.000 0.264
8975.000 0.255
8980.000 0.258
8985.000 0.255
8990.000 0.258
8995.000 0.255
9000.000 0.263
9005.000 0.254
9010.000 0.256
9015.000 0.257
9020.000 0.258
9025.000 0.257
9030.000 0.266
9035.000 0.260
9040.000 0.268
9045.000 0.263
9050.000 0.256
9055.000 0.258
9060.000 0.255
9065.000 0.259
9070.000 0.259
9075.000 0.257
9080.000 0.256
9085.000 0.261
9090.000 0.258
9095.000 0.257
9100.000 0.260
9105.000 0.260
9110.000 0.262
9115.000 0.262
9120.000 0.263
9125.000 0.259
9130.000 0.262
9135.000 0.259
9140.000 0.260
9145.000 0.261
9150.000 0.260
9155.000 0.262
9160.000 0.259
9165.000 0.259
9170.000 0.259
9175.000 0.260
9180.000 0.261
9185.000 0.259
9190.000 0.259
9195.000 0.258
9200.000 0.257
9205.000 0.260
9210.000 0.262
9215.000 0.261
9220.000 0.260
9225.000 0.261
9230.000 0.259
9235.000 0.259
9240.000 0.261
9245.000 0.262
9250.000 0.260
9255.000 0.259
9260.000 0.257
9265.000 0.258
9270.000 0.258
9275.000 0.259
9280.000 0.261
9285.000 0.260
9290.000 0.260
9295.000 0.258
9300.000 0.260
9305.000 0.257
9310.000 0.258
9315.000 0.255
9320.000 0.258
9325.000 0.257
9330.000 0.261
9335.000 0.260
9340.000 0.260
9345.000 0.259
9350.000 0.258
9355.000 0.260
9360.000 0.260
9365.000 0.261
9370.000 0.261
9375.000 0.263
9380.000 0.261
9385.000 0.259
9390.000 0.259
9395.000 0.259
9400.000 0.260
9405.000 0.259
9410.000 0.260
9415.000 0.260
9420.000 0.262
9425.000 0.263
9430.000 0.264
9435.000 0.264
9440.000 0.264
9445.000 0.264
9450.000 0.260
9455.000 0.262
9460.000 0.257
9465.000 0.260
9470.000 0.259
9475.000 0.259
9480.000 0.260
9485.000 0.263
9490.000 0.261
9495.000 0.258
9500.000 0.259
9505.000 0.262
9510.000 0.257
9515.000 0.258
9520.000 0.256
9525.000 0.258
9530.000 0.256
9535.000 0.259
9540.000 0.259
9545.000 0.256
9550.000 0.257
9555.000 0.258
9560.000 0.261
9565.000 0.258
9570.000 0.256
9575.000 0.258
9580.000 0.256
9585.000 0.257
9590.000 0.257
9595.000 0.258
9600.000 0.254
9605.000 0.257
9610.000 0.256
9615.000 0.257
9620.000 0.256
9625.000 0.256
9630.000 0.255
9635.000 0.256
9640.000 0.257
9645.000 0.251
9650.000 0.252
9655.000 0.251
9660.000 0.250
9665.000 0.253
9670.000 0.253
9675.000 0.252
9680.000 0.253
9685.000 0.250
9690.000 0.249
9695.000 0.248
9700.000 0.249
9705.000 0.251
9710.000 0.252
9715.000 0.250
9720.000 0.249
9725.000 0.247
9730.000 0.247
9735.000 0.248
9740.000 0.247
9745.000 0.245
9750.000 0.246
9755.000 0.245
9760.000 0.240
9765.000 0.241
9770.000 0.238
9775.000 0.237
9780.000 0.234
9785.000 0.232
9790.000 0.231
9795.000 0.229
9800.000 0.225
9805.000 0.222
9810.000 0.225
9815.000 0.220
9820.000 0.216
9825.000 0.203
9830.000 0.203
9835.000 0.195
9840.000 0.192
9845.000 0.181
9850.000 0.172
9855.000 0.164
9860.000 0.148
9865.000 0.145
9870.000 0.127
9875.000 0.121
9880.000 0.113
9885.000 0.129
9890.000 0.148
9895.000 0.234
9900.000 0.316
9905.000 0.628
9910.000 1.116
9915.000 1.372
9920.000 1.794
9925.000 1.923
9930.000 2.005
9935.000 1.917
9940.000 1.858
9945.000 1.737
9950.000 1.677
9955.000 1.567
9960.000 1.472
9965.000 1.422
9970.000 1.359
9975.000 1.326
9980.000 1.285
9985.000 1.260
9990.000 1.265
9995.000 1.279
10000.000 1.294
10005.000 1.363
10010.000 1.456
10015.000 1.539
10020.000 1.760
10025.000 1.880
10030.000 2.194
10035.000 2.548
10040.000 2.691
10045.000 2.817
10050.000 2.731
10055.000 2.316
10060.000 1.793
10065.000 1.554
10070.000 1.189
10075.000 1.047
10080.000 0.827
10085.000 0.676
10090.000 0.619
10095.000 0.537
10100.000 0.502
10105.000 0.451
10110.000 0.408
10115.000 0.391
10120.000 0.364
10125.000 0.354
10130.000 0.338
10135.000 0.326
10140.000 0.323
10145.000 0.321
10150.000 0.319
10155.000 0.327
10160.000 0.337
10165.000 0.344
10170.000 0.366
10175.000 0.378
10180.000 0.414
10185.000 0.456
10190.000 0.483
10195.000 0.546
10200.000 0.587
10205.000 0.693
10210.000 0.858
10215.000 0.962
10220.000 1.240
10225.000 1.420
10230.000 1.883
10235.000 2.415
10240.000 2.671
10245.000 3.083
10250.000 3.211
10255.000 3.190
10260.000 2.937
10265.000 2.717
10270.000 2.270
10275.000 2.062
10280.000 1.711
10285.000 1.444
10290.000 1.336
10295.000 1.168
10300.000 1.099
10305.000 0.994
10310.000 0.928
10315.000 0.901
10320.000 0.862
10325.000 0.849
10330.000 0.828
10335.000 0.804
10340.000 0.798
10345.000 0.786
10350.000 0.776
10355.000 0.771
10360.000 0.761
10365.000 0.756
10370.000 0.760
10375.000 0.757
10380.000 0.773
10385.000 0.773
10390.000 0.774
10395.000 0.778
10400.000 0.783
10405.000 0.795
10410.000 0.806
10415.000 0.813
10420.000 0.833
10425.000 0.844
10430.000 0.867
10435.000 0.907
10440.000 0.930
10445.000 0.975
10450.000 1.002
10455.000 1.065
10460.000 1.104
10465.000 1.192
10470.000 1.298
10475.000 1.362
10480.000 1.492
10485.000 1.559
10490.000 1.650
10495.000 1.640
10500.000 1.595
10505.000 1.449
10510.000 1.353
10515.000 1.134
10520.000 0.940
10525.000 0.852
10530.000 0.710
10535.000 0.648
10540.000 0.541
10545.000 0.459
10550.000 0.423
10555.000 0.369
10560.000 0.339
10565.000 0.292
10570.000 0.256
10575.000 0.240
10580.000 0.208
10585.000 0.192
10590.000 0.171
10595.000 0.151
10600.000 0.141
10605.000 0.125
10610.000 0.119
10615.000 0.106
10620.000 0.098
10625.000 0.092
10630.000 0.089
10635.000 0.084
10640.000 0.086
10645.000 0.084
10650.000 0.083
10655.000 0.090
10660.000 0.093
10665.000 0.102
10670.000 0.114
10675.000 0.115
10680.000 0.134
10685.000 0.158
10690.000 0.188
10695.000 0.236
10700.000 0.265
10705.000 0.340
10710.000 0.388
10715.000 0.510
10720.000 0.648
10725.000 0.727
10730.000 0.906
10735.000 1.012
10740.000 1.261
10745.000 1.511
10750.000 1.623
10755.000 1.783
10760.000 1.808
10765.000 1.757
10770.000 1.604
10775.000 1.519
10780.000 1.337
10785.000 1.254
10790.000 1.110
10795.000 0.994
10800.000 0.947
10805.000 0.857
10810.000 0.819
10815.000 0.746
10820.000 0.684
10825.000 0.660
10830.000 0.616
10835.000 0.597
10840.000 0.573
10845.000 0.557
10850.000 0.547
10855.000 0.538
10860.000 0.533
10865.000 0.524
10870.000 0.519
10875.000 0.516
10880.000 0.513
10885.000 0.513
10890.000 0.516
10895.000 0.519
10900.000 0.516
10905.000 0.525
10910.000 0.528
10915.000 0.531
10920.000 0.534
10925.000 0.534
10930.000 0.545
10935.000 0.551
10940.000 0.562
10945.000 0.578
10950.000 0.589
10955.000 0.615
10960.000 0.628
10965.000 0.659
10970.000 0.678
10975.000 0.695
10980.000 0.711
10985.000 0.712
10990.000 0.691
10995.000 0.626
11000.000 0.585
11005.000 0.468
11010.000 0.413
11015.000 0.314
11020.000 0.231
11025.000 0.192
11030.000 0.142
11035.000 0.123
11040.000 0.095
11045.000 0.087
11050.000 0.073
11055.000 0.074
11060.000 0.071
11065.000 0.073
11070.000 0.076
11075.000 0.078
11080.000 0.084
11085.000 0.088
11090.000 0.092
11095.000 0.095
11100.000 0.097
11105.000 0.100
11110.000 0.102
11115.000 0.107
11120.000 0.108
11125.000 0.114
11130.000 0.125
11135.000 0.133
11140.000 0.157
11145.000 0.173
11150.000 0.224
11155.000 0.297
11160.000 0.333
11165.000 0.473
11170.000 0.477
11175.000 0.496
11180.000 0.492
11185.000 0.490
11190.000 0.470
11195.000 0.450
11200.000 0.400
11205.000 0.363
11210.000 0.346
11215.000 0.320
11220.000 0.310
11225.000 0.293
11230.000 0.280
11235.000 0.281
11240.000 0.339
11245.000 0.348
11250.000 0.341
11255.000 0.350
11260.000 0.339
11265.000 0.313
11270.000 0.303
11275.000 0.285
11280.000 0.272
11285.000 0.269
11290.000 0.260
11295.000 0.255
11300.000 0.254
11305.000 0.254
11310.000 0.253
11315.000 0.255
11320.000 0.252
11325.000 0.256
11330.000 0.253
11335.000 0.251
11340.000 0.252
11345.000 0.255
11350.000 0.253
11355.000 0.254
11360.000 0.253
11365.000 0.253
11370.000 0.250
11375.000 0.250
11380.000 0.252
11385.000 0.251
11390.000 0.250
11395.000 0.251
11400.000 0.252
11405.000 0.250
11410.000 0.252
11415.000 0.250
11420.000 0.252
11425.000 0.247
11430.000 0.249
11435.000 0.250
11440.000 0.250
11445.000 0.250
11450.000 0.250
11455.000 0.251
11460.000 0.250
11465.000 0.249
11475.000 0.247
11480.000 0.246
11485.000 0.245
11490.000 0.246
11495.000 0.245
11500.000 0.249
11505.000 0.247
11510.000 0.249
11515.000 0.246
11520.000 0.243
11525.000 0.245
11530.000 0.247
11535.000 0.244
11540.000 0.246
11545.000 0.247
11550.000 0.247
11555.000 0.242
11560.000 0.243
11565.000 0.246
11570.000 0.245
11575.000 0.244
11580.000 0.247
11585.000 0.246
11590.000 0.247
11595.000 0.247
11600.000 0.246
11605.000 0.244
11610.000 0.245
11615.000 0.247
11620.000 0.245
11625.000 0.245
11630.000 0.246
11635.000 0.245
11640.000 0.243
11645.000 0.245
11650.000 0.245
11655.000 0.245
11660.000 0.243
11665.000 0.246
11670.000 0.244
11675.000 0.245
11680.000 0.246
11685.000 0.247
11690.000 0.249
11695.000 0.246
11700.000 0.247
11705.000 0.246
11710.000 0.244
11715.000 0.246
11720.000 0.246
11725.000 0.243
11730.000 0.242
11735.000 0.244
11740.000 0.247
11745.000 0.243
11750.000 0.242
11755.000 0.244
11760.000 0.246
11765.000 0.249
11770.000 0.246
11775.000 0.244
11780.000 0.248
11785.000 0.244
11790.000 0.246
11795.000 0.240
11800.000 0.242
11805.000 0.245
11810.000 0.244
11815.000 0.241
11820.000 0.241
11825.000 0.243
11830.000 0.242
11835.000 0.240
11840.000 0.239
11845.000 0.238
11850.000 0.240
11855.000 0.240
11860.000 0.240
11865.000 0.237
11870.000 0.238
11875.000 0.235
11880.000 0.237
11885.000 0.238
11890.000 0.236
11895.000 0.239
11900.000 0.239
11905.000 0.238
11910.000 0.237
11915.000 0.240
11920.000 0.238
11925.000 0.237
11930.000 0.238
11935.000 0.240
11940.000 0.239
11945.000 0.240
11950.000 0.275
11955.000 0.318
11960.000 0.313
11965.000 0.298
11970.000 0.278
11975.000 0.266
11980.000 0.254
11985.000 0.244
11990.000 0.244
11995.000 0.242
12000.000 0.235
