105.000 0.028
110.000 0.054
115.000 6.415
120.000 7.533
125.000 8.254
130.000 8.972
135.000 9.178
140.000 9.775
145.000 9.940
150.000 10.096
155.000 10.250
160.000 10.209
165.000 10.092
170.000 9.933
175.000 9.895
180.000 9.724
185.000 9.728
190.000 9.821
195.000 9.771
200.000 9.837
205.000 9.916
210.000 10.160
215.000 10.286
220.000 10.469
225.000 10.675
230.000 10.792
235.000 10.779
240.000 10.813
245.000 10.779
250.000 10.862
255.000 11.003
260.000 11.113
265.000 11.214
270.000 11.417
275.000 11.704
280.000 11.972
285.000 12.145
290.000 12.256
295.000 12.424
300.000 12.700
305.000 12.903
310.000 13.055
315.000 13.333
320.000 13.519
325.000 13.938
330.000 14.329
335.000 14.699
340.000 15.225
345.000 15.531
350.000 16.187
355.000 16.888
360.000 17.268
365.000 18.432
370.000 18.840
375.000 20.006
380.000 21.046
385.000 21.502
390.000 22.526
395.000 23.013
400.000 24.164
405.000 25.235
410.000 25.841
415.000 27.018
420.000 27.483
425.000 28.552
430.000 29.455
435.000 29.818
440.000 30.299
445.000 30.457
450.000 30.574
455.000 30.378
460.000 30.092
465.000 29.326
470.000 28.916
475.000 27.703
480.000 27.123
485.000 26.138
490.000 25.038
495.000 24.406
500.000 23.203
505.000 22.554
510.000 21.316
515.000 20.007
520.000 19.406
525.000 17.954
530.000 17.179
535.000 15.832
540.000 14.685
545.000 14.110
550.000 13.075
555.000 12.620
560.000 11.768
565.000 11.009
570.000 10.660
575.000 10.065
580.000 9.853
585.000 9.367
590.000 8.923
595.000 8.731
600.000 8.369
605.000 8.189
610.000 7.859
615.000 7.629
620.000 7.591
625.000 7.621
630.000 7.648
635.000 7.759
640.000 7.875
645.000 7.934
650.000 8.139
655.000 8.282
660.000 8.528
665.000 8.880
670.000 9.101
675.000 9.626
680.000 10.327
685.000 10.844
690.000 12.095
695.000 12.954
700.000 15.256
705.000 18.807
710.000 21.163
715.000 27.575
720.000 31.674
725.000 39.584
730.000 44.821
735.000 44.737
740.000 35.948
745.000 29.557
750.000 19.597
755.000 13.856
760.000 11.884
765.000 9.123
770.000 8.102
775.000 6.543
780.000 5.921
785.000 5.028
790.000 4.308
795.000 4.021
800.000 3.470
805.000 3.257
810.000 2.832
815.000 2.482
820.000 2.331
825.000 2.047
830.000 1.916
835.000 1.696
840.000 1.522
845.000 1.443
850.000 1.311
855.000 1.249
860.000 1.131
865.000 1.038
870.000 0.992
875.000 0.915
880.000 0.875
885.000 0.807
890.000 0.748
895.000 0.719
900.000 0.663
905.000 0.638
910.000 0.596
915.000 0.556
920.000 0.533
925.000 0.493
930.000 0.481
935.000 0.448
940.000 0.419
945.000 0.404
950.000 0.374
955.000 0.367
960.000 0.334
965.000 0.310
970.000 0.301
975.000 0.282
980.000 0.267
985.000 0.255
990.000 0.232
995.000 0.228
1000.000 0.203
1005.000 0.203
1010.000 0.194
1015.000 0.178
1020.000 0.170
1025.000 0.164
1030.000 0.151
1035.000 0.153
1040.000 0.140
1045.000 0.138
1050.000 0.133
1055.000 0.126
1060.000 0.121
1065.000 0.121
1070.000 0.123
1075.000 0.121
1080.000 0.123
1085.000 0.125
1090.000 0.126
1095.000 0.132
1100.000 0.136
1105.000 0.137
1110.000 0.145
1115.000 0.147
1120.000 0.155
1125.000 0.162
1130.000 0.168
1135.000 0.177
1140.000 0.181
1145.000 0.189
1150.000 0.200
1155.000 0.206
1160.000 0.217
1165.000 0.220
1170.000 0.232
1175.000 0.241
1180.000 0.251
1185.000 0.266
1190.000 0.273
1195.000 0.290
1200.000 0.305
1205.000 0.313
1210.000 0.330
1215.000 0.339
1220.000 0.362
1225.000 0.389
1230.000 0.401
1235.000 0.436
1240.000 0.456
1245.000 0.497
1250.000 0.544
1255.000 0.565
1260.000 0.604
1265.000 0.622
1270.000 0.660
1275.000 0.702
1280.000 0.724
1285.000 0.763
1290.000 0.787
1295.000 0.838
1300.000 0.895
1305.000 0.924
1310.000 0.987
1315.000 1.022
1320.000 1.106
1325.000 1.192
1330.000 1.246
1335.000 1.360
1340.000 1.426
1345.000 1.573
1350.000 1.753
1355.000 1.859
1360.000 2.103
1365.000 2.254
1370.000 2.635
1375.000 3.119
1380.000 3.417
1385.000 4.201
1390.000 4.718
1395.000 6.117
1400.000 8.243
1405.000 9.668
1410.000 13.470
1415.000 15.721
1420.000 20.325
1425.000 23.885
1430.000 24.734
1435.000 23.579
1440.000 21.354
1445.000 16.187
1450.000 11.949
1455.000 10.316
1460.000 7.891
1465.000 6.937
1470.000 5.526
1475.000 4.555
1480.000 4.173
1485.000 3.579
1490.000 3.344
1495.000 2.964
1500.000 2.710
1505.000 2.613
1510.000 2.449
1515.000 2.362
1520.000 2.239
1525.000 2.130
1530.000 2.081
1535.000 1.986
1540.000 1.941
1545.000 1.864
1550.000 1.796
1555.000 1.764
1560.000 1.706
1565.000 1.678
1570.000 1.620
1575.000 1.550
1580.000 1.513
1585.000 1.450
1590.000 1.418
1595.000 1.359
1600.000 1.308
1605.000 1.277
1610.000 1.229
1615.000 1.197
1620.000 1.148
1625.000 1.098
1630.000 1.074
1635.000 1.026
1640.000 1.005
1645.000 0.964
1650.000 0.928
1655.000 0.912
1660.000 0.891
1665.000 0.882
1670.000 0.883
1675.000 0.891
1680.000 0.920
1685.000 0.961
1690.000 0.990
1695.000 1.053
1700.000 1.086
1705.000 1.174
1710.000 1.274
1715.000 1.327
1720.000 1.407
1725.000 1.437
1730.000 1.496
1735.000 1.545
1740.000 1.571
1745.000 1.618
1750.000 1.635
1755.000 1.677
1760.000 1.720
1765.000 1.736
1770.000 1.775
1775.000 1.796
1780.000 1.829
1785.000 1.863
1790.000 1.885
1795.000 1.924
1800.000 1.938
1805.000 1.980
1810.000 2.022
1815.000 2.043
1820.000 2.084
1825.000 2.102
1830.000 2.139
1835.000 2.181
1840.000 2.205
1845.000 2.251
1850.000 2.271
1855.000 2.317
1860.000 2.374
1865.000 2.399
1870.000 2.449
1875.000 2.482
1880.000 2.539
1885.000 2.601
1890.000 2.632
1895.000 2.699
1900.000 2.731
1905.000 2.809
1910.000 2.892
1915.000 2.930
1920.000 3.020
1925.000 3.065
1930.000 3.157
1935.000 3.269
1940.000 3.329
1945.000 3.427
1950.000 3.505
1955.000 3.611
1960.000 3.759
1965.000 3.819
1970.000 3.981
1975.000 4.054
1980.000 4.220
1985.000 4.422
1990.000 4.514
1995.000 4.734
2000.000 4.851
2005.000 5.105
2010.000 5.422
2015.000 5.584
2020.000 5.943
2025.000 6.137
2030.000 6.549
2035.000 7.042
2040.000 7.320
2045.000 7.948
2050.000 8.277
2055.000 9.012
2060.000 9.773
2065.000 10.223
2070.000 11.245
2075.000 11.785
2080.000 12.850
2085.000 13.811
2090.000 14.184
2095.000 14.496
2100.000 14.428
2105.000 13.787
2110.000 12.849
2115.000 12.414
2120.000 11.424
2125.000 10.890
2130.000 9.828
2135.000 8.872
2140.000 8.420
2145.000 7.595
2150.000 7.238
2155.000 6.561
2160.000 5.913
2165.000 5.626
2170.000 5.097
2175.000 4.876
2180.000 4.459
2185.000 4.104
2190.000 3.932
2195.000 3.645
2200.000 3.515
2205.000 3.263
2210.000 3.044
2215.000 2.933
2220.000 2.748
2225.000 2.656
2230.000 2.488
2235.000 2.341
2240.000 2.266
2245.000 2.083
2250.000 1.997
2255.000 1.835
2260.000 1.755
2265.000 1.618
2270.000 1.509
2275.000 1.460
2280.000 1.364
2285.000 1.317
2290.000 1.237
2295.000 1.157
2300.000 1.126
2305.000 1.066
2310.000 1.038
2315.000 0.982
2320.000 0.933
2325.000 0.912
2330.000 0.871
2335.000 0.852
2340.000 0.813
2345.000 0.775
2350.000 0.758
2355.000 0.726
2360.000 0.711
2365.000 0.680
2370.000 0.653
2375.000 0.638
2380.000 0.616
2385.000 0.604
2390.000 0.584
2395.000 0.564
2400.000 0.555
2405.000 0.538
2410.000 0.527
2415.000 0.511
2420.000 0.495
2425.000 0.489
2430.000 0.471
2435.000 0.466
2440.000 0.452
2445.000 0.437
2450.000 0.433
2455.000 0.420
2460.000 0.416
2465.000 0.404
2470.000 0.395
2475.000 0.390
2480.000 0.380
2485.000 0.376
2490.000 0.366
2495.000 0.357
2500.000 0.355
2505.000 0.348
2510.000 0.345
2515.000 0.339
2520.000 0.332
2525.000 0.330
2530.000 0.324
2535.000 0.320
2540.000 0.313
2545.000 0.309
2550.000 0.307
2555.000 0.301
2560.000 0.298
2565.000 0.294
2570.000 0.288
2575.000 0.286
2580.000 0.283
2585.000 0.280
2590.000 0.277
2595.000 0.275
2600.000 0.272
2605.000 0.269
2610.000 0.268
2615.000 0.264
2620.000 0.290
2625.000 0.291
2630.000 0.282
2635.000 0.279
2640.000 0.276
2645.000 0.266
2650.000 0.265
2655.000 0.258
2660.000 0.257
2665.000 0.255
2670.000 0.251
2675.000 0.250
2680.000 0.249
2685.000 0.247
2690.000 0.244
2695.000 0.246
2700.000 0.244
2705.000 0.243
2710.000 0.244
2715.000 0.244
2720.000 0.242
2725.000 0.241
2730.000 0.242
2735.000 0.241
2740.000 0.242
2745.000 0.241
2750.000 0.239
2755.000 0.242
2760.000 0.240
2765.000 0.241
2770.000 0.241
2775.000 0.242
2780.000 0.241
2785.000 0.241
2790.000 0.241
2795.000 0.241
2800.000 0.239
2805.000 0.241
2810.000 0.242
2815.000 0.242
2820.000 0.240
2825.000 0.241
2830.000 0.240
2835.000 0.241
2840.000 0.241
2845.000 0.241
2850.000 0.245
2855.000 0.243
2860.000 0.247
2865.000 0.246
2870.000 0.249
2875.000 0.251
2880.000 0.248
2885.000 0.250
2890.000 0.250
2895.000 0.251
2900.000 0.252
2905.000 0.256
2910.000 0.258
2915.000 0.263
2920.000 0.261
2925.000 0.262
2930.000 0.261
2935.000 0.270
2940.000 0.287
2945.000 0.284
2950.000 0.286
2955.000 0.290
2960.000 0.281
2965.000 0.280
2970.000 0.289
2975.000 0.280
2980.000 0.281
2985.000 0.286
2990.000 0.287
2995.000 0.289
3000.000 0.296
3005.000 0.290
3010.000 0.291
3015.000 0.292
3020.000 0.307
3025.000 0.320
3030.000 0.324
3035.000 0.330
3040.000 0.336
3045.000 0.338
3050.000 0.337
3055.000 0.341
3060.000 0.340
3065.000 0.346
3070.000 0.349
3075.000 0.358
3080.000 0.362
3085.000 0.364
3090.000 0.372
3095.000 0.395
3100.000 0.411
3105.000 0.416
3110.000 0.419
3115.000 0.424
3120.000 0.429
3125.000 0.440
3130.000 0.449
3135.000 0.455
3140.000 0.462
3145.000 0.483
3150.000 0.508
3155.000 0.519
3160.000 0.524
3165.000 0.539
3170.000 0.547
3175.000 0.569
3180.000 0.603
3185.000 0.611
3190.000 0.637
3195.000 0.648
3200.000 0.672
3205.000 0.704
3210.000 0.721
3215.000 0.763
3220.000 0.784
3225.000 0.833
3230.000 0.890
3235.000 0.919
3240.000 0.991
3245.000 1.031
3250.000 1.124
3255.000 1.233
3260.000 1.279
3265.000 1.372
3270.000 1.424
3275.000 1.543
3280.000 1.703
3285.000 1.789
3290.000 2.001
3295.000 2.131
3300.000 2.439
3305.000 2.856
3310.000 3.120
3315.000 3.806
3320.000 4.252
3325.000 5.395
3330.000 7.022
3335.000 8.058
3340.000 10.633
3345.000 12.162
3350.000 15.516
3355.000 18.899
3360.000 20.172
3365.000 20.815
3370.000 19.869
3375.000 15.687
3380.000 11.461
3385.000 9.807
3390.000 7.289
3395.000 6.361
3400.000 5.003
3405.000 4.097
3410.000 3.750
3415.000 3.209
3420.000 2.998
3425.000 2.667
3430.000 2.472
3435.000 2.397
3440.000 2.269
3445.000 2.206
3450.000 2.094
3455.000 2.049
3460.000 1.961
3465.000 1.889
3470.000 1.853
3475.000 1.779
3480.000 1.742
3485.000 1.667
3490.000 1.609
3495.000 1.581
3500.000 1.530
3505.000 1.513
3510.000 1.475
3515.000 1.439
3520.000 1.428
3525.000 1.402
3530.000 1.395
3535.000 1.377
3540.000 1.361
3545.000 1.354
3550.000 1.347
3555.000 1.343
3560.000 1.340
3565.000 1.336
3570.000 1.335
3575.000 1.340
3580.000 1.343
3585.000 1.352
3590.000 1.359
3595.000 1.369
3600.000 1.387
3605.000 1.398
3610.000 1.423
3615.000 1.443
3620.000 1.458
3625.000 1.490
3630.000 1.510
3635.000 1.550
3640.000 1.598
3645.000 1.625
3650.000 1.686
3655.000 1.724
3660.000 1.788
3665.000 1.858
3670.000 1.893
3675.000 1.969
3680.000 2.016
3685.000 2.124
3690.000 2.241
3695.000 2.300
3700.000 2.423
3705.000 2.493
3710.000 2.666
3715.000 2.894
3720.000 3.029
3725.000 3.376
3730.000 3.586
3735.000 4.135
3740.000 4.916
3745.000 5.495
3750.000 6.902
3755.000 7.835
3760.000 10.242
3765.000 11.658
3770.000 14.822
3775.000 17.049
3780.000 17.255
3785.000 15.140
3790.000 13.333
3795.000 9.782
3800.000 7.121
3805.000 6.178
3810.000 4.773
3815.000 4.251
3820.000 3.459
3825.000 2.901
3830.000 2.694
3835.000 2.411
3840.000 2.298
3845.000 2.093
3850.000 1.914
3855.000 1.841
3860.000 1.738
3865.000 1.674
3870.000 1.526
3875.000 1.388
3880.000 1.322
3885.000 1.199
3890.000 1.092
3895.000 1.050
3900.000 0.966
3905.000 0.930
3910.000 0.866
3915.000 0.810
3920.000 0.789
3925.000 0.751
3930.000 0.725
3935.000 0.689
3940.000 0.673
3945.000 0.657
3950.000 0.627
3955.000 0.612
3960.000 0.594
3965.000 0.573
3970.000 0.558
3975.000 0.538
3980.000 0.528
3985.000 0.512
3990.000 0.515
3995.000 0.504
4000.000 0.497
4005.000 0.482
4010.000 0.466
4015.000 0.456
4020.000 0.466
4025.000 0.448
4030.000 0.447
4035.000 0.431
4040.000 0.426
4045.000 0.420
4050.000 0.428
4055.000 0.425
4060.000 0.420
4065.000 0.423
4070.000 0.419
4075.000 0.416
4080.000 0.410
4085.000 0.407
4090.000 0.405
4095.000 0.400
4100.000 0.398
4105.000 0.398
4110.000 0.398
4115.000 0.396
4120.000 0.397
4125.000 0.397
4130.000 0.395
4135.000 0.397
4140.000 0.397
4145.000 0.397
4150.000 0.402
4155.000 0.402
4160.000 0.405
4165.000 0.407
4170.000 0.411
4175.000 0.417
4180.000 0.419
4185.000 0.427
4190.000 0.431
4195.000 0.437
4200.000 0.446
4205.000 0.454
4210.000 0.462
4215.000 0.471
4220.000 0.483
4225.000 0.498
4230.000 0.507
4235.000 0.524
4240.000 0.534
4245.000 0.553
4250.000 0.580
4255.000 0.591
4260.000 0.615
4265.000 0.630
4270.000 0.661
4275.000 0.692
4280.000 0.715
4285.000 0.774
4290.000 0.802
4295.000 0.850
4300.000 0.896
4305.000 0.924
4310.000 1.019
4315.000 1.076
4320.000 1.168
4325.000 1.299
4330.000 1.387
4335.000 1.623
4340.000 1.798
4345.000 2.196
4350.000 2.453
4355.000 3.129
4360.000 4.136
4365.000 4.807
4370.000 6.413
4375.000 7.280
4380.000 8.724
4385.000 8.980
4390.000 8.432
4395.000 6.540
4400.000 5.593
4405.000 4.102
4410.000 3.125
4415.000 2.746
4420.000 2.186
4425.000 1.982
4430.000 1.688
4435.000 1.442
4440.000 1.365
4445.000 1.263
4450.000 1.208
4455.000 1.100
4460.000 1.014
4465.000 0.976
4470.000 0.917
4475.000 0.887
4480.000 0.837
4485.000 0.789
4490.000 0.772
4495.000 0.735
4500.000 0.722
4505.000 0.690
4510.000 0.670
4515.000 0.663
4520.000 0.661
4525.000 0.653
4530.000 0.625
4535.000 0.607
4540.000 0.597
4545.000 0.577
4550.000 0.567
4555.000 0.554
4560.000 0.543
4565.000 0.554
4570.000 0.544
4575.000 0.538
4580.000 0.524
4585.000 0.517
4590.000 0.514
4595.000 0.510
4600.000 0.506
4605.000 0.501
4610.000 0.498
4615.000 0.498
4620.000 0.495
4625.000 0.498
4630.000 0.515
4635.000 0.511
4640.000 0.512
4645.000 0.521
4650.000 0.522
4655.000 0.539
4660.000 0.545
4665.000 0.536
4670.000 0.532
4675.000 0.534
4680.000 0.531
4685.000 0.524
4690.000 0.525
4695.000 0.519
4700.000 0.524
4705.000 0.524
4710.000 0.517
4715.000 0.515
4720.000 0.537
4725.000 0.541
4730.000 0.526
4735.000 0.513
4740.000 0.506
4745.000 0.497
4750.000 0.499
4755.000 0.495
4760.000 0.487
4765.000 0.482
4770.000 0.475
4775.000 0.473
4780.000 0.471
4785.000 0.470
4790.000 0.473
4795.000 0.476
4800.000 0.479
4805.000 0.485
4810.000 0.783
4815.000 0.831
4820.000 0.849
4825.000 0.838
4830.000 0.759
4835.000 0.714
4840.000 0.696
4845.000 0.672
4850.000 0.669
4855.000 0.677
4860.000 0.709
4865.000 0.730
4870.000 0.789
4875.000 0.825
4880.000 0.919
4885.000 1.059
4890.000 1.140
4895.000 1.403
4900.000 1.571
4905.000 1.994
4910.000 2.690
4915.000 3.126
4920.000 4.121
4925.000 4.638
4930.000 5.424
4935.000 5.540
4940.000 4.952
4945.000 3.759
4950.000 3.202
4955.000 2.350
4960.000 2.023
4965.000 1.565
4970.000 1.251
4975.000 1.128
4980.000 0.942
4985.000 0.867
4990.000 0.772
4995.000 0.697
5000.000 0.645
5005.000 0.605
5010.000 0.574
5015.000 0.527
5020.000 0.476
5025.000 0.476
5030.000 0.447
5035.000 0.421
5040.000 0.396
5045.000 0.363
5050.000 0.344
5055.000 0.326
5060.000 0.305
5065.000 0.289
5070.000 0.268
5075.000 0.263
5080.000 0.245
5085.000 0.238
5090.000 0.226
5095.000 0.217
5100.000 0.209
5105.000 0.204
5110.000 0.200
5115.000 0.193
5120.000 0.189
5125.000 0.185
5130.000 0.180
5135.000 0.178
5140.000 0.174
5145.000 0.170
5150.000 0.170
5155.000 0.168
5160.000 0.168
5165.000 0.167
5170.000 0.165
5175.000 0.164
5180.000 0.162
5185.000 0.163
5190.000 0.163
5195.000 0.164
5200.000 0.162
5205.000 0.162
5210.000 0.164
5215.000 0.163
5220.000 0.161
5225.000 0.165
5230.000 0.165
5235.000 0.164
5240.000 0.165
5245.000 0.165
5250.000 0.165
5255.000 0.166
5260.000 0.167
5265.000 0.168
5270.000 0.168
5275.000 0.171
5280.000 0.169
5285.000 0.171
5290.000 0.172
5295.000 0.173
5300.000 0.174
5305.000 0.177
5310.000 0.176
5315.000 0.178
5320.000 0.180
5325.000 0.180
5330.000 0.184
5335.000 0.186
5340.000 0.192
5345.000 0.191
5350.000 0.192
5355.000 0.191
5360.000 0.192
5365.000 0.190
5370.000 0.191
5375.000 0.192
5380.000 0.193
5385.000 0.191
5390.000 0.196
5395.000 0.200
5400.000 0.201
5405.000 0.198
5410.000 0.200
5415.000 0.198
5420.000 0.198
5425.000 0.199
5430.000 0.199
5435.000 0.201
5440.000 0.198
5445.000 0.200
5450.000 0.201
5455.000 0.202
5460.000 0.210
5465.000 0.211
5470.000 0.208
5475.000 0.206
5480.000 0.207
5485.000 0.210
5490.000 0.208
5495.000 0.210
5500.000 0.211
5505.000 0.210
5510.000 0.212
5515.000 0.213
5520.000 0.215
5525.000 0.217
5530.000 0.222
5535.000 0.221
5540.000 0.217
5545.000 0.218
5550.000 0.217
5555.000 0.217
5560.000 0.219
5565.000 0.220
5570.000 0.219
5575.000 0.221
5580.000 0.236
5585.000 0.239
5590.000 0.233
5595.000 0.233
5600.000 0.235
5605.000 0.232
5610.000 0.234
5615.000 0.237
5620.000 0.234
5625.000 0.235
5630.000 0.235
5635.000 0.231
5640.000 0.230
5645.000 0.230
5650.000 0.229
5655.000 0.228
5660.000 0.228
5665.000 0.237
5670.000 0.237
5675.000 0.236
5680.000 0.233
5685.000 0.234
5690.000 0.235
5695.000 0.235
5700.000 0.236
5705.000 0.235
5710.000 0.234
5715.000 0.229
5720.000 0.233
5725.000 0.231
5730.000 0.235
5735.000 0.236
5740.000 0.238
5745.000 0.238
5750.000 0.237
5755.000 0.237
5760.000 0.237
5765.000 0.234
5770.000 0.277
5775.000 0.275
5780.000 0.267
5785.000 0.262
5790.000 0.253
5795.000 0.252
5800.000 0.255
5805.000 0.251
5810.000 0.263
5815.000 0.269
5820.000 0.264
5825.000 0.277
5830.000 0.264
5835.000 0.261
5840.000 0.257
5845.000 0.256
5850.000 0.251
5855.000 0.248
5860.000 0.250
5865.000 0.244
5870.000 0.244
5875.000 0.243
5880.000 0.240
5885.000 0.243
5890.000 0.239
5895.000 0.240
5900.000 0.260
5905.000 0.260
5910.000 0.256
5915.000 0.255
5920.000 0.253
5925.000 0.254
5930.000 0.273
5935.000 0.268
5940.000 0.261
5945.000 0.259
5950.000 0.257
5955.000 0.257
5960.000 0.248
5965.000 0.245
5970.000 0.251
5975.000 0.252
5980.000 0.258
5985.000 0.260
5990.000 0.247
5995.000 0.263
6000.000 0.266
6005.000 0.260
6010.000 0.253
6015.000 0.254
6020.000 0.265
6025.000 0.251
6030.000 0.255
6035.000 0.247
6040.000 0.254
6045.000 0.253
6050.000 0.247
6055.000 0.252
6060.000 0.245
6065.000 0.253
6070.000 0.250
6075.000 0.249
6080.000 0.251
6085.000 0.253
6090.000 0.251
6095.000 0.248
6100.000 0.251
6105.000 0.252
6110.000 0.250
6115.000 0.259
6120.000 0.258
6125.000 0.255
6130.000 0.259
6135.000 0.258
6140.000 0.256
6145.000 0.257
6150.000 0.258
6155.000 0.258
6160.000 0.254
6165.000 0.259
6170.000 0.261
6175.000 0.259
6180.000 0.260
6185.000 0.263
6190.000 0.264
6195.000 0.263
6200.000 0.271
6205.000 0.270
6210.000 0.270
6215.000 0.266
6220.000 0.268
6225.000 0.269
6230.000 0.271
6235.000 0.315
6240.000 0.301
6245.000 0.293
6250.000 0.290
6255.000 0.288
6260.000 0.283
6265.000 0.283
6270.000 0.282
6275.000 0.283
6280.000 0.281
6285.000 0.281
6290.000 0.279
6295.000 0.279
6300.000 0.281
6305.000 0.286
6310.000 0.298
6315.000 0.297
6320.000 0.295
6325.000 0.292
6330.000 0.293
6335.000 0.301
6340.000 0.478
6345.000 0.474
6350.000 0.477
6355.000 0.464
6360.000 0.414
6365.000 0.430
6370.000 0.486
6375.000 0.493
6380.000 0.471
6385.000 0.421
6390.000 0.458
6395.000 0.507
6400.000 0.496
6405.000 0.468
6410.000 0.423
6415.000 0.391
6420.000 0.380
6425.000 0.363
6430.000 0.356
6435.000 0.354
6440.000 0.356
6445.000 0.359
6450.000 0.363
6455.000 0.367
6460.000 0.374
6465.000 0.383
6470.000 0.384
6475.000 0.392
6480.000 0.398
6485.000 0.406
6490.000 0.420
6495.000 0.423
6500.000 0.437
6505.000 0.445
6510.000 0.459
6515.000 0.477
6520.000 0.485
6525.000 0.504
6530.000 0.515
6535.000 0.537
6540.000 0.556
6545.000 0.568
6550.000 0.596
6555.000 0.608
6560.000 0.639
6565.000 0.676
6570.000 0.694
6575.000 0.734
6580.000 0.761
6585.000 0.815
6590.000 0.873
6595.000 0.910
6600.000 0.989
6605.000 1.034
6610.000 1.146
6615.000 1.288
6620.000 1.369
6625.000 1.579
6630.000 1.710
6635.000 2.050
6640.000 2.535
6645.000 2.858
6650.000 3.713
6655.000 4.287
6660.000 5.690
6665.000 7.531
6670.000 8.569
6675.000 10.697
6680.000 11.645
6685.000 12.689
6690.000 11.846
6695.000 10.681
6700.000 8.051
6705.000 6.941
6710.000 5.212
6715.000 4.023
6720.000 3.539
6725.000 2.899
6730.000 2.659
6735.000 2.286
6740.000 2.147
6745.000 1.932
6750.000 1.787
6755.000 1.738
6760.000 1.659
6765.000 1.621
6770.000 1.554
6775.000 1.506
6780.000 1.482
6785.000 1.439
6790.000 1.422
6795.000 1.393
6800.000 1.373
6805.000 1.361
6810.000 1.348
6815.000 1.349
6820.000 1.341
6825.000 1.344
6830.000 1.340
6835.000 1.341
6840.000 1.349
6845.000 1.368
6850.000 1.380
6855.000 1.397
6860.000 1.424
6865.000 1.442
6870.000 1.478
6875.000 1.528
6880.000 1.551
6885.000 1.605
6890.000 1.639
6895.000 1.712
6900.000 1.793
6905.000 1.837
6910.000 1.943
6915.000 1.999
6920.000 2.131
6925.000 2.289
6930.000 2.390
6935.000 2.626
6940.000 2.776
6945.000 3.153
6950.000 3.677
6955.000 4.013
6960.000 4.871
6965.000 5.433
6970.000 6.849
6975.000 8.668
6980.000 9.685
6985.000 11.578
6990.000 12.266
6995.000 12.531
7000.000 10.865
7005.000 9.691
7010.000 7.440
7015.000 6.383
7020.000 4.959
7025.000 4.438
7030.000 3.631
7035.000 3.056
7040.000 2.843
7045.000 2.534
7050.000 2.416
7055.000 2.211
7060.000 2.035
7065.000 1.961
7070.000 1.835
7075.000 1.773
7080.000 1.677
7085.000 1.580
7090.000 1.544
7095.000 1.469
7100.000 1.398
7105.000 1.369
7110.000 1.310
7115.000 1.284
7120.000 1.233
7125.000 1.176
7130.000 1.170
7135.000 1.132
7140.000 1.100
7145.000 1.050
7150.000 1.011
7155.000 0.993
7160.000 0.955
7165.000 0.943
7170.000 0.917
7175.000 0.894
7180.000 0.884
7185.000 0.863
7190.000 0.857
7195.000 0.840
7200.000 0.832
7205.000 0.830
7210.000 0.816
7215.000 0.813
7220.000 0.806
7225.000 0.803
7230.000 0.801
7235.000 0.798
7240.000 0.797
7245.000 0.798
7250.000 0.799
7255.000 0.803
7260.000 0.805
7265.000 0.810
7270.000 0.814
7275.000 0.821
7280.000 0.822
7285.000 0.833
7290.000 0.839
7295.000 0.853
7300.000 0.869
7305.000 0.879
7310.000 0.896
7315.000 0.905
7320.000 0.930
7325.000 0.946
7330.000 0.978
7335.000 1.008
7340.000 1.034
7345.000 1.077
7350.000 1.095
7355.000 1.155
7360.000 1.204
7365.000 1.214
7370.000 1.284
7375.000 1.314
7380.000 1.349
7385.000 1.385
7390.000 1.406
7395.000 1.485
7400.000 1.564
7405.000 1.638
7410.000 1.726
7415.000 1.780
7420.000 1.910
7425.000 2.000
7430.000 2.194
7435.000 2.470
7440.000 2.643
7445.000 3.077
7450.000 3.359
7455.000 4.076
7460.000 5.030
7465.000 5.573
7470.000 6.664
7475.000 7.121
7480.000 7.469
7485.000 6.715
7490.000 7.830
7495.000 6.379
7500.000 5.456
7505.000 4.045
7510.000 3.099
7515.000 2.748
7520.000 2.185
7525.000 1.982
7530.000 1.664
7535.000 1.445
7540.000 1.370
7545.000 1.246
7550.000 1.213
7555.000 1.110
7560.000 1.010
7565.000 0.966
7570.000 0.899
7575.000 0.864
7580.000 0.796
7585.000 0.730
7590.000 0.700
7595.000 0.672
7600.000 0.643
7605.000 0.596
7610.000 0.574
7615.000 0.535
7620.000 0.504
7625.000 0.491
7630.000 0.463
7635.000 0.451
7640.000 0.427
7645.000 0.407
7650.000 0.398
7655.000 0.383
7660.000 0.373
7665.000 0.361
7670.000 0.352
7675.000 0.345
7680.000 0.334
7685.000 0.330
7690.000 0.319
7695.000 0.314
7700.000 0.309
7705.000 0.303
7710.000 0.301
7715.000 0.294
7720.000 0.292
7725.000 0.290
7730.000 0.287
7735.000 0.284
7740.000 0.282
7745.000 0.280
7750.000 0.280
7755.000 0.278
7760.000 0.277
7765.000 0.276
7770.000 0.275
7775.000 0.278
7780.000 0.280
7785.000 0.277
7790.000 0.281
7795.000 0.282
7800.000 0.287
7805.000 0.291
7810.000 0.294
7815.000 0.303
7820.000 0.311
7825.000 0.316
7830.000 0.328
7835.000 0.332
7840.000 0.345
7845.000 0.362
7850.000 0.373
7855.000 0.393
7860.000 0.409
7865.000 0.442
7870.000 0.483
7875.000 0.510
7880.000 0.575
7885.000 0.620
7890.000 0.731
7895.000 0.895
7900.000 0.983
7905.000 1.282
7910.000 1.425
7915.000 1.716
7920.000 2.042
7925.000 2.157
7930.000 2.142
7935.000 2.003
7940.000 1.637
7945.000 1.299
7950.000 1.160
7955.000 0.946
7960.000 0.861
7965.000 0.735
7970.000 0.650
7975.000 0.608
7980.000 0.540
7985.000 0.515
7990.000 0.466
7995.000 0.428
8000.000 0.405
8005.000 0.370
8010.000 0.358
8015.000 0.329
8020.000 0.313
8025.000 0.310
8030.000 0.310
8035.000 0.319
8040.000 0.315
8045.000 0.313
8050.000 0.314
8055.000 0.303
8060.000 0.304
8065.000 0.298
8070.000 0.287
8075.000 0.286
8080.000 0.280
8085.000 0.276
8090.000 0.274
8095.000 0.270
8100.000 0.270
8105.000 0.280
8110.000 0.283
8115.000 0.276
8120.000 0.272
8125.000 0.268
8130.000 0.263
8135.000 0.259
8140.000 0.264
8145.000 0.259
8150.000 0.256
8155.000 0.250
8160.000 0.250
8165.000 0.249
8170.000 0.247
8175.000 0.243
8180.000 0.242
8185.000 0.242
8190.000 0.240
8195.000 0.238
8200.000 0.238
8205.000 0.246
8210.000 0.243
8215.000 0.245
8220.000 0.244
8225.000 0.240
8230.000 0.238
8235.000 0.236
8240.000 0.234
8245.000 0.231
8250.000 0.233
8255.000 0.233
8260.000 0.231
8265.000 0.231
8270.000 0.230
8275.000 0.229
8280.000 0.228
8285.000 0.228
8290.000 0.226
8295.000 0.227
8300.000 0.228
8305.000 0.226
8310.000 0.227
8315.000 0.225
8320.000 0.226
8325.000 0.225
8330.000 0.224
8335.000 0.225
8340.000 0.225
8345.000 0.225
8350.000 0.221
8355.000 0.225
8360.000 0.223
8365.000 0.224
8370.000 0.223
8375.000 0.223
8380.000 0.223
8385.000 0.224
8390.000 0.223
8395.000 0.221
8400.000 0.224
8405.000 0.224
8410.000 0.222
8415.000 0.224
8420.000 0.222
8425.000 0.222
8430.000 0.224
8435.000 0.222
8440.000 0.224
8445.000 0.222
8450.000 0.223
8455.000 0.220
8460.000 0.223
8465.000 0.222
8470.000 0.223
8475.000 0.222
8480.000 0.224
8485.000 0.220
8490.000 0.221
8495.000 0.221
8500.000 0.223
8505.000 0.224
8510.000 0.223
8515.000 0.224
8520.000 0.221
8525.000 0.223
8530.000 0.223
8535.000 0.227
8540.000 0.225
8545.000 0.224
8550.000 0.224
8555.000 0.224
8560.000 0.224
8565.000 0.226
8570.000 0.227
8575.000 0.224
8580.000 0.227
8585.000 0.226
8590.000 0.224
8595.000 0.226
8600.000 0.225
8605.000 0.225
8610.000 0.229
8615.000 0.225
8620.000 0.227
8625.000 0.227
8630.000 0.226
8635.000 0.226
8640.000 0.226
8645.000 0.226
8650.000 0.229
8655.000 0.229
8660.000 0.229
8665.000 0.228
8670.000 0.230
8675.000 0.230
8680.000 0.229
8685.000 0.230
8690.000 0.232
8695.000 0.229
8700.000 0.231
8705.000 0.232
8710.000 0.231
8715.000 0.232
8720.000 0.232
8725.000 0.235
8730.000 0.233
8735.000 0.234
8740.000 0.234
8745.000 0.237
8750.000 0.237
8755.000 0.237
8760.000 0.239
8765.000 0.239
8770.000 0.241
8775.000 0.240
8780.000 0.241
8785.000 0.238
8790.000 0.235
8795.000 0.232
8800.000 0.230
8805.000 0.226
8810.000 0.228
8815.000 0.229
8820.000 0.220
8825.000 0.217
8830.000 0.235
8835.000 0.229
8840.000 0.227
8845.000 0.235
8850.000 0.237
8855.000 0.243
8860.000 0.247
8865.000 0.246
8870.000 0.245
8875.000 0.245
8880.000 0.247
8885.000 0.248
8890.000 0.246
8895.000 0.247
8900.000 0.249
8905.000 0.247
8910.000 0.249
8915.000 0.249
8920.000 0.248
8925.000 0.248
8930.000 0.250
8935.000 0.249
8940.000 0.249
8945.000 0.251
8950.000 0.251
8955.000 0.248
8960.000 0.252
8965.000 0.256
8970.000 0.249
8975.000 0.248
8980.000 0.248
8985.000 0.249
8990.000 0.258
8995.000 0.261
9000.000 0.261
9005.000 0.258
9010.000 0.259
9015.000 0.252
9020.000 0.260
9025.000 0.251
9030.000 0.253
9035.000 0.256
9040.000 0.260
9045.000 0.258
9050.000 0.254
9055.000 0.261
9060.000 0.253
9065.000 0.257
9070.000 0.255
9075.000 0.252
9080.000 0.254
9085.000 0.258
9090.000 0.256
9095.000 0.256
9100.000 0.259
9105.000 0.259
9110.000 0.263
9115.000 0.261
9120.000 0.259
9125.000 0.255
9130.000 0.262
9135.000 0.260
9140.000 0.263
9145.000 0.262
9150.000 0.261
9155.000 0.262
9160.000 0.260
9165.000 0.258
9170.000 0.259
9175.000 0.256
9180.000 0.257
9185.000 0.257
9190.000 0.260
9195.000 0.261
9200.000 0.261
9205.000 0.257
9210.000 0.261
9215.000 0.260
9220.000 0.261
9225.000 0.264
9230.000 0.262
9235.000 0.268
9240.000 0.262
9245.000 0.264
9250.000 0.262
9255.000 0.262
9260.000 0.264
9265.000 0.263
9270.000 0.264
9275.000 0.263
9280.000 0.263
9285.000 0.265
9290.000 0.267
9295.000 0.267
9300.000 0.266
9305.000 0.264
9310.000 0.267
9315.000 0.263
9320.000 0.262
9325.000 0.265
9330.000 0.268
9335.000 0.268
9340.000 0.268
9345.000 0.267
9350.000 0.266
9355.000 0.271
9360.000 0.269
9365.000 0.271
9370.000 0.267
9375.000 0.267
9380.000 0.272
9385.000 0.273
9390.000 0.270
9395.000 0.270
9400.000 0.272
9405.000 0.272
9410.000 0.271
9415.000 0.272
9420.000 0.271
9425.000 0.273
9430.000 0.274
9435.000 0.275
9440.000 0.276
9445.000 0.275
9450.000 0.275
9455.000 0.273
9460.000 0.273
9465.000 0.274
9470.000 0.275
9475.000 0.275
9480.000 0.275
9485.000 0.279
9490.000 0.276
9495.000 0.274
9500.000 0.277
9505.000 0.276
9510.000 0.278
9515.000 0.278
9520.000 0.278
9525.000 0.281
9530.000 0.279
9535.000 0.280
9540.000 0.281
9545.000 0.282
9550.000 0.281
9555.000 0.282
9560.000 0.281
9565.000 0.281
9570.000 0.278
9575.000 0.285
9580.000 0.285
9585.000 0.284
9590.000 0.282
9595.000 0.285
9600.000 0.287
9605.000 0.291
9610.000 0.288
9615.000 0.293
9620.000 0.293
9625.000 0.295
9630.000 0.295
9635.000 0.296
9640.000 0.297
9645.000 0.294
9650.000 0.297
9655.000 0.301
9660.000 0.307
9665.000 0.311
9670.000 0.309
9675.000 0.308
9680.000 0.308
9685.000 0.309
9690.000 0.310
9695.000 0.311
9700.000 0.313
9705.000 0.316
9710.000 0.317
9715.000 0.318
9720.000 0.321
9725.000 0.331
9730.000 0.332
9735.000 0.332
9740.000 0.335
9745.000 0.344
9750.000 0.343
9755.000 0.344
9760.000 0.346
9765.000 0.358
9770.000 0.358
9775.000 0.357
9780.000 0.363
9785.000 0.368
9790.000 0.372
9795.000 0.376
9800.000 0.382
9805.000 0.383
9810.000 0.407
9815.000 0.414
9820.000 0.416
9825.000 0.420
9830.000 0.422
9835.000 0.439
9840.000 0.450
9845.000 0.454
9850.000 0.467
9855.000 0.475
9860.000 0.493
9865.000 0.509
9870.000 0.518
9875.000 0.545
9880.000 0.558
9885.000 0.592
9890.000 0.626
9895.000 0.648
9900.000 0.699
9905.000 0.726
9910.000 0.789
9915.000 0.872
9920.000 0.928
9925.000 1.063
9930.000 1.151
9935.000 1.381
9940.000 1.706
9945.000 1.919
9950.000 2.430
9955.000 2.683
9960.000 3.006
9965.000 2.927
9970.000 2.720
9975.000 2.183
9980.000 1.956
9985.000 1.480
9990.000 1.164
9995.000 1.046
10000.000 0.853
10005.000 0.789
10010.000 0.691
10015.000 0.612
10020.000 0.577
10025.000 0.526
10030.000 0.515
10035.000 0.472
10040.000 0.443
10045.000 0.429
10050.000 0.405
10055.000 0.400
10060.000 0.380
10065.000 0.371
10070.000 0.366
10075.000 0.361
10080.000 0.353
10085.000 0.350
10090.000 0.348
10095.000 0.349
10100.000 0.359
10105.000 0.364
10110.000 0.365
10115.000 0.375
10120.000 0.381
10125.000 0.395
10130.000 0.399
10135.000 0.414
10140.000 0.441
10145.000 0.453
10150.000 0.483
10155.000 0.494
10160.000 0.535
10165.000 0.575
10170.000 0.595
10175.000 0.652
10180.000 0.678
10185.000 0.746
10190.000 0.836
10195.000 0.891
10200.000 1.019
10205.000 1.101
10210.000 1.304
10215.000 1.594
10220.000 1.803
10225.000 2.301
10230.000 2.587
10235.000 3.231
10240.000 3.898
10245.000 4.221
10250.000 4.742
10255.000 4.834
10260.000 4.661
10265.000 4.070
10270.000 3.723
10275.000 3.143
10280.000 2.853
10285.000 2.315
10290.000 2.114
10295.000 1.797
10300.000 1.562
10305.000 1.468
10310.000 1.320
10315.000 1.267
10320.000 1.204
10325.000 1.146
10330.000 1.111
10335.000 1.053
10340.000 1.028
10345.000 0.993
10350.000 0.952
10355.000 0.934
10360.000 0.906
10365.000 0.889
10370.000 0.870
10375.000 0.842
10380.000 0.832
10385.000 0.815
10390.000 0.798
10395.000 0.784
10400.000 0.772
10405.000 0.766
10410.000 0.751
10415.000 0.741
10420.000 0.733
10425.000 0.723
10430.000 0.719
10435.000 0.715
10440.000 0.709
10445.000 0.704
10450.000 0.701
10455.000 0.704
10460.000 0.696
10465.000 0.694
10470.000 0.693
10475.000 0.692
10480.000 0.689
10485.000 0.689
10490.000 0.691
10495.000 0.695
10500.000 0.699
10505.000 0.698
10510.000 0.705
10515.000 0.712
10520.000 0.723
10525.000 0.727
10530.000 0.729
10535.000 0.737
10540.000 0.750
10545.000 0.761
10550.000 0.775
10555.000 0.784
10560.000 0.797
10565.000 0.806
10570.000 0.826
10575.000 0.850
10580.000 0.857
10585.000 0.888
10590.000 0.901
10595.000 0.931
10600.000 0.967
10605.000 0.992
10610.000 1.035
10615.000 1.066
10620.000 1.132
10625.000 1.204
10630.000 1.233
10635.000 1.319
10640.000 1.376
10645.000 1.501
10650.000 1.644
10655.000 1.714
10660.000 1.844
10665.000 1.892
10670.000 1.927
10675.000 1.852
10680.000 1.825
10685.000 1.647
10690.000 1.547
10695.000 1.328
10700.000 1.121
10705.000 1.032
10710.000 0.875
10715.000 0.801
10720.000 0.689
10725.000 0.589
10730.000 0.544
10735.000 0.471
10740.000 0.442
10745.000 0.386
10750.000 0.334
10755.000 0.314
10760.000 0.271
10765.000 0.252
10770.000 0.215
10775.000 0.184
10780.000 0.170
10785.000 0.146
10790.000 0.137
10795.000 0.119
10800.000 0.103
10805.000 0.093
10810.000 0.081
10815.000 0.076
10820.000 0.065
10825.000 0.055
10830.000 0.052
10835.000 0.045
10840.000 0.039
10845.000 0.032
10850.000 0.027
10855.000 0.025
10860.000 0.019
10865.000 0.015
10870.000 0.012
10875.000 0.008
10880.000 0.008
10885.000 0.006
10890.000 0.004
10895.000 0.004
10900.000 0.006
10905.000 0.009
10910.000 0.010
10915.000 0.012
10920.000 0.013
10925.000 0.017
10930.000 0.018
10935.000 0.021
10940.000 0.021
10945.000 0.026
10950.000 0.028
10955.000 0.034
10960.000 0.041
10965.000 0.041
10970.000 0.051
10975.000 0.054
10980.000 0.064
10985.000 0.081
10990.000 0.084
10995.000 0.102
11000.000 0.115
11005.000 0.134
11010.000 0.171
11015.000 0.191
11020.000 0.252
11025.000 0.293
11030.000 0.399
11035.000 0.515
11040.000 0.650
11045.000 0.818
11050.000 0.914
11055.000 1.078
11060.000 1.192
11065.000 1.227
11070.000 1.219
11075.000 1.187
11080.000 1.110
11085.000 0.996
11090.000 0.943
11095.000 0.829
11100.000 0.784
11105.000 0.688
11110.000 0.612
11115.000 0.576
11120.000 0.525
11125.000 0.498
11130.000 0.458
11135.000 0.426
11140.000 0.410
11145.000 0.389
11150.000 0.380
11155.000 0.364
11160.000 0.358
11165.000 0.354
11170.000 0.341
11175.000 0.337
11180.000 0.334
11185.000 0.330
11190.000 0.324
11195.000 0.320
11200.000 0.318
11205.000 0.312
11210.000 0.308
11215.000 0.304
11220.000 0.302
11225.000 0.303
11230.000 0.304
11235.000 0.300
11240.000 0.298
11245.000 0.294
11250.000 0.291
11255.000 0.290
11260.000 0.293
11265.000 0.288
11270.000 0.285
11275.000 0.286
11280.000 0.283
11285.000 0.284
11290.000 0.282
11295.000 0.281
11300.000 0.281
11305.000 0.276
11310.000 0.277
11315.000 0.274
11320.000 0.273
11325.000 0.271
11330.000 0.269
11335.000 0.270
11340.000 0.268
11345.000 0.267
11350.000 0.266
11355.000 0.266
11360.000 0.265
11365.000 0.266
11370.000 0.265
11375.000 0.265
11380.000 0.265
11385.000 0.261
11390.000 0.263
11395.000 0.262
11400.000 0.261
11405.000 0.258
11410.000 0.258
11415.000 0.258
11420.000 0.260
11425.000 0.257
11430.000 0.256
11435.000 0.256
11440.000 0.257
11445.000 0.255
11450.000 0.258
11455.000 0.259
11460.000 0.254
11465.000 0.254
11470.000 0.257
11475.000 0.255
11480.000 0.253
11485.000 0.254
11490.000 0.255
11495.000 0.252
11500.000 0.252
11505.000 0.254
11510.000 0.254
11515.000 0.255
11520.000 0.254
11525.000 0.252
11530.000 0.252
11535.000 0.249
11540.000 0.252
11545.000 0.250
11550.000 0.252
11555.000 0.252
11560.000 0.251
11565.000 0.252
11570.000 0.250
11575.000 0.250
11580.000 0.254
11585.000 0.253
11590.000 0.248
11595.000 0.249
11600.000 0.247
11605.000 0.250
11610.000 0.249
11615.000 0.244
11620.000 0.248
11625.000 0.247
11630.000 0.246
11635.000 0.250
11640.000 0.248
11645.000 0.248
11650.000 0.249
11655.000 0.253
11660.000 0.248
11665.000 0.244
11670.000 0.248
11675.000 0.248
11680.000 0.248
11685.000 0.251
11690.000 0.249
11695.000 0.253
11700.000 0.253
11705.000 0.250
11710.000 0.249
11715.000 0.247
11720.000 0.249
11725.000 0.250
11730.000 0.244
11735.000 0.248
11740.000 0.247
11745.000 0.246
11750.000 0.249
11755.000 0.247
11760.000 0.246
11765.000 0.243
11770.000 0.245
11775.000 0.247
11780.000 0.243
11785.000 0.245
11790.000 0.249
11795.000 0.246
11800.000 0.245
11805.000 0.244
11810.000 0.244
11815.000 0.243
11820.000 0.245
11825.000 0.243
11830.000 0.243
11835.000 0.242
11840.000 0.240
11845.000 0.242
11850.000 0.239
11855.000 0.241
11860.000 0.241
11865.000 0.239
11870.000 0.241
11875.000 0.238
11880.000 0.243
11885.000 0.243
11890.000 0.244
11895.000 0.239
11900.000 0.241
11905.000 0.240
11910.000 0.240
11915.000 0.240
11920.000 0.241
11925.000 0.238
11930.000 0.239
11935.000 0.237
11940.000 0.237
11945.000 0.237
11950.000 0.239
11955.000 0.238
11960.000 0.239
11965.000 0.240
11970.000 0.236
11975.000 0.240
11980.000 0.238
11985.000 0.237
11990.000 0.243
11995.000 0.240
12000.000 0.243
