105.000 0.034
110.000 0.166
115.000 7.871
120.000 8.714
125.000 9.899
130.000 10.518
135.000 11.776
140.000 13.262
145.000 13.710
150.000 14.940
155.000 15.355
160.000 15.898
165.000 16.003
170.000 15.798
175.000 15.585
180.000 15.287
185.000 15.272
190.000 15.226
195.000 15.294
200.000 15.384
205.000 15.361
210.000 15.569
215.000 15.655
220.000 15.762
225.000 15.764
230.000 15.790
235.000 15.768
240.000 15.727
245.000 15.606
250.000 15.745
255.000 15.802
260.000 16.121
265.000 16.468
270.000 16.656
275.000 16.942
280.000 17.173
285.000 17.406
290.000 17.579
295.000 17.608
300.000 17.907
305.000 17.989
310.000 18.245
315.000 18.338
320.000 18.580
325.000 18.833
330.000 19.112
335.000 19.421
340.000 19.739
345.000 20.209
350.000 20.705
355.000 21.027
360.000 21.836
365.000 22.216
370.000 23.047
375.000 23.973
380.000 24.477
385.000 25.686
390.000 26.298
395.000 27.566
400.000 28.928
405.000 29.629
410.000 31.024
415.000 31.716
420.000 32.981
425.000 33.919
430.000 34.332
435.000 34.928
440.000 35.079
445.000 35.176
450.000 34.835
455.000 34.431
460.000 33.306
465.000 32.638
470.000 31.181
475.000 29.476
480.000 27.739
485.000 26.810
490.000 25.886
495.000 24.208
500.000 22.606
505.000 21.807
510.000 20.333
515.000 19.585
520.000 17.987
525.000 16.324
530.000 15.485
535.000 13.986
540.000 13.269
545.000 11.997
550.000 10.881
555.000 10.389
560.000 9.449
565.000 8.979
570.000 8.100
575.000 7.348
580.000 7.012
585.000 6.341
590.000 6.007
595.000 5.415
600.000 4.877
605.000 4.659
610.000 4.280
615.000 4.112
620.000 3.893
625.000 3.745
630.000 3.676
635.000 3.533
640.000 3.462
645.000 3.364
650.000 3.246
655.000 3.188
660.000 3.085
665.000 3.034
670.000 2.949
675.000 2.848
680.000 2.792
685.000 2.697
690.000 2.663
695.000 2.576
700.000 2.491
705.000 2.454
710.000 2.377
715.000 2.336
720.000 2.265
725.000 2.192
730.000 2.163
735.000 2.100
740.000 2.073
745.000 1.998
750.000 1.946
755.000 1.918
760.000 1.856
765.000 1.839
770.000 1.792
775.000 1.747
780.000 1.730
785.000 1.689
790.000 1.662
795.000 1.636
800.000 1.596
805.000 1.576
810.000 1.541
815.000 1.526
820.000 1.461
825.000 1.409
830.000 1.374
835.000 1.333
840.000 1.313
845.000 1.274
850.000 1.217
855.000 1.191
860.000 1.128
865.000 1.113
870.000 1.062
875.000 1.026
880.000 1.000
885.000 0.958
890.000 0.945
895.000 0.909
900.000 0.894
905.000 0.862
910.000 0.832
915.000 0.815
920.000 0.790
925.000 0.779
930.000 0.753
935.000 0.733
940.000 0.721
945.000 0.693
950.000 0.688
955.000 0.669
960.000 0.642
965.000 0.641
970.000 0.616
975.000 0.611
980.000 0.602
985.000 0.574
990.000 0.577
995.000 0.557
1000.000 0.566
1005.000 0.549
1010.000 0.535
1015.000 0.529
1020.000 0.537
1025.000 0.522
1030.000 0.511
1035.000 0.505
1040.000 0.500
1045.000 0.495
1050.000 0.497
1055.000 0.496
1060.000 0.493
1065.000 0.495
1070.000 0.493
1075.000 0.494
1080.000 0.500
1085.000 0.508
1090.000 0.505
1095.000 0.519
1100.000 0.518
1105.000 0.528
1110.000 0.538
1115.000 0.544
1120.000 0.556
1125.000 0.564
1130.000 0.578
1135.000 0.598
1140.000 0.605
1145.000 0.627
1150.000 0.640
1155.000 0.666
1160.000 0.690
1165.000 0.706
1170.000 0.734
1175.000 0.750
1180.000 0.783
1185.000 0.819
1190.000 0.844
1195.000 0.889
1200.000 0.918
1205.000 0.961
1210.000 1.021
1215.000 1.053
1220.000 1.119
1225.000 1.149
1230.000 1.229
1235.000 1.305
1240.000 1.329
1245.000 1.396
1250.000 1.427
1255.000 1.498
1260.000 1.574
1265.000 1.614
1270.000 1.694
1275.000 1.745
1280.000 1.835
1285.000 1.933
1290.000 1.987
1295.000 2.104
1300.000 2.165
1305.000 2.296
1310.000 2.442
1315.000 2.531
1320.000 2.701
1325.000 2.806
1330.000 3.015
1335.000 3.267
1340.000 3.400
1345.000 3.724
1350.000 3.901
1355.000 4.323
1360.000 4.851
1365.000 5.157
1370.000 5.892
1375.000 6.340
1380.000 7.425
1385.000 8.858
1390.000 9.744
1395.000 11.898
1400.000 13.221
1405.000 16.310
1410.000 19.966
1415.000 21.921
1420.000 25.858
1425.000 27.694
1430.000 30.529
1435.000 31.373
1440.000 30.809
1445.000 26.882
1450.000 24.274
1455.000 19.181
1460.000 15.122
1465.000 13.503
1470.000 10.937
1475.000 9.957
1480.000 8.426
1485.000 7.306
1490.000 6.873
1495.000 6.162
1500.000 5.910
1505.000 5.532
1510.000 5.376
1515.000 5.096
1520.000 4.846
1525.000 4.731
1530.000 4.518
1535.000 4.412
1540.000 4.225
1545.000 4.049
1550.000 3.961
1555.000 3.805
1560.000 3.659
1565.000 3.570
1570.000 3.395
1575.000 3.314
1580.000 3.160
1585.000 3.085
1590.000 2.944
1595.000 2.809
1600.000 2.738
1605.000 2.629
1610.000 2.569
1615.000 2.457
1620.000 2.344
1625.000 2.292
1630.000 2.171
1635.000 2.108
1640.000 1.977
1645.000 1.863
1650.000 1.816
1655.000 1.741
1660.000 1.712
1665.000 1.679
1670.000 1.690
1675.000 1.709
1680.000 1.781
1685.000 1.828
1690.000 1.950
1695.000 2.077
1700.000 2.124
1705.000 2.216
1710.000 2.261
1715.000 2.335
1720.000 2.404
1725.000 2.433
1730.000 2.494
1735.000 2.518
1740.000 2.549
1745.000 2.577
1750.000 2.590
1755.000 2.614
1760.000 2.622
1765.000 2.629
1770.000 2.634
1775.000 2.636
1780.000 2.635
1785.000 2.632
1790.000 2.634
1795.000 2.633
1800.000 2.631
1805.000 2.629
1810.000 2.632
1815.000 2.625
1820.000 2.626
1825.000 2.621
1830.000 2.618
1835.000 2.613
1840.000 2.617
1845.000 2.623
1850.000 2.617
1855.000 2.613
1860.000 2.612
1865.000 2.604
1870.000 2.598
1875.000 2.596
1880.000 2.591
1885.000 2.589
1890.000 2.584
1895.000 2.578
1900.000 2.580
1905.000 2.570
1910.000 2.569
1915.000 2.563
1920.000 2.558
1925.000 2.558
1930.000 2.554
1935.000 2.554
1940.000 2.544
1945.000 2.539
1950.000 2.538
1955.000 2.530
1960.000 2.538
1965.000 2.530
1970.000 2.522
1975.000 2.523
1980.000 2.519
1985.000 2.512
1990.000 2.493
1995.000 2.484
2000.000 2.484
2005.000 2.473
2010.000 2.466
2015.000 2.467
2020.000 2.452
2025.000 2.446
2030.000 2.436
2035.000 2.414
2040.000 2.415
2045.000 2.394
2050.000 2.381
2055.000 2.373
2060.000 2.354
2065.000 2.342
2070.000 2.323
2075.000 2.314
2080.000 2.287
2085.000 2.286
2090.000 2.263
2095.000 2.253
2100.000 2.231
2105.000 2.214
2110.000 2.205
2115.000 2.178
2120.000 2.167
2125.000 2.144
2130.000 2.120
2135.000 2.113
2140.000 2.088
2145.000 2.072
2150.000 2.053
2155.000 2.031
2160.000 2.019
2165.000 1.993
2170.000 1.978
2175.000 1.955
2180.000 1.929
2185.000 1.915
2190.000 1.891
2195.000 1.877
2200.000 1.850
2205.000 1.825
2210.000 1.813
2215.000 1.784
2220.000 1.764
2225.000 1.750
2230.000 1.720
2235.000 1.706
2240.000 1.681
2245.000 1.669
2250.000 1.648
2255.000 1.627
2260.000 1.612
2265.000 1.592
2270.000 1.584
2275.000 1.558
2280.000 1.543
2285.000 1.530
2290.000 1.511
2295.000 1.496
2300.000 1.477
2305.000 1.454
2310.000 1.445
2315.000 1.429
2320.000 1.420
2325.000 1.400
2330.000 1.387
2335.000 1.383
2340.000 1.357
2345.000 1.350
2350.000 1.332
2355.000 1.308
2360.000 1.302
2365.000 1.287
2370.000 1.276
2375.000 1.259
2380.000 1.241
2385.000 1.236
2390.000 1.223
2395.000 1.213
2400.000 1.202
2405.000 1.187
2410.000 1.178
2415.000 1.167
2420.000 1.165
2425.000 1.148
2430.000 1.135
2435.000 1.129
2440.000 1.115
2445.000 1.113
2450.000 1.103
2455.000 1.088
2460.000 1.085
2465.000 1.075
2470.000 1.072
2475.000 1.063
2480.000 1.054
2485.000 1.045
2490.000 1.037
2495.000 1.029
2500.000 1.022
2505.000 1.015
2510.000 1.012
2515.000 1.002
2520.000 1.004
2525.000 0.992
2530.000 0.983
2535.000 0.980
2540.000 0.968
2545.000 0.966
2550.000 0.959
2555.000 0.956
2560.000 0.950
2565.000 0.946
2570.000 0.939
2575.000 0.931
2580.000 0.925
2585.000 0.921
2590.000 0.922
2595.000 0.920
2600.000 0.917
2605.000 0.913
2610.000 0.909
2615.000 0.905
2620.000 0.898
2625.000 0.893
2630.000 0.890
2635.000 0.886
2640.000 0.881
2645.000 0.883
2650.000 0.879
2655.000 0.880
2660.000 0.875
2665.000 0.868
2670.000 0.873
2675.000 0.870
2680.000 0.863
2685.000 0.866
2690.000 0.863
2695.000 0.861
2700.000 0.861
2705.000 0.855
2710.000 0.854
2715.000 0.851
2720.000 0.852
2725.000 0.850
2730.000 0.850
2735.000 0.851
2740.000 0.850
2745.000 0.850
2750.000 0.843
2755.000 0.850
2760.000 0.850
2765.000 0.850
2770.000 0.854
2775.000 0.851
2780.000 0.852
2785.000 0.853
2790.000 0.845
2795.000 0.851
2800.000 0.848
2805.000 0.854
2810.000 0.852
2815.000 0.849
2820.000 0.851
2825.000 0.854
2830.000 0.855
2835.000 0.851
2840.000 0.854
2845.000 0.856
2850.000 0.864
2855.000 0.857
2860.000 0.863
2865.000 0.869
2870.000 0.870
2875.000 0.872
2880.000 0.872
2885.000 0.876
2890.000 0.877
2895.000 0.882
2900.000 0.888
2905.000 0.890
2910.000 0.897
2915.000 0.898
2920.000 0.903
2925.000 0.907
2930.000 0.913
2935.000 0.919
2940.000 0.922
2945.000 0.923
2950.000 0.935
2955.000 0.932
2960.000 0.944
2965.000 0.956
2970.000 0.951
2975.000 0.954
2980.000 1.011
2985.000 1.087
2990.000 1.069
2995.000 1.032
3000.000 1.019
3005.000 1.009
3010.000 1.021
3015.000 1.020
3020.000 1.041
3025.000 1.039
3030.000 1.052
3035.000 1.050
3040.000 1.053
3045.000 1.065
3050.000 1.080
3055.000 1.095
3060.000 1.107
3065.000 1.103
3070.000 1.128
3075.000 1.138
3080.000 1.145
3085.000 1.157
3090.000 1.173
3095.000 1.186
3100.000 1.204
3105.000 1.215
3110.000 1.234
3115.000 1.241
3120.000 1.259
3125.000 1.284
3130.000 1.291
3135.000 1.324
3140.000 1.354
3145.000 1.366
3150.000 1.391
3155.000 1.466
3160.000 1.482
3165.000 1.485
3170.000 1.505
3175.000 1.540
3180.000 1.550
3185.000 1.589
3190.000 1.604
3195.000 1.640
3200.000 1.681
3205.000 1.711
3210.000 1.756
3215.000 1.787
3220.000 1.839
3225.000 1.891
3230.000 1.922
3235.000 1.988
3240.000 2.024
3245.000 2.099
3250.000 2.174
3255.000 2.218
3260.000 2.340
3265.000 2.400
3270.000 2.506
3275.000 2.620
3280.000 2.678
3285.000 2.801
3290.000 2.881
3295.000 3.026
3300.000 3.202
3305.000 3.294
3310.000 3.534
3315.000 3.678
3320.000 3.934
3325.000 4.247
3330.000 4.436
3335.000 4.896
3340.000 5.177
3345.000 5.865
3350.000 6.782
3355.000 7.349
3360.000 8.776
3365.000 9.649
3370.000 11.869
3375.000 14.788
3380.000 16.495
3385.000 20.242
3390.000 22.084
3395.000 25.104
3400.000 26.210
3405.000 25.784
3410.000 22.019
3415.000 19.667
3420.000 15.231
3425.000 11.772
3430.000 10.450
3435.000 8.437
3440.000 7.661
3445.000 6.446
3450.000 5.587
3455.000 5.287
3460.000 4.823
3465.000 4.627
3470.000 4.277
3475.000 3.976
3480.000 3.838
3485.000 3.594
3490.000 3.478
3495.000 3.273
3500.000 3.088
3505.000 3.006
3510.000 2.851
3515.000 2.778
3520.000 2.638
3525.000 2.476
3530.000 2.399
3535.000 2.266
3540.000 2.145
3545.000 2.086
3550.000 1.959
3555.000 1.898
3560.000 1.784
3565.000 1.737
3570.000 1.648
3575.000 1.604
3580.000 1.527
3585.000 1.460
3590.000 1.428
3595.000 1.370
3600.000 1.345
3605.000 1.291
3610.000 1.245
3615.000 1.226
3620.000 1.185
3625.000 1.170
3630.000 1.133
3635.000 1.098
3640.000 1.081
3645.000 1.055
3650.000 1.038
3655.000 1.015
3660.000 0.990
3665.000 0.978
3670.000 0.957
3675.000 0.946
3680.000 0.930
3685.000 0.908
3690.000 0.897
3695.000 0.884
3700.000 0.874
3705.000 0.857
3710.000 0.846
3715.000 0.840
3720.000 0.822
3725.000 0.816
3730.000 0.799
3735.000 0.787
3740.000 0.781
3745.000 0.772
3750.000 0.766
3755.000 0.754
3760.000 0.746
3765.000 0.741
3770.000 0.732
3775.000 0.726
3780.000 0.717
3785.000 0.709
3790.000 0.708
3795.000 0.698
3800.000 0.695
3805.000 0.686
3810.000 0.679
3815.000 0.676
3820.000 0.672
3825.000 0.668
3830.000 0.661
3835.000 0.656
3840.000 0.649
3845.000 0.649
3850.000 0.647
3855.000 0.641
3860.000 0.637
3865.000 0.633
3870.000 0.630
3875.000 0.629
3880.000 0.621
3885.000 0.620
3890.000 0.618
3895.000 0.615
3900.000 0.612
3905.000 0.609
3910.000 0.608
3915.000 0.608
3920.000 0.604
3925.000 0.603
3930.000 0.601
3935.000 0.597
3940.000 0.600
3945.000 0.597
3950.000 0.598
3955.000 0.597
3960.000 0.598
3965.000 0.591
3970.000 0.596
3975.000 0.591
3980.000 0.589
3985.000 0.599
3990.000 0.599
3995.000 0.600
4000.000 0.593
4005.000 0.599
4010.000 0.605
4015.000 0.603
4020.000 0.599
4025.000 0.611
4030.000 0.611
4035.000 0.602
4040.000 0.605
4045.000 0.608
4050.000 0.608
4055.000 0.618
4060.000 0.621
4065.000 0.618
4070.000 0.624
4075.000 0.626
4080.000 0.631
4085.000 0.640
4090.000 0.641
4095.000 0.643
4100.000 0.649
4105.000 0.657
4110.000 0.664
4115.000 0.668
4120.000 0.674
4125.000 0.679
4130.000 0.691
4135.000 0.701
4140.000 0.707
4145.000 0.720
4150.000 0.725
4155.000 0.737
4160.000 0.751
4165.000 0.761
4170.000 0.780
4175.000 0.787
4180.000 0.806
4185.000 0.817
4190.000 0.842
4195.000 0.865
4200.000 0.870
4205.000 0.883
4210.000 0.892
4215.000 0.911
4220.000 0.928
4225.000 0.936
4230.000 0.951
4235.000 0.960
4240.000 0.974
4245.000 0.993
4250.000 1.005
4255.000 1.017
4260.000 1.029
4265.000 1.046
4270.000 1.064
4275.000 1.075
4280.000 1.097
4285.000 1.110
4290.000 1.137
4295.000 1.175
4300.000 1.195
4305.000 1.245
4310.000 1.269
4315.000 1.331
4320.000 1.401
4325.000 1.436
4330.000 1.522
4335.000 1.574
4340.000 1.685
4345.000 1.826
4350.000 1.905
4355.000 2.089
4360.000 2.184
4365.000 2.401
4370.000 2.677
4375.000 2.848
4380.000 3.270
4385.000 3.531
4390.000 4.197
4395.000 5.099
4400.000 5.674
4405.000 7.032
4410.000 7.801
4415.000 9.255
4420.000 9.977
4425.000 9.808
4430.000 8.559
4435.000 7.683
4440.000 5.981
4445.000 4.644
4450.000 4.128
4455.000 3.327
4460.000 3.022
4465.000 2.517
4470.000 2.205
4475.000 2.082
4480.000 1.871
4485.000 1.768
4490.000 1.589
4495.000 1.440
4500.000 1.373
4505.000 1.257
4510.000 1.206
4515.000 1.114
4520.000 1.037
4525.000 0.996
4530.000 0.930
4535.000 0.891
4540.000 0.816
4545.000 0.751
4550.000 0.721
4555.000 0.666
4560.000 0.646
4565.000 0.601
4570.000 0.566
4575.000 0.549
4580.000 0.521
4585.000 0.507
4590.000 0.484
4595.000 0.461
4600.000 0.451
4605.000 0.434
4610.000 0.426
4615.000 0.409
4620.000 0.398
4625.000 0.390
4630.000 0.378
4635.000 0.373
4640.000 0.364
4645.000 0.355
4650.000 0.352
4655.000 0.343
4660.000 0.339
4665.000 0.333
4670.000 0.324
4675.000 0.321
4680.000 0.313
4685.000 0.309
4690.000 0.302
4695.000 0.295
4700.000 0.291
4705.000 0.283
4710.000 0.279
4715.000 0.270
4720.000 0.261
4725.000 0.258
4730.000 0.245
4735.000 0.240
4740.000 0.231
4745.000 0.222
4750.000 0.215
4755.000 0.203
4760.000 0.199
4765.000 0.187
4770.000 0.181
4775.000 0.169
4780.000 0.159
4785.000 0.153
4790.000 0.142
4795.000 0.137
4800.000 0.127
4805.000 0.116
4810.000 0.110
4815.000 0.103
4820.000 0.097
4825.000 0.088
4830.000 0.079
4835.000 0.075
4840.000 0.068
4845.000 0.064
4850.000 0.057
4855.000 0.053
4860.000 0.052
4865.000 0.048
4870.000 0.047
4875.000 0.045
4880.000 0.046
4885.000 0.046
4890.000 0.047
4895.000 0.050
4900.000 0.053
4905.000 0.060
4910.000 0.060
4915.000 0.062
4920.000 0.067
4925.000 0.074
4930.000 0.080
4935.000 0.082
4940.000 0.087
4945.000 0.094
4950.000 0.100
4955.000 0.104
4960.000 0.110
4965.000 0.119
4970.000 0.116
4975.000 0.129
4980.000 0.137
4985.000 0.138
4990.000 0.147
4995.000 0.145
5000.000 0.151
5005.000 0.167
5010.000 0.171
5015.000 0.183
5020.000 0.182
5025.000 0.194
5030.000 0.201
5035.000 0.198
5040.000 0.206
5045.000 0.211
5050.000 0.221
5055.000 0.236
5060.000 0.245
5065.000 0.250
5070.000 0.256
5075.000 0.264
5080.000 0.274
5085.000 0.277
5090.000 0.289
5095.000 0.294
5100.000 0.302
5105.000 0.310
5110.000 0.317
5115.000 0.327
5120.000 0.330
5125.000 0.341
5130.000 0.350
5135.000 0.353
5140.000 0.364
5145.000 0.367
5150.000 0.376
5155.000 0.385
5160.000 0.386
5165.000 0.396
5170.000 0.399
5175.000 0.404
5180.000 0.411
5185.000 0.416
5190.000 0.417
5195.000 0.421
5200.000 0.424
5205.000 0.427
5210.000 0.428
5215.000 0.427
5220.000 0.428
5225.000 0.429
5230.000 0.425
5235.000 0.428
5240.000 0.430
5245.000 0.426
5250.000 0.426
5255.000 0.426
5260.000 0.425
5265.000 0.423
5270.000 0.424
5275.000 0.423
5280.000 0.422
5285.000 0.421
5290.000 0.415
5295.000 0.417
5300.000 0.417
5305.000 0.413
5310.000 0.414
5315.000 0.415
5320.000 0.412
5325.000 0.413
5330.000 0.407
5335.000 0.407
5340.000 0.409
5345.000 0.408
5350.000 0.403
5355.000 0.399
5360.000 0.400
5365.000 0.398
5370.000 0.396
5375.000 0.393
5380.000 0.394
5385.000 0.391
5390.000 0.392
5395.000 0.389
5400.000 0.389
5405.000 0.388
5410.000 0.389
5415.000 0.387
5420.000 0.383
5425.000 0.384
5430.000 0.384
5435.000 0.381
5440.000 0.379
5445.000 0.378
5450.000 0.381
5455.000 0.379
5460.000 0.377
5465.000 0.376
5470.000 0.372
5475.000 0.369
5480.000 0.367
5485.000 0.366
5490.000 0.376
5495.000 0.374
5500.000 0.372
5505.000 0.374
5510.000 0.373
5515.000 0.369
5520.000 0.374
5525.000 0.373
5530.000 0.371
5535.000 0.369
5540.000 0.369
5545.000 0.364
5550.000 0.362
5555.000 0.360
5560.000 0.362
5565.000 0.360
5570.000 0.361
5575.000 0.362
5580.000 0.362
5585.000 0.358
5590.000 0.360
5595.000 0.361
5600.000 0.358
5605.000 0.359
5610.000 0.358
5615.000 0.359
5620.000 0.360
5625.000 0.354
5630.000 0.356
5635.000 0.360
5640.000 0.357
5645.000 0.356
5650.000 0.356
5655.000 0.353
5660.000 0.353
5665.000 0.352
5670.000 0.354
5675.000 0.354
5680.000 0.350
5685.000 0.355
5690.000 0.357
5695.000 0.356
5700.000 0.353
5705.000 0.354
5710.000 0.350
5715.000 0.354
5720.000 0.356
5725.000 0.353
5730.000 0.352
5735.000 0.355
5740.000 0.359
5745.000 0.358
5750.000 0.356
5755.000 0.356
5760.000 0.357
5765.000 0.359
5770.000 0.357
5775.000 0.362
5780.000 0.359
5785.000 0.358
5790.000 0.360
5795.000 0.359
5800.000 0.358
5805.000 0.359
5810.000 0.362
5815.000 0.365
5820.000 0.365
5825.000 0.362
5830.000 0.363
5835.000 0.362
5840.000 0.363
5845.000 0.365
5850.000 0.364
5855.000 0.362
5860.000 0.364
5865.000 0.363
5870.000 0.368
5875.000 0.368
5880.000 0.369
5885.000 0.368
5890.000 0.370
5895.000 0.369
5900.000 0.370
5905.000 0.374
5910.000 0.375
5915.000 0.375
5920.000 0.375
5925.000 0.372
5930.000 0.373
5935.000 0.374
5940.000 0.377
5945.000 0.380
5950.000 0.383
5955.000 0.378
5960.000 0.386
5965.000 0.379
5970.000 0.384
5975.000 0.381
5980.000 0.382
5985.000 0.384
5990.000 0.394
5995.000 0.393
6000.000 0.399
6005.000 0.394
6010.000 0.388
6015.000 0.390
6020.000 0.403
6025.000 0.401
6030.000 0.389
6035.000 0.398
6040.000 0.394
6045.000 0.395
6050.000 0.407
6055.000 0.401
6060.000 0.403
6065.000 0.406
6070.000 0.402
6075.000 0.402
6080.000 0.404
6085.000 0.412
6090.000 0.409
6095.000 0.408
6100.000 0.413
6105.000 0.413
6110.000 0.416
6115.000 0.416
6120.000 0.417
6125.000 0.418
6130.000 0.420
6135.000 0.421
6140.000 0.421
6145.000 0.450
6150.000 0.476
6155.000 0.475
6160.000 0.479
6165.000 0.473
6170.000 0.472
6175.000 0.467
6180.000 0.464
6185.000 0.464
6190.000 0.459
6195.000 0.457
6200.000 0.461
6205.000 0.461
6210.000 0.460
6215.000 0.461
6220.000 0.462
6225.000 0.466
6230.000 0.468
6235.000 0.474
6240.000 0.472
6245.000 0.479
6250.000 0.485
6255.000 0.483
6260.000 0.488
6265.000 0.490
6270.000 0.497
6275.000 0.497
6280.000 0.505
6285.000 0.512
6290.000 0.523
6295.000 0.532
6300.000 0.533
6305.000 0.536
6310.000 0.544
6315.000 0.557
6320.000 0.557
6325.000 0.553
6330.000 0.551
6335.000 0.557
6340.000 0.560
6345.000 0.569
6350.000 0.575
6355.000 0.583
6360.000 0.590
6365.000 0.596
6370.000 0.608
6375.000 0.610
6380.000 0.619
6385.000 0.665
6390.000 0.669
6395.000 0.670
6400.000 0.668
6405.000 0.672
6410.000 0.680
6415.000 0.703
6420.000 0.723
6425.000 0.721
6430.000 0.723
6435.000 0.730
6440.000 0.731
6445.000 0.763
6450.000 0.769
6455.000 0.786
6460.000 0.808
6465.000 0.814
6470.000 0.819
6475.000 0.825
6480.000 0.848
6485.000 0.855
6490.000 0.862
6495.000 0.878
6500.000 0.884
6505.000 0.905
6510.000 0.924
6515.000 0.937
6520.000 0.959
6525.000 0.978
6530.000 1.001
6535.000 1.030
6540.000 1.047
6545.000 1.070
6550.000 1.086
6555.000 1.117
6560.000 1.148
6565.000 1.257
6570.000 1.276
6575.000 1.284
6580.000 1.310
6585.000 1.347
6590.000 1.362
6595.000 1.413
6600.000 1.434
6605.000 1.489
6610.000 1.562
6615.000 1.596
6620.000 1.660
6625.000 1.839
6630.000 1.906
6635.000 1.970
6640.000 2.013
6645.000 2.076
6650.000 2.139
6655.000 2.260
6660.000 2.410
6665.000 2.492
6670.000 2.671
6675.000 2.802
6680.000 3.078
6685.000 3.436
6690.000 3.641
6695.000 4.158
6700.000 4.475
6705.000 5.274
6710.000 6.371
6715.000 7.061
6720.000 8.807
6725.000 9.892
6730.000 12.567
6735.000 15.412
6740.000 16.806
6745.000 18.937
6750.000 19.371
6755.000 18.467
6760.000 15.133
6765.000 13.323
6770.000 10.146
6775.000 8.873
6780.000 6.955
6785.000 5.634
6790.000 5.132
6795.000 4.335
6800.000 4.029
6805.000 3.573
6810.000 3.266
6815.000 3.138
6820.000 2.912
6825.000 2.808
6830.000 2.626
6835.000 2.465
6840.000 2.390
6845.000 2.253
6850.000 2.188
6855.000 2.082
6860.000 2.027
6865.000 1.937
6870.000 1.843
6875.000 1.791
6880.000 1.677
6885.000 1.624
6890.000 1.546
6895.000 1.457
6900.000 1.416
6905.000 1.344
6910.000 1.313
6915.000 1.251
6920.000 1.197
6925.000 1.174
6930.000 1.128
6935.000 1.105
6940.000 1.064
6945.000 1.029
6950.000 1.011
6955.000 0.976
6960.000 0.948
6965.000 0.939
6970.000 0.911
6975.000 0.901
6980.000 0.880
6985.000 0.868
6990.000 0.843
6995.000 0.826
7000.000 0.823
7005.000 0.800
7010.000 0.790
7015.000 0.776
7020.000 0.773
7025.000 0.755
7030.000 0.744
7035.000 0.747
7040.000 0.738
7045.000 0.727
7050.000 0.724
7055.000 0.708
7060.000 0.709
7065.000 0.697
7070.000 0.694
7075.000 0.691
7080.000 0.683
7085.000 0.679
7090.000 0.677
7095.000 0.671
7100.000 0.667
7105.000 0.664
7110.000 0.663
7115.000 0.659
7120.000 0.657
7125.000 0.654
7130.000 0.655
7135.000 0.653
7140.000 0.652
7145.000 0.650
7150.000 0.652
7155.000 0.649
7160.000 0.652
7165.000 0.650
7170.000 0.652
7175.000 0.655
7180.000 0.657
7185.000 0.659
7190.000 0.660
7195.000 0.660
7200.000 0.662
7205.000 0.669
7210.000 0.671
7215.000 0.674
7220.000 0.678
7225.000 0.678
7230.000 0.682
7235.000 0.686
7240.000 0.690
7245.000 0.696
7250.000 0.697
7255.000 0.706
7260.000 0.709
7265.000 0.720
7270.000 0.723
7275.000 0.732
7280.000 0.745
7285.000 0.749
7290.000 0.762
7295.000 0.773
7300.000 0.781
7305.000 0.795
7310.000 0.805
7315.000 0.820
7320.000 0.835
7325.000 0.843
7330.000 0.861
7335.000 0.875
7340.000 0.901
7345.000 0.923
7350.000 0.944
7355.000 0.980
7360.000 1.001
7365.000 1.068
7370.000 1.136
7375.000 1.156
7380.000 1.189
7385.000 1.214
7390.000 1.275
7395.000 1.302
7400.000 1.321
7405.000 1.352
7410.000 1.372
7415.000 1.419
7420.000 1.498
7425.000 1.534
7430.000 1.605
7435.000 1.637
7440.000 1.710
7445.000 1.747
7450.000 1.850
7455.000 1.972
7460.000 2.028
7465.000 2.164
7470.000 2.238
7475.000 2.402
7480.000 2.623
7485.000 2.754
7490.000 3.084
7495.000 3.275
7500.000 3.737
7505.000 4.351
7510.000 4.744
7515.000 5.701
7520.000 6.933
7525.000 7.647
7530.000 9.179
7535.000 9.899
7540.000 10.899
7545.000 11.061
7550.000 10.260
7555.000 8.571
7560.000 7.689
7565.000 6.095
7570.000 5.448
7575.000 4.435
7580.000 3.697
7585.000 3.418
7590.000 2.987
7595.000 2.829
7600.000 2.563
7605.000 2.339
7610.000 2.240
7615.000 2.071
7620.000 1.991
7625.000 1.851
7630.000 1.724
7635.000 1.666
7640.000 1.569
7645.000 1.526
7650.000 1.441
7655.000 1.365
7660.000 1.326
7665.000 1.261
7670.000 1.230
7675.000 1.172
7680.000 1.100
7685.000 1.065
7690.000 1.007
7695.000 0.980
7700.000 0.929
7705.000 0.884
7710.000 0.863
7715.000 0.823
7720.000 0.805
7725.000 0.776
7730.000 0.743
7735.000 0.730
7740.000 0.702
7745.000 0.693
7750.000 0.669
7755.000 0.646
7760.000 0.635
7765.000 0.611
7770.000 0.603
7775.000 0.585
7780.000 0.568
7785.000 0.559
7790.000 0.546
7795.000 0.541
7800.000 0.524
7805.000 0.513
7810.000 0.505
7815.000 0.496
7820.000 0.488
7825.000 0.479
7830.000 0.468
7835.000 0.464
7840.000 0.455
7845.000 0.452
7850.000 0.443
7855.000 0.435
7860.000 0.429
7865.000 0.423
7870.000 0.422
7875.000 0.413
7880.000 0.408
7885.000 0.407
7890.000 0.400
7895.000 0.397
7900.000 0.391
7905.000 0.387
7910.000 0.384
7915.000 0.380
7920.000 0.376
7925.000 0.371
7930.000 0.367
7935.000 0.365
7940.000 0.359
7945.000 0.358
7950.000 0.381
7955.000 0.368
7960.000 0.368
7965.000 0.358
7970.000 0.350
7975.000 0.344
7980.000 0.335
7985.000 0.327
7990.000 0.328
7995.000 0.317
8000.000 0.321
8005.000 0.338
8010.000 0.338
8015.000 0.335
8020.000 0.328
8025.000 0.334
8030.000 0.327
8035.000 0.331
8040.000 0.331
8045.000 0.332
8050.000 0.334
8055.000 0.327
8060.000 0.345
8065.000 0.338
8070.000 0.334
8075.000 0.332
8080.000 0.330
8085.000 0.324
8090.000 0.320
8095.000 0.318
8100.000 0.316
8105.000 0.317
8110.000 0.314
8115.000 0.314
8120.000 0.313
8125.000 0.311
8130.000 0.309
8135.000 0.309
8140.000 0.307
8145.000 0.309
8150.000 0.308
8155.000 0.308
8160.000 0.306
8165.000 0.308
8170.000 0.305
8175.000 0.305
8180.000 0.307
8185.000 0.306
8190.000 0.305
8195.000 0.305
8200.000 0.304
8205.000 0.303
8210.000 0.304
8215.000 0.302
8220.000 0.304
8225.000 0.302
8230.000 0.304
8235.000 0.302
8240.000 0.303
8245.000 0.301
8250.000 0.303
8255.000 0.298
8260.000 0.298
8265.000 0.297
8270.000 0.296
8275.000 0.296
8280.000 0.297
8285.000 0.297
8290.000 0.296
8295.000 0.297
8300.000 0.295
8305.000 0.296
8310.000 0.294
8315.000 0.297
8320.000 0.294
8325.000 0.297
8330.000 0.300
8335.000 0.310
8340.000 0.308
8345.000 0.304
8350.000 0.302
8355.000 0.302
8360.000 0.306
8365.000 0.305
8370.000 0.300
8375.000 0.297
8380.000 0.295
8385.000 0.294
8390.000 0.291
8395.000 0.289
8400.000 0.291
8405.000 0.286
8410.000 0.286
8415.000 0.284
8420.000 0.293
8425.000 0.292
8430.000 0.291
8435.000 0.288
8440.000 0.288
8445.000 0.287
8450.000 0.300
8455.000 0.299
8460.000 0.296
8465.000 0.300
8470.000 0.298
8475.000 0.295
8480.000 0.303
8485.000 0.300
8490.000 0.296
8495.000 0.295
8500.000 0.291
8505.000 0.291
8510.000 0.288
8515.000 0.287
8520.000 0.287
8525.000 0.286
8530.000 0.286
8535.000 0.286
8540.000 0.284
8545.000 0.285
8550.000 0.283
8555.000 0.285
8560.000 0.283
8565.000 0.284
8570.000 0.283
8575.000 0.284
8580.000 0.283
8585.000 0.280
8590.000 0.286
8595.000 0.284
8600.000 0.285
8605.000 0.283
8610.000 0.283
8615.000 0.283
8620.000 0.282
8625.000 0.284
8630.000 0.283
8635.000 0.284
8640.000 0.286
8645.000 0.285
8650.000 0.283
8655.000 0.283
8660.000 0.285
8665.000 0.285
8670.000 0.283
8675.000 0.284
8680.000 0.285
8685.000 0.284
8690.000 0.283
8695.000 0.283
8700.000 0.284
8705.000 0.286
8710.000 0.284
8715.000 0.284
8720.000 0.296
8725.000 0.300
8730.000 0.296
8735.000 0.293
8740.000 0.291
8745.000 0.291
8750.000 0.287
8755.000 0.288
8760.000 0.297
8765.000 0.297
8770.000 0.298
8775.000 0.296
8780.000 0.295
8785.000 0.296
8790.000 0.295
8795.000 0.293
8800.000 0.296
8805.000 0.295
8810.000 0.296
8815.000 0.296
8820.000 0.303
8825.000 0.295
8830.000 0.302
8835.000 0.323
8840.000 0.322
8845.000 0.310
8850.000 0.311
8855.000 0.308
8860.000 0.305
8865.000 0.303
8870.000 0.304
8875.000 0.301
8880.000 0.302
8885.000 0.303
8890.000 0.305
8895.000 0.301
8900.000 0.302
8905.000 0.302
8910.000 0.305
8915.000 0.307
8920.000 0.304
8925.000 0.305
8930.000 0.310
8935.000 0.311
8940.000 0.309
8945.000 0.310
8950.000 0.309
8955.000 0.314
8960.000 0.312
8965.000 0.315
8970.000 0.310
8975.000 0.313
8980.000 0.314
8985.000 0.303
8990.000 0.306
8995.000 0.301
9000.000 0.305
9005.000 0.298
9010.000 0.300
9015.000 0.302
9020.000 0.307
9025.000 0.305
9030.000 0.308
9035.000 0.304
9040.000 0.304
9045.000 0.308
9050.000 0.311
9055.000 0.314
9060.000 0.312
9065.000 0.312
9070.000 0.312
9075.000 0.313
9080.000 0.315
9085.000 0.319
9090.000 0.316
9095.000 0.316
9100.000 0.328
9105.000 0.327
9110.000 0.327
9115.000 0.327
9120.000 0.327
9125.000 0.328
9130.000 0.329
9135.000 0.326
9140.000 0.329
9145.000 0.329
9150.000 0.328
9155.000 0.327
9160.000 0.329
9165.000 0.327
9170.000 0.330
9175.000 0.331
9180.000 0.332
9185.000 0.332
9190.000 0.332
9195.000 0.335
9200.000 0.334
9205.000 0.333
9210.000 0.335
9215.000 0.336
9220.000 0.339
9225.000 0.339
9230.000 0.337
9235.000 0.341
9240.000 0.339
9245.000 0.342
9250.000 0.341
9255.000 0.343
9260.000 0.343
9265.000 0.345
9270.000 0.346
9275.000 0.344
9280.000 0.348
9285.000 0.351
9290.000 0.347
9295.000 0.349
9300.000 0.350
9305.000 0.349
9310.000 0.351
9315.000 0.354
9320.000 0.352
9325.000 0.354
9330.000 0.356
9335.000 0.355
9340.000 0.357
9345.000 0.357
9350.000 0.356
9355.000 0.359
9360.000 0.360
9365.000 0.358
9370.000 0.364
9375.000 0.364
9380.000 0.365
9385.000 0.365
9390.000 0.363
9395.000 0.364
9400.000 0.363
9405.000 0.364
9410.000 0.365
9415.000 0.366
9420.000 0.367
9425.000 0.371
9430.000 0.371
9435.000 0.374
9440.000 0.374
9445.000 0.374
9450.000 0.374
9455.000 0.376
9460.000 0.379
9465.000 0.379
9470.000 0.378
9475.000 0.379
9480.000 0.382
9485.000 0.383
9490.000 0.385
9495.000 0.382
9500.000 0.385
9505.000 0.388
9510.000 0.389
9515.000 0.392
9520.000 0.391
9525.000 0.391
9530.000 0.392
9535.000 0.395
9540.000 0.398
9545.000 0.396
9550.000 0.397
9555.000 0.398
9560.000 0.402
9565.000 0.401
9570.000 0.403
9575.000 0.404
9580.000 0.408
9585.000 0.409
9590.000 0.416
9595.000 0.417
9600.000 0.415
9605.000 0.418
9610.000 0.417
9615.000 0.421
9620.000 0.427
9625.000 0.427
9630.000 0.429
9635.000 0.431
9640.000 0.432
9645.000 0.434
9650.000 0.435
9655.000 0.439
9660.000 0.443
9665.000 0.444
9670.000 0.448
9675.000 0.448
9680.000 0.452
9685.000 0.456
9690.000 0.454
9695.000 0.460
9700.000 0.460
9705.000 0.467
9710.000 0.469
9715.000 0.473
9720.000 0.476
9725.000 0.478
9730.000 0.480
9735.000 0.485
9740.000 0.488
9745.000 0.488
9750.000 0.496
9755.000 0.498
9760.000 0.504
9765.000 0.511
9770.000 0.514
9775.000 0.519
9780.000 0.524
9785.000 0.530
9790.000 0.537
9795.000 0.545
9800.000 0.548
9805.000 0.558
9810.000 0.564
9815.000 0.568
9820.000 0.581
9825.000 0.584
9830.000 0.591
9835.000 0.592
9840.000 0.601
9845.000 0.614
9850.000 0.618
9855.000 0.621
9860.000 0.633
9865.000 0.643
9870.000 0.655
9875.000 0.661
9880.000 0.675
9885.000 0.686
9890.000 0.704
9895.000 0.718
9900.000 0.738
9905.000 0.748
9910.000 0.761
9915.000 0.783
9920.000 0.802
9925.000 0.813
9930.000 0.842
9935.000 0.861
9940.000 0.881
9945.000 0.924
9950.000 0.939
9955.000 0.975
9960.000 0.996
9965.000 1.044
9970.000 1.087
9975.000 1.124
9980.000 1.178
9985.000 1.208
9990.000 1.277
9995.000 1.354
10000.000 1.409
10005.000 1.502
10010.000 1.553
10015.000 1.688
10020.000 1.874
10025.000 1.964
10030.000 2.206
10035.000 2.356
10040.000 2.723
10045.000 3.191
10050.000 3.468
10055.000 4.067
10060.000 4.387
10065.000 4.954
10070.000 5.224
10075.000 5.165
10080.000 4.693
10085.000 4.358
10090.000 3.637
10095.000 3.007
10100.000 2.731
10105.000 2.281
10110.000 2.099
10115.000 1.814
10120.000 1.710
10125.000 1.522
10130.000 1.369
10135.000 1.298
10140.000 1.178
10145.000 1.121
10150.000 1.024
10155.000 0.945
10160.000 0.906
10165.000 0.839
10170.000 0.810
10175.000 0.755
10180.000 0.704
10185.000 0.680
10190.000 0.640
10195.000 0.619
10200.000 0.578
10205.000 0.539
10210.000 0.516
10215.000 0.475
10220.000 0.465
10225.000 0.458
10230.000 0.434
10235.000 0.420
10240.000 0.394
10245.000 0.383
10250.000 0.360
10255.000 0.343
10260.000 0.335
10265.000 0.323
10270.000 0.316
10275.000 0.302
10280.000 0.290
10285.000 0.285
10290.000 0.272
10295.000 0.269
10300.000 0.257
10305.000 0.249
10310.000 0.252
10315.000 0.243
10320.000 0.240
10325.000 0.233
10330.000 0.227
10335.000 0.225
10340.000 0.220
10345.000 0.217
10350.000 0.211
10355.000 0.206
10360.000 0.203
10365.000 0.200
10370.000 0.195
10375.000 0.193
10380.000 0.191
10385.000 0.187
10390.000 0.188
10395.000 0.191
10400.000 0.191
10405.000 0.186
10410.000 0.184
10415.000 0.181
10420.000 0.180
10425.000 0.178
10430.000 0.178
10435.000 0.179
10440.000 0.177
10445.000 0.177
10450.000 0.176
10455.000 0.176
10460.000 0.173
10465.000 0.176
10470.000 0.177
10475.000 0.178
10480.000 0.179
10485.000 0.178
10490.000 0.179
10495.000 0.182
10500.000 0.184
10505.000 0.184
10510.000 0.188
10515.000 0.189
10520.000 0.192
10525.000 0.196
10530.000 0.201
10535.000 0.205
10540.000 0.211
10545.000 0.214
10550.000 0.221
10555.000 0.232
10560.000 0.237
10565.000 0.246
10570.000 0.251
10575.000 0.260
10580.000 0.271
10585.000 0.278
10590.000 0.290
10595.000 0.297
10600.000 0.313
10605.000 0.336
10610.000 0.347
10615.000 0.373
10620.000 0.388
10625.000 0.411
10630.000 0.428
10635.000 0.436
10640.000 0.465
10645.000 0.473
10650.000 0.500
10655.000 0.530
10660.000 0.543
10665.000 0.575
10670.000 0.589
10675.000 0.628
10680.000 0.681
10685.000 0.700
10690.000 0.758
10695.000 0.789
10700.000 0.860
10705.000 0.947
10710.000 1.000
10715.000 1.109
10720.000 1.173
10725.000 1.329
10730.000 1.418
10735.000 1.634
10740.000 1.901
10745.000 2.054
10750.000 2.449
10755.000 2.640
10760.000 3.029
10765.000 3.347
10770.000 3.485
10775.000 3.547
10780.000 3.476
10785.000 3.165
10790.000 2.773
10795.000 2.580
10800.000 2.225
10805.000 2.072
10810.000 1.822
10815.000 1.620
10820.000 1.545
10825.000 1.417
10830.000 1.363
10835.000 1.262
10840.000 1.179
10845.000 1.142
10850.000 1.070
10855.000 1.038
10860.000 0.981
10865.000 0.932
10870.000 0.913
10875.000 0.893
10880.000 0.860
10885.000 0.815
10890.000 0.780
10895.000 0.765
10900.000 0.737
10905.000 0.723
10910.000 0.695
10915.000 0.675
10920.000 0.663
10925.000 0.641
10930.000 0.635
10935.000 0.616
10940.000 0.605
10945.000 0.592
10950.000 0.579
10955.000 0.574
10960.000 0.551
10965.000 0.541
10970.000 0.541
10975.000 0.527
10980.000 0.519
10985.000 0.515
10990.000 0.499
10995.000 0.504
11000.000 0.487
11005.000 0.489
11010.000 0.480
11015.000 0.470
11020.000 0.469
11025.000 0.468
11030.000 0.459
11035.000 0.464
11040.000 0.446
11045.000 0.451
11050.000 0.442
11055.000 0.437
11060.000 0.428
11065.000 0.419
11070.000 0.417
11075.000 0.413
11080.000 0.414
11085.000 0.405
11090.000 0.402
11095.000 0.399
11100.000 0.397
11105.000 0.391
11110.000 0.388
11115.000 0.386
11120.000 0.381
11125.000 0.376
11130.000 0.378
11135.000 0.374
11140.000 0.372
11145.000 0.371
11150.000 0.364
11155.000 0.361
11160.000 0.359
11165.000 0.361
11170.000 0.359
11175.000 0.355
11180.000 0.354
11185.000 0.352
11190.000 0.355
11195.000 0.352
11200.000 0.347
11205.000 0.346
11210.000 0.342
11215.000 0.343
11220.000 0.340
11225.000 0.338
11230.000 0.337
11235.000 0.335
11240.000 0.331
11245.000 0.330
11250.000 0.333
11255.000 0.328
11260.000 0.329
11265.000 0.327
11270.000 0.327
11275.000 0.326
11280.000 0.324
11285.000 0.324
11290.000 0.323
11295.000 0.322
11300.000 0.320
11305.000 0.316
11310.000 0.316
11315.000 0.314
11320.000 0.316
11325.000 0.311
11330.000 0.314
11335.000 0.312
11340.000 0.309
11345.000 0.306
11350.000 0.310
11355.000 0.308
11360.000 0.307
11365.000 0.306
11370.000 0.304
11375.000 0.304
11380.000 0.306
11385.000 0.305
11390.000 0.305
11395.000 0.305
11400.000 0.303
11405.000 0.302
11410.000 0.301
11415.000 0.304
11420.000 0.302
11425.000 0.302
11430.000 0.308
11435.000 0.304
11440.000 0.304
11445.000 0.302
11450.000 0.300
11455.000 0.298
11460.000 0.298
11465.000 0.298
11470.000 0.295
11475.000 0.292
11480.000 0.292
11485.000 0.292
11490.000 0.293
11495.000 0.294
11500.000 0.291
11505.000 0.289
11510.000 0.290
11515.000 0.290
11520.000 0.288
11525.000 0.288
11530.000 0.288
11535.000 0.288
11540.000 0.286
11545.000 0.284
11550.000 0.285
11555.000 0.285
11560.000 0.286
11565.000 0.283
11570.000 0.284
11575.000 0.283
11580.000 0.281
11585.000 0.281
11590.000 0.284
11595.000 0.285
11600.000 0.283
11605.000 0.282
11610.000 0.285
11615.000 0.282
11620.000 0.282
11625.000 0.281
11630.000 0.283
11635.000 0.284
11640.000 0.282
11645.000 0.281
11650.000 0.282
11655.000 0.282
11660.000 0.282
11665.000 0.281
11670.000 0.278
11675.000 0.276
11680.000 0.277
11685.000 0.275
11690.000 0.280
11695.000 0.277
11700.000 0.264
11705.000 0.265
11710.000 0.265
11715.000 0.265
11720.000 0.266
11725.000 0.271
11730.000 0.273
11735.000 0.270
11740.000 0.271
11745.000 0.276
11750.000 0.274
11755.000 0.277
11760.000 0.277
11765.000 0.275
11770.000 0.272
11775.000 0.268
11780.000 0.269
11785.000 0.267
11790.000 0.270
11795.000 0.269
11800.000 0.266
11805.000 0.268
11810.000 0.270
11815.000 0.269
11820.000 0.267
11825.000 0.264
11830.000 0.266
11835.000 0.267
11840.000 0.267
11845.000 0.268
11850.000 0.266
11855.000 0.264
11860.000 0.267
11865.000 0.268
11870.000 0.270
11875.000 0.268
11880.000 0.269
11885.000 0.267
11890.000 0.263
11895.000 0.265
11900.000 0.264
11905.000 0.264
11910.000 0.265
11915.000 0.261
11920.000 0.261
11925.000 0.265
11930.000 0.262
11935.000 0.264
11940.000 0.262
11945.000 0.263
11955.000 0.265
11960.000 0.263
11965.000 0.261
11970.000 0.264
11975.000 0.260
11985.000 0.273
11990.000 0.268
11995.000 0.271
12000.000 0.263
