105.000 0.074
110.000 0.066
115.000 2.740
120.000 3.412
125.000 3.472
130.000 4.190
135.000 4.190
140.000 4.271
145.000 4.392
150.000 4.490
155.000 4.603
160.000 4.804
165.000 5.129
170.000 5.258
175.000 5.457
180.000 5.886
185.000 6.200
190.000 6.741
195.000 7.268
200.000 7.505
205.000 8.354
210.000 8.596
215.000 9.391
220.000 10.218
225.000 10.381
230.000 10.956
235.000 10.909
240.000 11.096
245.000 11.026
250.000 11.645
255.000 12.949
260.000 14.011
265.000 16.941
270.000 20.961
275.000 23.225
280.000 28.927
285.000 32.172
290.000 39.732
295.000 47.425
300.000 50.072
305.000 49.182
310.000 43.609
315.000 32.294
320.000 26.354
325.000 23.874
330.000 20.658
335.000 19.499
340.000 17.361
345.000 16.060
350.000 15.431
355.000 14.584
360.000 14.277
365.000 14.002
370.000 14.178
375.000 14.331
380.000 15.021
385.000 15.570
390.000 16.952
395.000 18.392
400.000 19.172
405.000 20.739
410.000 21.588
415.000 23.368
420.000 24.840
425.000 25.505
430.000 26.695
435.000 27.171
440.000 28.051
445.000 28.470
450.000 28.568
455.000 28.539
460.000 28.309
465.000 27.589
470.000 27.009
475.000 25.696
480.000 24.121
485.000 23.402
490.000 21.735
495.000 20.250
500.000 19.532
505.000 18.591
510.000 18.095
515.000 17.506
520.000 17.188
525.000 17.209
530.000 17.553
535.000 17.925
540.000 19.009
545.000 20.348
550.000 22.397
555.000 25.937
560.000 28.335
565.000 34.827
570.000 39.185
575.000 50.118
580.000 61.697
585.000 65.743
590.000 62.615
595.000 49.672
600.000 26.451
605.000 17.681
610.000 14.925
615.000 11.029
620.000 9.618
625.000 7.607
630.000 6.241
635.000 5.633
640.000 4.635
645.000 4.279
650.000 3.628
655.000 3.171
660.000 2.950
665.000 2.629
670.000 2.473
675.000 2.219
680.000 2.034
685.000 1.955
690.000 1.836
695.000 1.748
700.000 1.638
705.000 1.554
710.000 1.509
715.000 1.437
720.000 1.410
725.000 1.346
730.000 1.316
735.000 1.300
740.000 1.266
745.000 1.252
750.000 1.237
755.000 1.218
760.000 1.216
765.000 1.211
770.000 1.217
775.000 1.235
780.000 1.262
785.000 1.268
790.000 1.309
795.000 1.325
800.000 1.378
805.000 1.439
810.000 1.483
815.000 1.582
820.000 1.642
825.000 1.804
830.000 2.043
835.000 2.206
840.000 2.683
845.000 3.000
850.000 3.957
855.000 4.726
860.000 7.239
865.000 10.862
870.000 11.669
875.000 8.222
880.000 5.875
885.000 3.595
890.000 2.445
895.000 2.082
900.000 1.564
905.000 1.373
910.000 1.085
915.000 0.888
920.000 0.806
925.000 0.674
930.000 0.577
935.000 0.538
940.000 0.469
945.000 0.442
950.000 0.391
955.000 0.349
960.000 0.327
965.000 0.297
970.000 0.284
975.000 0.261
980.000 0.239
985.000 0.232
990.000 0.210
995.000 0.208
1000.000 0.189
1005.000 0.184
1010.000 0.180
1015.000 0.176
1020.000 0.164
1025.000 0.169
1030.000 0.165
1035.000 0.168
1040.000 0.167
1045.000 0.166
1050.000 0.173
1055.000 0.175
1060.000 0.173
1065.000 0.181
1070.000 0.189
1075.000 0.203
1080.000 0.225
1085.000 0.239
1090.000 0.267
1095.000 0.288
1100.000 0.339
1105.000 0.406
1110.000 0.450
1115.000 0.574
1120.000 0.661
1125.000 0.948
1130.000 1.463
1135.000 1.884
1140.000 2.781
1145.000 3.285
1150.000 3.929
1155.000 3.725
1160.000 2.544
1165.000 1.867
1170.000 1.634
1175.000 1.309
1180.000 1.178
1185.000 0.989
1190.000 0.860
1195.000 0.809
1200.000 0.728
1205.000 0.691
1210.000 0.640
1215.000 0.608
1220.000 0.597
1225.000 0.573
1230.000 0.568
1235.000 0.559
1240.000 0.549
1245.000 0.547
1250.000 0.542
1255.000 0.540
1260.000 0.540
1265.000 0.541
1270.000 0.545
1275.000 0.550
1280.000 0.556
1285.000 0.563
1290.000 0.571
1295.000 0.575
1300.000 0.594
1305.000 0.603
1310.000 0.624
1315.000 0.650
1320.000 0.662
1325.000 0.694
1330.000 0.707
1335.000 0.744
1340.000 0.791
1345.000 0.821
1350.000 0.878
1355.000 0.912
1360.000 0.998
1365.000 1.106
1370.000 1.173
1375.000 1.340
1380.000 1.448
1385.000 1.733
1390.000 2.144
1395.000 2.428
1400.000 3.232
1405.000 3.788
1410.000 5.297
1415.000 7.472
1420.000 8.849
1425.000 11.571
1430.000 11.942
1435.000 8.950
1440.000 7.133
1445.000 4.823
1450.000 3.482
1455.000 3.010
1460.000 2.354
1465.000 2.117
1470.000 1.755
1475.000 1.502
1480.000 1.402
1485.000 1.252
1490.000 1.197
1495.000 1.109
1500.000 1.052
1505.000 1.028
1510.000 0.975
1515.000 0.948
1520.000 0.907
1525.000 0.874
1530.000 0.855
1535.000 0.837
1540.000 0.819
1545.000 0.811
1550.000 0.801
1555.000 0.802
1560.000 0.800
1565.000 0.800
1570.000 0.811
1575.000 0.833
1580.000 0.835
1585.000 0.859
1590.000 0.870
1595.000 0.903
1600.000 0.929
1605.000 0.944
1610.000 0.978
1615.000 0.996
1620.000 1.039
1625.000 1.090
1630.000 1.113
1635.000 1.182
1640.000 1.222
1645.000 1.319
1650.000 1.465
1655.000 1.572
1660.000 1.874
1665.000 2.091
1670.000 2.749
1675.000 3.863
1680.000 4.650
1685.000 6.764
1690.000 8.105
1695.000 11.278
1700.000 14.413
1705.000 15.089
1710.000 13.290
1715.000 11.547
1720.000 8.655
1725.000 6.648
1730.000 5.816
1735.000 4.687
1740.000 4.252
1745.000 3.577
1750.000 3.090
1755.000 2.906
1760.000 2.612
1765.000 2.494
1770.000 2.316
1775.000 2.223
1780.000 2.186
1785.000 2.129
1790.000 2.108
1795.000 2.066
1800.000 2.044
1805.000 2.035
1810.000 2.013
1815.000 2.021
1820.000 2.028
1825.000 2.037
1830.000 2.043
1835.000 2.052
1840.000 2.076
1845.000 2.122
1850.000 2.175
1855.000 2.203
1860.000 2.259
1865.000 2.307
1870.000 2.398
1875.000 2.506
1880.000 2.565
1885.000 2.703
1890.000 2.785
1895.000 2.975
1900.000 3.227
1905.000 3.374
1910.000 3.737
1915.000 3.969
1920.000 4.559
1925.000 5.363
1930.000 5.888
1935.000 7.286
1940.000 8.208
1945.000 10.646
1950.000 13.854
1955.000 15.632
1960.000 18.804
1965.000 19.690
1970.000 18.956
1975.000 15.049
1980.000 13.047
1985.000 9.828
1990.000 8.549
1995.000 6.632
2000.000 5.355
2005.000 4.859
2010.000 4.102
2015.000 3.819
2020.000 3.399
2025.000 3.119
2030.000 2.972
2035.000 2.783
2040.000 2.696
2045.000 2.542
2050.000 2.474
2055.000 2.355
2060.000 2.264
2065.000 2.224
2070.000 2.159
2075.000 2.126
2080.000 2.080
2085.000 2.042
2090.000 2.030
2095.000 2.010
2100.000 2.004
2105.000 2.000
2110.000 2.027
2115.000 2.037
2120.000 2.062
2125.000 2.085
2130.000 2.134
2135.000 2.204
2140.000 2.241
2145.000 2.340
2150.000 2.408
2155.000 2.542
2160.000 2.728
2165.000 2.845
2170.000 3.143
2175.000 3.335
2180.000 3.865
2185.000 4.642
2190.000 5.173
2195.000 6.621
2200.000 7.578
2205.000 9.917
2210.000 12.397
2215.000 13.358
2220.000 13.703
2225.000 12.785
2230.000 9.654
2235.000 6.939
2240.000 5.949
2245.000 4.520
2250.000 4.005
2255.000 3.233
2260.000 2.697
2265.000 2.488
2270.000 2.197
2275.000 2.092
2280.000 1.915
2285.000 1.768
2290.000 1.710
2295.000 1.600
2300.000 1.559
2305.000 1.454
2310.000 1.353
2315.000 1.312
2320.000 1.246
2325.000 1.214
2330.000 1.170
2335.000 1.146
2340.000 1.142
2345.000 1.129
2350.000 1.135
2355.000 1.156
2360.000 1.194
2365.000 1.222
2370.000 1.300
2375.000 1.356
2380.000 1.498
2385.000 1.652
2390.000 1.759
2395.000 2.067
2400.000 2.307
2405.000 2.982
2410.000 3.880
2415.000 4.330
2420.000 4.339
2425.000 3.751
2430.000 2.331
2435.000 1.463
2440.000 1.193
2445.000 0.825
2450.000 0.698
2455.000 0.520
2460.000 0.398
2465.000 0.350
2470.000 0.275
2475.000 0.249
2480.000 0.205
2485.000 0.171
2490.000 0.160
2495.000 0.138
2500.000 0.130
2505.000 0.117
2510.000 0.110
2515.000 0.107
2520.000 0.104
2525.000 0.105
2530.000 0.103
2535.000 0.102
2540.000 0.102
2545.000 0.104
2550.000 0.104
2555.000 0.105
2560.000 0.107
2565.000 0.104
2570.000 0.106
2575.000 0.109
2580.000 0.111
2585.000 0.111
2590.000 0.112
2595.000 0.112
2600.000 0.115
2605.000 0.115
2610.000 0.117
2615.000 0.116
2620.000 0.118
2625.000 0.118
2630.000 0.120
2635.000 0.120
2640.000 0.122
2645.000 0.120
2650.000 0.123
2655.000 0.124
2660.000 0.126
2665.000 0.124
2670.000 0.127
2675.000 0.127
2680.000 0.127
2685.000 0.127
2690.000 0.128
2695.000 0.129
2700.000 0.130
2705.000 0.130
2710.000 0.130
2715.000 0.131
2720.000 0.133
2725.000 0.134
2730.000 0.133
2735.000 0.133
2740.000 0.135
2745.000 0.136
2750.000 0.134
2755.000 0.136
2760.000 0.136
2765.000 0.138
2770.000 0.139
2775.000 0.139
2780.000 0.139
2785.000 0.138
2790.000 0.138
2795.000 0.137
2800.000 0.137
2805.000 0.137
2810.000 0.140
2815.000 0.138
2820.000 0.140
2825.000 0.137
2830.000 0.138
2835.000 0.142
2840.000 0.140
2845.000 0.138
2850.000 0.140
2855.000 0.140
2860.000 0.140
2865.000 0.143
2870.000 0.141
2875.000 0.139
2880.000 0.140
2885.000 0.142
2890.000 0.142
2895.000 0.143
2900.000 0.140
2905.000 0.141
2910.000 0.143
2915.000 0.142
2920.000 0.143
2925.000 0.142
2930.000 0.143
2935.000 0.145
2940.000 0.140
2945.000 0.142
2950.000 0.145
2955.000 0.146
2960.000 0.145
2965.000 0.147
2970.000 0.142
2975.000 0.142
2980.000 0.141
2985.000 0.141
2990.000 0.150
2995.000 0.151
3000.000 0.144
3005.000 0.147
3010.000 0.151
3015.000 0.144
3020.000 0.151
3025.000 0.148
3030.000 0.144
3035.000 0.154
3040.000 0.148
3045.000 0.153
3050.000 0.150
3055.000 0.146
3060.000 0.150
3065.000 0.143
3070.000 0.150
3075.000 0.149
3080.000 0.146
3085.000 0.144
3090.000 0.144
3095.000 0.145
3100.000 0.146
3105.000 0.146
3110.000 0.149
3115.000 0.146
3120.000 0.146
3125.000 0.148
3130.000 0.148
3135.000 0.150
3140.000 0.149
3145.000 0.148
3150.000 0.148
3155.000 0.149
3160.000 0.149
3165.000 0.151
3170.000 0.152
3175.000 0.155
3180.000 0.153
3185.000 0.155
3190.000 0.159
3195.000 0.160
3200.000 0.161
3205.000 0.163
3210.000 0.166
3215.000 0.170
3220.000 0.173
3225.000 0.182
3230.000 0.190
3235.000 0.195
3240.000 0.209
3245.000 0.215
3250.000 0.231
3255.000 0.251
3260.000 0.264
3265.000 0.296
3270.000 0.313
3275.000 0.361
3280.000 0.422
3285.000 0.466
3290.000 0.581
3295.000 0.661
3300.000 0.915
3305.000 1.378
3310.000 1.753
3315.000 2.843
3320.000 3.547
3325.000 5.195
3330.000 7.368
3335.000 8.618
3340.000 10.684
3345.000 10.951
3350.000 9.509
3355.000 7.610
3360.000 6.959
3365.000 6.011
3370.000 5.652
3375.000 5.105
3380.000 4.751
3385.000 4.638
3390.000 4.582
3395.000 4.640
3400.000 4.935
3405.000 5.560
3410.000 5.992
3415.000 7.148
3420.000 7.919
3425.000 9.899
3430.000 12.289
3435.000 13.407
3440.000 14.408
3445.000 13.856
3450.000 10.598
3455.000 7.282
3460.000 6.067
3465.000 4.349
3470.000 3.749
3475.000 2.920
3480.000 2.372
3485.000 2.170
3490.000 1.857
3495.000 1.740
3500.000 1.575
3505.000 1.476
3510.000 1.438
3515.000 1.383
3520.000 1.369
3525.000 1.341
3530.000 1.324
3535.000 1.328
3540.000 1.335
3545.000 1.343
3550.000 1.371
3555.000 1.411
3560.000 1.441
3565.000 1.512
3570.000 1.554
3575.000 1.665
3580.000 1.834
3585.000 1.932
3590.000 2.194
3595.000 2.376
3600.000 2.912
3605.000 3.754
3610.000 4.423
3615.000 6.280
3620.000 7.456
3625.000 10.126
3630.000 12.152
3635.000 12.353
3640.000 10.346
3645.000 8.673
3650.000 5.890
3655.000 4.142
3660.000 3.558
3665.000 2.733
3670.000 2.437
3675.000 1.995
3680.000 1.693
3685.000 1.580
3690.000 1.433
3695.000 1.380
3700.000 1.282
3705.000 1.203
3710.000 1.173
3715.000 1.108
3720.000 1.080
3725.000 1.032
3730.000 0.992
3735.000 0.977
3740.000 0.956
3745.000 0.947
3750.000 0.933
3755.000 0.938
3760.000 0.939
3765.000 0.941
3770.000 0.952
3775.000 0.975
3780.000 0.997
3785.000 1.011
3790.000 1.059
3795.000 1.085
3800.000 1.153
3805.000 1.229
3810.000 1.277
3815.000 1.385
3820.000 1.459
3825.000 1.650
3830.000 1.783
3835.000 2.150
3840.000 2.741
3845.000 3.156
3850.000 4.345
3855.000 5.142
3860.000 6.979
3865.000 8.295
3870.000 8.316
3875.000 6.899
3880.000 5.698
3885.000 3.814
3890.000 2.686
3895.000 2.306
3900.000 1.775
3905.000 1.584
3910.000 1.293
3915.000 1.098
3920.000 1.024
3925.000 0.918
3930.000 0.872
3935.000 0.794
3940.000 0.747
3945.000 0.723
3950.000 0.676
3955.000 0.656
3960.000 0.636
3965.000 0.612
3970.000 0.604
3975.000 0.586
3980.000 0.581
3985.000 0.567
3990.000 0.573
3995.000 0.566
4000.000 0.576
4005.000 0.569
4010.000 0.574
4015.000 0.595
4020.000 0.611
4025.000 0.645
4030.000 0.656
4035.000 0.670
4040.000 0.711
4045.000 0.757
4050.000 0.817
4055.000 0.856
4060.000 0.953
4065.000 1.077
4070.000 1.175
4075.000 1.412
4080.000 1.561
4085.000 1.991
4090.000 2.702
4095.000 3.232
4100.000 4.644
4105.000 5.423
4110.000 6.894
4115.000 7.214
4120.000 6.529
4125.000 4.837
4130.000 3.997
4135.000 2.780
4140.000 2.052
4145.000 1.796
4150.000 1.437
4155.000 1.301
4160.000 1.094
4165.000 0.950
4170.000 0.895
4175.000 0.827
4180.000 0.796
4185.000 0.738
4190.000 0.691
4195.000 0.674
4200.000 0.640
4205.000 0.623
4210.000 0.599
4215.000 0.580
4220.000 0.570
4225.000 0.558
4230.000 0.555
4235.000 0.541
4240.000 0.535
4245.000 0.534
4250.000 0.529
4255.000 0.532
4260.000 0.529
4265.000 0.527
4270.000 0.529
4275.000 0.539
4280.000 0.541
4285.000 0.558
4290.000 0.576
4295.000 0.589
4300.000 0.621
4305.000 0.647
4310.000 0.713
4315.000 0.780
4320.000 0.824
4325.000 0.950
4330.000 1.038
4335.000 1.298
4340.000 1.679
4345.000 1.932
4350.000 2.561
4355.000 2.894
4360.000 3.270
4365.000 2.838
4370.000 2.415
4375.000 1.657
4380.000 1.379
4385.000 0.999
4390.000 0.782
4395.000 0.689
4400.000 0.556
4405.000 0.503
4410.000 0.430
4415.000 0.403
4420.000 0.364
4425.000 0.325
4430.000 0.310
4435.000 0.281
4440.000 0.270
4445.000 0.249
4450.000 0.235
4455.000 0.232
4460.000 0.222
4465.000 0.220
4470.000 0.214
4475.000 0.217
4480.000 0.218
4485.000 0.217
4490.000 0.216
4495.000 0.220
4500.000 0.226
4505.000 0.234
4510.000 0.245
4515.000 0.252
4520.000 0.276
4525.000 0.302
4530.000 0.315
4535.000 0.341
4540.000 0.357
4545.000 0.405
4550.000 0.462
4555.000 0.506
4560.000 0.617
4565.000 0.700
4570.000 0.927
4575.000 1.305
4580.000 1.578
4585.000 2.343
4590.000 2.814
4595.000 3.760
4600.000 4.348
4605.000 4.332
4610.000 3.614
4615.000 3.121
4620.000 2.302
4625.000 1.740
4630.000 1.537
4635.000 1.220
4640.000 1.108
4645.000 0.940
4650.000 0.811
4655.000 0.766
4660.000 0.697
4665.000 0.686
4670.000 0.647
4675.000 0.612
4680.000 0.596
4685.000 0.571
4690.000 0.558
4695.000 0.543
4700.000 0.526
4705.000 0.522
4710.000 0.510
4715.000 0.505
4720.000 0.494
4725.000 0.490
4730.000 0.487
4735.000 0.486
4740.000 0.499
4745.000 0.500
4750.000 0.497
4755.000 0.498
4760.000 0.505
4765.000 0.509
4770.000 0.528
4775.000 0.543
4780.000 0.568
4785.000 0.598
4790.000 0.616
4795.000 0.676
4800.000 0.714
4805.000 0.837
4810.000 0.985
4815.000 1.056
4820.000 1.101
4825.000 1.041
4830.000 0.821
4835.000 0.572
4840.000 0.472
4845.000 0.336
4850.000 0.287
4855.000 0.219
4860.000 0.168
4865.000 0.146
4870.000 0.115
4875.000 0.104
4880.000 0.086
4885.000 0.072
4890.000 0.068
4895.000 0.061
4900.000 0.062
4905.000 0.059
4910.000 0.060
4915.000 0.062
4920.000 0.066
4925.000 0.071
4930.000 0.080
4935.000 0.093
4940.000 0.103
4945.000 0.121
4950.000 0.135
4955.000 0.176
4960.000 0.225
4965.000 0.266
4970.000 0.380
4975.000 0.463
4980.000 0.681
4985.000 0.932
4990.000 1.148
4995.000 1.627
5000.000 1.959
5005.000 2.669
5010.000 3.248
5015.000 3.404
5020.000 3.318
5025.000 3.051
5030.000 2.550
5035.000 2.185
5040.000 1.999
5045.000 1.683
5050.000 1.554
5055.000 1.294
5060.000 1.110
5065.000 1.041
5070.000 0.920
5075.000 0.877
5080.000 0.794
5085.000 0.726
5090.000 0.707
5095.000 0.673
5100.000 0.670
5105.000 0.667
5110.000 0.687
5115.000 0.689
5120.000 0.717
5125.000 0.737
5130.000 0.764
5135.000 0.799
5140.000 0.801
5145.000 0.766
5150.000 0.710
5155.000 0.518
5160.000 0.305
5165.000 0.222
5170.000 0.100
5175.000 0.060
5180.000 0.027
5185.000 0.054
5190.000 0.067
5195.000 0.090
5200.000 0.098
5205.000 0.114
5210.000 0.131
5215.000 0.139
5220.000 0.152
5225.000 0.160
5230.000 0.171
5235.000 0.179
5240.000 0.187
5245.000 0.193
5250.000 0.196
5255.000 0.203
5260.000 0.207
5265.000 0.209
5270.000 0.210
5275.000 0.208
5280.000 0.204
5285.000 0.202
5290.000 0.202
5295.000 0.205
5300.000 0.205
5305.000 0.204
5310.000 0.205
5315.000 0.208
5320.000 0.209
5325.000 0.210
5330.000 0.209
5335.000 0.208
5340.000 0.213
5345.000 0.215
5350.000 0.214
5355.000 0.211
5360.000 0.214
5365.000 0.217
5370.000 0.217
5375.000 0.212
5380.000 0.213
5385.000 0.212
5390.000 0.215
5395.000 0.215
5400.000 0.215
5405.000 0.215
5410.000 0.213
5415.000 0.210
5420.000 0.211
5425.000 0.212
5430.000 0.213
5435.000 0.215
5440.000 0.216
5445.000 0.215
5450.000 0.215
5455.000 0.216
5460.000 0.219
5465.000 0.222
5470.000 0.219
5475.000 0.218
5480.000 0.218
5485.000 0.219
5490.000 0.219
5495.000 0.222
5500.000 0.220
5505.000 0.222
5510.000 0.222
5515.000 0.220
5520.000 0.224
5525.000 0.226
5530.000 0.228
5535.000 0.228
5540.000 0.226
5545.000 0.221
5550.000 0.222
5555.000 0.222
5560.000 0.221
5565.000 0.227
5570.000 0.222
5575.000 0.221
5580.000 0.222
5585.000 0.223
5590.000 0.224
5595.000 0.221
5600.000 0.224
5605.000 0.220
5610.000 0.223
5615.000 0.222
5620.000 0.221
5625.000 0.222
5630.000 0.223
5635.000 0.222
5640.000 0.220
5645.000 0.221
5650.000 0.227
5655.000 0.226
5660.000 0.225
5665.000 0.224
5670.000 0.225
5675.000 0.227
5680.000 0.223
5685.000 0.225
5690.000 0.230
5695.000 0.229
5700.000 0.227
5705.000 0.227
5710.000 0.230
5715.000 0.229
5720.000 0.228
5725.000 0.231
5730.000 0.228
5735.000 0.227
5740.000 0.229
5745.000 0.230
5750.000 0.226
5755.000 0.230
5760.000 0.228
5765.000 0.227
5770.000 0.227
5775.000 0.228
5780.000 0.226
5785.000 0.228
5790.000 0.231
5795.000 0.234
5800.000 0.230
5805.000 0.228
5810.000 0.230
5815.000 0.228
5820.000 0.231
5825.000 0.225
5830.000 0.227
5835.000 0.228
5840.000 0.233
5845.000 0.233
5850.000 0.238
5855.000 0.232
5860.000 0.228
5865.000 0.234
5870.000 0.237
5875.000 0.240
5880.000 0.233
5885.000 0.235
5890.000 0.233
5895.000 0.235
5900.000 0.235
5905.000 0.234
5910.000 0.234
5915.000 0.233
5920.000 0.232
5925.000 0.233
5930.000 0.232
5935.000 0.235
5940.000 0.230
5945.000 0.228
5950.000 0.236
5955.000 0.237
5960.000 0.234
5965.000 0.233
5970.000 0.241
5975.000 0.234
5980.000 0.237
5985.000 0.242
5990.000 0.234
5995.000 0.243
6000.000 0.252
6005.000 0.231
6010.000 0.233
6015.000 0.233
6020.000 0.248
6025.000 0.236
6030.000 0.241
6035.000 0.234
6040.000 0.241
6045.000 0.240
6050.000 0.233
6055.000 0.247
6060.000 0.246
6065.000 0.243
6070.000 0.240
6075.000 0.241
6080.000 0.243
6085.000 0.241
6090.000 0.243
6095.000 0.244
6100.000 0.246
6105.000 0.243
6110.000 0.240
6115.000 0.240
6120.000 0.241
6125.000 0.242
6130.000 0.243
6135.000 0.242
6140.000 0.241
6145.000 0.243
6150.000 0.245
6155.000 0.246
6160.000 0.243
6165.000 0.241
6170.000 0.245
6175.000 0.247
6180.000 0.245
6185.000 0.245
6190.000 0.243
6195.000 0.242
6200.000 0.241
6205.000 0.246
6210.000 0.245
6215.000 0.245
6220.000 0.245
6225.000 0.244
6230.000 0.245
6235.000 0.246
6240.000 0.245
6245.000 0.244
6250.000 0.247
6255.000 0.249
6260.000 0.249
6265.000 0.244
6270.000 0.246
6275.000 0.243
6280.000 0.243
6285.000 0.244
6290.000 0.242
6295.000 0.246
6300.000 0.245
6305.000 0.245
6310.000 0.239
6315.000 0.257
6320.000 0.255
6325.000 0.256
6330.000 0.253
6335.000 0.247
6340.000 0.245
6345.000 0.245
6350.000 0.250
6355.000 0.249
6360.000 0.249
6365.000 0.249
6370.000 0.250
6375.000 0.248
6380.000 0.247
6385.000 0.246
6390.000 0.253
6395.000 0.254
6400.000 0.252
6405.000 0.251
6410.000 0.253
6415.000 0.251
6420.000 0.249
6425.000 0.251
6430.000 0.253
6435.000 0.253
6440.000 0.250
6445.000 0.251
6450.000 0.250
6455.000 0.254
6460.000 0.256
6465.000 0.253
6470.000 0.271
6475.000 0.268
6480.000 0.267
6485.000 0.264
6490.000 0.260
6495.000 0.263
6500.000 0.271
6505.000 0.270
6510.000 0.272
6515.000 0.270
6520.000 0.269
6525.000 0.269
6530.000 0.268
6535.000 0.273
6540.000 0.277
6545.000 0.279
6550.000 0.291
6555.000 0.289
6560.000 0.292
6565.000 0.302
6570.000 0.305
6575.000 0.315
6580.000 0.324
6585.000 0.345
6590.000 0.371
6595.000 0.390
6600.000 0.439
6605.000 0.479
6610.000 0.574
6615.000 0.746
6620.000 0.872
6625.000 1.256
6630.000 1.530
6635.000 2.278
6640.000 3.303
6645.000 3.804
6650.000 4.446
6655.000 4.428
6660.000 3.862
6665.000 3.267
6670.000 3.045
6675.000 2.756
6680.000 2.687
6685.000 2.693
6690.000 2.922
6695.000 3.145
6700.000 3.848
6705.000 4.321
6710.000 5.545
6715.000 6.628
6720.000 6.938
6725.000 6.708
6730.000 6.066
6735.000 4.601
6740.000 3.503
6745.000 3.095
6750.000 2.492
6755.000 2.280
6760.000 1.973
6765.000 1.795
6770.000 1.726
6775.000 1.627
6780.000 1.594
6785.000 1.585
6790.000 1.626
6795.000 1.657
6800.000 1.745
6805.000 1.796
6810.000 1.942
6815.000 2.197
6820.000 2.351
6825.000 2.788
6830.000 3.083
6835.000 3.976
6840.000 5.181
6845.000 5.833
6850.000 6.848
6855.000 7.000
6860.000 6.194
6865.000 4.680
6870.000 3.995
6875.000 2.993
6880.000 2.630
6885.000 2.101
6890.000 1.754
6895.000 1.627
6900.000 1.474
6905.000 1.404
6910.000 1.287
6915.000 1.203
6920.000 1.168
6925.000 1.121
6930.000 1.097
6935.000 1.070
6940.000 1.057
6945.000 1.052
6950.000 1.053
6955.000 1.058
6960.000 1.087
6965.000 1.122
6970.000 1.135
6975.000 1.204
6980.000 1.250
6985.000 1.347
6990.000 1.511
6995.000 1.614
7000.000 1.931
7005.000 2.131
7010.000 2.701
7015.000 3.533
7020.000 4.064
7025.000 5.140
7030.000 5.613
7035.000 5.769
7040.000 4.927
7045.000 4.309
7050.000 3.221
7055.000 2.814
7060.000 2.209
7065.000 1.817
7070.000 1.666
7075.000 1.456
7080.000 1.372
7085.000 1.257
7090.000 1.219
7095.000 1.150
7100.000 1.096
7105.000 1.074
7110.000 1.048
7115.000 1.031
7120.000 1.017
7125.000 1.009
7130.000 1.006
7135.000 1.008
7140.000 1.013
7145.000 1.025
7150.000 1.042
7155.000 1.058
7160.000 1.098
7165.000 1.117
7170.000 1.173
7175.000 1.247
7180.000 1.289
7185.000 1.386
7190.000 1.455
7195.000 1.642
7200.000 1.890
7205.000 2.054
7210.000 2.495
7215.000 2.785
7220.000 3.494
7225.000 4.227
7230.000 4.495
7235.000 4.615
7240.000 4.344
7245.000 3.455
7250.000 2.609
7255.000 2.280
7260.000 1.784
7265.000 1.606
7270.000 1.336
7275.000 1.151
7280.000 1.085
7285.000 0.972
7290.000 0.922
7295.000 0.851
7300.000 0.789
7305.000 0.764
7310.000 0.715
7315.000 0.700
7320.000 0.672
7325.000 0.647
7330.000 0.646
7335.000 0.638
7340.000 0.638
7345.000 0.625
7350.000 0.628
7355.000 0.633
7360.000 0.650
7365.000 0.680
7370.000 0.714
7375.000 0.729
7380.000 0.741
7385.000 0.779
7390.000 0.807
7395.000 0.878
7400.000 0.987
7405.000 1.061
7410.000 1.255
7415.000 1.389
7420.000 1.744
7425.000 2.255
7430.000 2.553
7435.000 3.126
7440.000 3.396
7445.000 3.545
7450.000 3.039
7455.000 2.698
7460.000 2.087
7465.000 1.844
7470.000 1.476
7475.000 1.225
7480.000 1.133
7485.000 0.996
7490.000 0.944
7495.000 0.878
7500.000 0.824
7505.000 0.806
7510.000 0.770
7515.000 0.760
7520.000 0.748
7525.000 0.729
7530.000 0.720
7535.000 0.710
7540.000 0.707
7545.000 0.707
7550.000 0.711
7555.000 0.724
7560.000 0.731
7565.000 0.742
7570.000 0.767
7575.000 0.789
7580.000 0.801
7585.000 0.840
7590.000 0.861
7595.000 0.918
7600.000 0.987
7605.000 1.030
7610.000 1.146
7615.000 1.226
7620.000 1.426
7625.000 1.695
7630.000 1.838
7635.000 2.160
7640.000 2.289
7645.000 2.408
7650.000 2.145
7655.000 1.926
7660.000 1.496
7665.000 1.318
7670.000 1.049
7675.000 0.936
7680.000 0.788
7685.000 0.708
7690.000 0.678
7695.000 0.591
7700.000 0.558
7705.000 0.500
7710.000 0.458
7715.000 0.439
7720.000 0.405
7725.000 0.395
7730.000 0.369
7735.000 0.348
7740.000 0.337
7745.000 0.323
7750.000 0.318
7755.000 0.308
7760.000 0.305
7765.000 0.305
7770.000 0.312
7775.000 0.320
7780.000 0.326
7785.000 0.352
7790.000 0.369
7795.000 0.404
7800.000 0.431
7805.000 0.494
7810.000 0.608
7815.000 0.678
7820.000 0.856
7825.000 0.976
7830.000 1.210
7835.000 1.307
7840.000 1.258
7845.000 1.063
7850.000 0.967
7855.000 0.804
7860.000 0.700
7865.000 0.655
7870.000 0.588
7875.000 0.568
7880.000 0.530
7885.000 0.509
7890.000 0.502
7895.000 0.487
7900.000 0.483
7905.000 0.478
7910.000 0.478
7915.000 0.494
7920.000 0.497
7925.000 0.499
7930.000 0.508
7935.000 0.518
7940.000 0.549
7945.000 0.562
7950.000 0.578
7955.000 0.612
7960.000 0.655
7965.000 0.677
7970.000 0.754
7975.000 0.776
7980.000 0.780
7985.000 0.758
7990.000 0.674
7995.000 0.554
8000.000 0.493
8005.000 0.434
8010.000 0.401
8015.000 0.354
8020.000 0.326
8025.000 0.323
8030.000 0.295
8035.000 0.277
8040.000 0.245
8045.000 0.219
8050.000 0.237
8055.000 0.221
8060.000 0.201
8065.000 0.168
8070.000 0.124
8075.000 0.107
8080.000 0.087
8085.000 0.085
8090.000 0.100
8095.000 0.124
8100.000 0.136
8105.000 0.168
8110.000 0.181
8115.000 0.197
8120.000 0.205
8125.000 0.210
8130.000 0.218
8135.000 0.222
8140.000 0.224
8145.000 0.226
8150.000 0.225
8155.000 0.228
8160.000 0.227
8165.000 0.226
8170.000 0.229
8175.000 0.227
8180.000 0.228
8185.000 0.233
8190.000 0.231
8195.000 0.229
8200.000 0.231
8205.000 0.231
8210.000 0.233
8215.000 0.229
8220.000 0.231
8225.000 0.231
8230.000 0.229
8235.000 0.231
8240.000 0.234
8245.000 0.235
8250.000 0.234
8255.000 0.236
8260.000 0.235
8265.000 0.235
8270.000 0.237
8275.000 0.236
8280.000 0.238
8285.000 0.237
8290.000 0.235
8295.000 0.238
8300.000 0.238
8305.000 0.236
8310.000 0.239
8315.000 0.238
8320.000 0.243
8325.000 0.240
8330.000 0.236
8335.000 0.237
8340.000 0.240
8345.000 0.241
8350.000 0.240
8355.000 0.237
8360.000 0.239
8365.000 0.238
8370.000 0.241
8375.000 0.240
8380.000 0.239
8385.000 0.242
8390.000 0.242
8395.000 0.244
8400.000 0.241
8405.000 0.240
8410.000 0.242
8415.000 0.234
8420.000 0.234
8425.000 0.236
8430.000 0.238
8435.000 0.238
8440.000 0.240
8445.000 0.237
8450.000 0.240
8455.000 0.240
8460.000 0.242
8465.000 0.237
8470.000 0.240
8475.000 0.237
8480.000 0.241
8485.000 0.242
8490.000 0.241
8495.000 0.242
8500.000 0.241
8505.000 0.240
8510.000 0.244
8515.000 0.243
8520.000 0.243
8525.000 0.242
8530.000 0.246
8535.000 0.242
8540.000 0.243
8545.000 0.246
8550.000 0.242
8555.000 0.243
8560.000 0.243
8565.000 0.241
8570.000 0.240
8575.000 0.245
8580.000 0.245
8585.000 0.243
8590.000 0.242
8595.000 0.241
8600.000 0.246
8605.000 0.242
8610.000 0.243
8615.000 0.242
8620.000 0.243
8625.000 0.243
8630.000 0.245
8635.000 0.246
8640.000 0.246
8645.000 0.246
8650.000 0.235
8655.000 0.240
8660.000 0.244
8665.000 0.249
8670.000 0.251
8675.000 0.250
8680.000 0.252
8685.000 0.252
8690.000 0.249
8695.000 0.248
8700.000 0.247
8705.000 0.249
8710.000 0.259
8715.000 0.258
8720.000 0.254
8725.000 0.248
8730.000 0.251
8735.000 0.251
8740.000 0.249
8745.000 0.249
8750.000 0.246
8755.000 0.248
8760.000 0.246
8765.000 0.250
8770.000 0.251
8775.000 0.246
8780.000 0.249
8785.000 0.231
8790.000 0.240
8795.000 0.242
8800.000 0.246
8805.000 0.245
8810.000 0.244
8815.000 0.243
8820.000 0.245
8825.000 0.253
8830.000 0.236
8835.000 0.252
8840.000 0.264
8845.000 0.257
8850.000 0.253
8855.000 0.247
8860.000 0.248
8865.000 0.251
8870.000 0.259
8875.000 0.255
8880.000 0.255
8885.000 0.257
8890.000 0.258
8895.000 0.261
8900.000 0.260
8905.000 0.255
8910.000 0.253
8915.000 0.250
8920.000 0.253
8925.000 0.249
8930.000 0.251
8935.000 0.252
8940.000 0.248
8945.000 0.251
8950.000 0.251
8955.000 0.254
8960.000 0.257
8965.000 0.255
8970.000 0.252
8975.000 0.251
8980.000 0.252
8985.000 0.250
8990.000 0.260
8995.000 0.253
9000.000 0.258
9005.000 0.257
9010.000 0.260
9015.000 0.251
9020.000 0.249
9025.000 0.256
9030.000 0.254
9035.000 0.259
9040.000 0.260
9045.000 0.258
9050.000 0.248
9055.000 0.257
9060.000 0.248
9065.000 0.251
9070.000 0.249
9075.000 0.245
9080.000 0.247
9085.000 0.246
9090.000 0.250
9095.000 0.248
9100.000 0.247
9105.000 0.253
9110.000 0.258
9115.000 0.255
9120.000 0.256
9125.000 0.257
9130.000 0.255
9135.000 0.259
9140.000 0.258
9145.000 0.249
9150.000 0.256
9155.000 0.254
9160.000 0.252
9165.000 0.252
9170.000 0.253
9175.000 0.253
9180.000 0.251
9185.000 0.250
9190.000 0.251
9195.000 0.252
9200.000 0.251
9205.000 0.255
9210.000 0.256
9215.000 0.252
9220.000 0.255
9225.000 0.257
9230.000 0.259
9235.000 0.257
9240.000 0.259
9245.000 0.255
9250.000 0.254
9255.000 0.253
9260.000 0.255
9265.000 0.255
9270.000 0.252
9275.000 0.254
9280.000 0.255
9285.000 0.254
9290.000 0.253
9295.000 0.254
9300.000 0.253
9305.000 0.255
9310.000 0.254
9315.000 0.254
9320.000 0.256
9325.000 0.251
9330.000 0.252
9335.000 0.255
9340.000 0.255
9345.000 0.256
9350.000 0.256
9355.000 0.255
9360.000 0.254
9365.000 0.252
9370.000 0.255
9375.000 0.255
9380.000 0.254
9385.000 0.255
9390.000 0.255
9395.000 0.254
9400.000 0.256
9405.000 0.253
9410.000 0.254
9415.000 0.255
9420.000 0.255
9425.000 0.254
9430.000 0.256
9435.000 0.254
9440.000 0.256
9445.000 0.257
9450.000 0.256
9455.000 0.257
9460.000 0.252
9465.000 0.255
9470.000 0.253
9475.000 0.254
9480.000 0.255
9485.000 0.254
9490.000 0.258
9495.000 0.257
9500.000 0.257
9505.000 0.257
9510.000 0.256
9515.000 0.255
9520.000 0.257
9525.000 0.257
9530.000 0.255
9535.000 0.258
9540.000 0.255
9545.000 0.259
9550.000 0.255
9555.000 0.257
9560.000 0.255
9565.000 0.256
9570.000 0.256
9575.000 0.252
9580.000 0.254
9585.000 0.257
9590.000 0.258
9595.000 0.256
9600.000 0.257
9605.000 0.257
9610.000 0.256
9615.000 0.258
9620.000 0.260
9625.000 0.260
9630.000 0.260
9635.000 0.258
9640.000 0.256
9645.000 0.257
9650.000 0.257
9655.000 0.258
9660.000 0.257
9665.000 0.259
9670.000 0.259
9675.000 0.258
9680.000 0.259
9685.000 0.260
9690.000 0.258
9695.000 0.258
9700.000 0.259
9705.000 0.257
9710.000 0.258
9715.000 0.259
9720.000 0.257
9725.000 0.262
9730.000 0.261
9735.000 0.262
9740.000 0.264
9745.000 0.264
9750.000 0.262
9755.000 0.265
9760.000 0.263
9765.000 0.262
9770.000 0.266
9775.000 0.269
9780.000 0.269
9785.000 0.271
9790.000 0.270
9795.000 0.267
9800.000 0.271
9805.000 0.268
9810.000 0.273
9815.000 0.273
9820.000 0.276
9825.000 0.276
9830.000 0.276
9835.000 0.281
9840.000 0.283
9845.000 0.289
9850.000 0.292
9855.000 0.298
9860.000 0.308
9865.000 0.317
9870.000 0.330
9875.000 0.350
9880.000 0.362
9885.000 0.390
9890.000 0.408
9895.000 0.442
9900.000 0.452
9905.000 0.439
9910.000 0.369
9915.000 0.326
9920.000 0.247
9925.000 0.202
9930.000 0.196
9935.000 0.206
9940.000 0.223
9945.000 0.293
9950.000 0.439
9955.000 0.555
9960.000 0.905
9965.000 1.130
9970.000 1.633
9975.000 2.072
9980.000 2.225
9985.000 2.280
9990.000 2.232
9995.000 2.003
10000.000 1.771
10005.000 1.644
10010.000 1.440
10015.000 1.349
10020.000 1.216
10025.000 1.105
10030.000 1.057
10035.000 0.994
10040.000 0.976
10045.000 0.949
10050.000 0.956
10055.000 0.966
10060.000 1.023
10065.000 1.060
10070.000 1.157
10075.000 1.298
10080.000 1.389
10085.000 1.569
10090.000 1.634
10095.000 1.632
10100.000 1.437
10105.000 1.303
10110.000 1.032
10115.000 0.916
10120.000 0.733
10125.000 0.594
10130.000 0.543
10135.000 0.457
10140.000 0.424
10145.000 0.374
10150.000 0.332
10155.000 0.320
10160.000 0.297
10165.000 0.289
10170.000 0.284
10175.000 0.284
10180.000 0.290
10185.000 0.301
10190.000 0.310
10195.000 0.348
10200.000 0.391
10205.000 0.421
10210.000 0.505
10215.000 0.567
10220.000 0.738
10225.000 1.004
10230.000 1.180
10235.000 1.610
10240.000 1.840
10245.000 2.232
10250.000 2.542
10255.000 2.578
10260.000 2.406
10265.000 2.242
10270.000 1.880
10275.000 1.568
10280.000 1.434
10285.000 1.222
10290.000 1.134
10295.000 0.996
10300.000 0.898
10305.000 0.859
10310.000 0.808
10315.000 0.791
10320.000 0.765
10325.000 0.756
10330.000 0.756
10335.000 0.750
10340.000 0.750
10345.000 0.759
10350.000 0.759
10355.000 0.777
10360.000 0.794
10365.000 0.806
10370.000 0.832
10375.000 0.850
10380.000 0.899
10385.000 0.952
10390.000 0.991
10395.000 1.069
10400.000 1.111
10405.000 1.209
10410.000 1.310
10415.000 1.354
10420.000 1.389
10425.000 1.369
10430.000 1.269
10435.000 1.085
10440.000 0.981
10445.000 0.791
10450.000 0.709
10455.000 0.574
10460.000 0.467
10465.000 0.424
10470.000 0.350
10475.000 0.319
10480.000 0.271
10485.000 0.232
10490.000 0.216
10495.000 0.189
10500.000 0.176
10505.000 0.157
10510.000 0.143
10515.000 0.136
10520.000 0.130
10525.000 0.131
10530.000 0.132
10535.000 0.140
10540.000 0.146
10545.000 0.168
10550.000 0.182
10555.000 0.223
10560.000 0.282
10565.000 0.314
10570.000 0.407
10575.000 0.469
10580.000 0.625
10585.000 0.722
10590.000 0.964
10595.000 1.245
10600.000 1.384
10605.000 1.639
10610.000 1.802
10615.000 1.848
10620.000 1.828
10625.000 1.766
10630.000 1.591
10635.000 1.378
10640.000 1.276
10645.000 1.087
10650.000 1.013
10655.000 0.886
10660.000 0.796
10665.000 0.757
10670.000 0.693
10675.000 0.671
10680.000 0.632
10685.000 0.610
10690.000 0.600
10695.000 0.595
10700.000 0.592
10705.000 0.593
10710.000 0.594
10715.000 0.593
10720.000 0.602
10725.000 0.603
10730.000 0.614
10735.000 0.627
10740.000 0.637
10745.000 0.650
10750.000 0.654
10755.000 0.670
10760.000 0.675
10765.000 0.672
10770.000 0.666
10775.000 0.666
10780.000 0.666
10785.000 0.673
10790.000 0.671
10795.000 0.661
10800.000 0.640
10805.000 0.566
10810.000 0.469
10815.000 0.424
10820.000 0.325
10825.000 0.282
10830.000 0.220
10835.000 0.176
10840.000 0.151
10845.000 0.120
10850.000 0.108
10855.000 0.084
10860.000 0.058
10865.000 0.045
10870.000 0.028
10875.000 0.022
10880.000 0.009
10885.000 0.010
10890.000 0.014
10895.000 0.025
10900.000 0.031
10905.000 0.046
10910.000 0.061
10915.000 0.071
10920.000 0.102
10925.000 0.124
10930.000 0.185
10935.000 0.281
10940.000 0.345
10945.000 0.506
10950.000 0.587
10955.000 0.751
10960.000 0.835
10965.000 0.975
10970.000 1.031
10975.000 1.040
10980.000 1.007
10985.000 0.982
10990.000 0.920
10995.000 0.859
11000.000 0.829
11005.000 0.786
11010.000 0.763
11015.000 0.726
11020.000 0.690
11025.000 0.679
11030.000 0.661
11035.000 0.640
11040.000 0.626
11045.000 0.620
11050.000 0.604
11055.000 0.591
11060.000 0.579
11065.000 0.565
11070.000 0.541
11075.000 0.533
11080.000 0.515
11085.000 0.502
11090.000 0.470
11095.000 0.424
11100.000 0.399
11105.000 0.334
11110.000 0.301
11115.000 0.239
11120.000 0.195
11125.000 0.179
11130.000 0.164
11135.000 0.157
11140.000 0.157
11145.000 0.157
11150.000 0.157
11155.000 0.161
11160.000 0.163
11165.000 0.167
11170.000 0.174
11175.000 0.179
11180.000 0.189
11185.000 0.198
11190.000 0.217
11195.000 0.238
11200.000 0.252
11205.000 0.263
11210.000 0.265
11215.000 0.273
11220.000 0.266
11225.000 0.266
11230.000 0.263
11235.000 0.262
11240.000 0.262
11245.000 0.260
11250.000 0.259
11255.000 0.256
11260.000 0.255
11265.000 0.258
11270.000 0.259
11275.000 0.256
11280.000 0.255
11285.000 0.254
11290.000 0.256
11295.000 0.255
11300.000 0.256
11305.000 0.255
11310.000 0.254
11315.000 0.255
11320.000 0.254
11325.000 0.253
11330.000 0.253
11335.000 0.252
11340.000 0.254
11345.000 0.254
11350.000 0.253
11355.000 0.252
11360.000 0.253
11365.000 0.252
11370.000 0.250
11375.000 0.252
11380.000 0.253
11385.000 0.254
11390.000 0.252
11395.000 0.255
11400.000 0.251
11405.000 0.249
11410.000 0.250
11415.000 0.250
11420.000 0.249
11425.000 0.249
11430.000 0.249
11435.000 0.249
11440.000 0.249
11445.000 0.247
11450.000 0.248
11455.000 0.247
11460.000 0.249
11465.000 0.247
11470.000 0.245
11475.000 0.249
11480.000 0.249
11485.000 0.246
11490.000 0.251
11495.000 0.248
11500.000 0.249
11505.000 0.250
11510.000 0.250
11515.000 0.249
11520.000 0.249
11525.000 0.252
11530.000 0.246
11535.000 0.247
11540.000 0.247
11545.000 0.245
11550.000 0.245
11555.000 0.242
11560.000 0.244
11565.000 0.245
11570.000 0.244
11575.000 0.243
11580.000 0.244
11585.000 0.244
11590.000 0.243
11595.000 0.246
11600.000 0.246
11605.000 0.244
11610.000 0.240
11615.000 0.247
11620.000 0.246
11625.000 0.246
11630.000 0.245
11635.000 0.246
11640.000 0.244
11645.000 0.250
11650.000 0.247
11655.000 0.245
11660.000 0.247
11665.000 0.247
11670.000 0.247
11675.000 0.245
11680.000 0.245
11685.000 0.245
11690.000 0.243
11695.000 0.246
11700.000 0.244
11705.000 0.242
11710.000 0.245
11715.000 0.244
11720.000 0.243
11725.000 0.243
11730.000 0.243
11735.000 0.246
11740.000 0.245
11745.000 0.242
11750.000 0.241
11755.000 0.244
11760.000 0.242
11765.000 0.243
11770.000 0.245
11775.000 0.245
11780.000 0.244
11785.000 0.244
11790.000 0.242
11795.000 0.243
11800.000 0.242
11805.000 0.237
11810.000 0.238
11815.000 0.240
11820.000 0.241
11825.000 0.239
11830.000 0.238
11835.000 0.241
11840.000 0.241
11845.000 0.239
11850.000 0.243
11855.000 0.240
11860.000 0.243
11865.000 0.240
11870.000 0.241
11875.000 0.241
11880.000 0.240
11885.000 0.239
11890.000 0.237
11895.000 0.240
11900.000 0.241
11905.000 0.240
11910.000 0.243
11915.000 0.241
11920.000 0.242
11925.000 0.243
11930.000 0.240
11935.000 0.241
11940.000 0.240
11945.000 0.240
11950.000 0.241
11955.000 0.239
11960.000 0.237
11965.000 0.240
11970.000 0.236
11975.000 0.240
11980.000 0.239
11985.000 0.238
11990.000 0.242
11995.000 0.236
12000.000 0.239
