105.000 0.060
110.000 0.056
115.000 2.236
120.000 2.656
125.000 2.631
130.000 2.685
135.000 2.818
140.000 2.667
145.000 2.595
150.000 2.658
155.000 2.511
160.000 2.570
165.000 2.517
170.000 2.438
175.000 2.390
180.000 2.391
185.000 2.380
190.000 2.417
195.000 2.458
200.000 2.499
205.000 2.651
210.000 2.689
215.000 2.860
220.000 2.960
225.000 3.081
230.000 3.214
235.000 3.279
240.000 3.357
245.000 3.433
250.000 3.619
255.000 4.005
260.000 4.275
265.000 4.908
270.000 5.262
275.000 6.296
280.000 7.487
285.000 8.106
290.000 9.666
295.000 10.533
300.000 12.297
305.000 14.288
310.000 15.246
315.000 17.479
320.000 18.883
325.000 21.733
330.000 25.684
335.000 28.111
340.000 34.324
345.000 38.043
350.000 47.671
355.000 58.040
360.000 62.816
365.000 70.873
370.000 71.924
375.000 72.052
380.000 69.002
385.000 63.902
390.000 53.123
395.000 49.466
400.000 44.809
405.000 41.947
410.000 40.878
415.000 39.596
420.000 39.035
425.000 38.050
430.000 37.059
435.000 36.517
440.000 35.176
445.000 34.250
450.000 32.221
455.000 30.995
460.000 28.111
465.000 25.233
470.000 23.783
475.000 21.099
480.000 19.818
485.000 17.454
490.000 15.312
495.000 14.380
500.000 12.621
505.000 11.823
510.000 10.438
515.000 9.266
520.000 8.738
525.000 7.833
530.000 7.442
535.000 6.785
540.000 6.198
545.000 5.946
550.000 5.494
555.000 5.300
560.000 4.965
565.000 4.700
570.000 4.570
575.000 4.354
580.000 4.274
585.000 4.105
590.000 3.972
595.000 3.931
600.000 3.824
605.000 3.807
610.000 3.740
615.000 3.717
620.000 3.721
625.000 3.748
630.000 3.777
635.000 3.841
640.000 3.952
645.000 4.050
650.000 4.257
655.000 4.338
660.000 4.534
665.000 4.755
670.000 4.886
675.000 5.241
680.000 5.473
685.000 6.119
690.000 7.092
695.000 7.765
700.000 9.669
705.000 10.923
710.000 14.980
715.000 20.528
720.000 23.811
725.000 30.189
730.000 32.014
735.000 26.567
740.000 14.680
745.000 11.775
750.000 8.152
755.000 6.957
760.000 5.316
765.000 4.284
770.000 3.872
775.000 3.209
780.000 2.939
785.000 2.534
790.000 2.213
795.000 2.069
800.000 1.817
805.000 1.717
810.000 1.534
815.000 1.385
820.000 1.320
825.000 1.193
830.000 1.139
835.000 1.048
840.000 0.972
845.000 0.934
850.000 0.877
855.000 0.851
860.000 0.802
865.000 0.762
870.000 0.739
875.000 0.707
880.000 0.689
885.000 0.665
890.000 0.639
895.000 0.629
900.000 0.607
905.000 0.598
910.000 0.579
915.000 0.562
920.000 0.561
925.000 0.546
930.000 0.540
935.000 0.532
940.000 0.523
945.000 0.519
950.000 0.510
955.000 0.516
960.000 0.516
965.000 0.511
970.000 0.512
975.000 0.509
980.000 0.514
985.000 0.514
990.000 0.528
995.000 0.547
1000.000 0.553
1005.000 0.553
1010.000 0.579
1015.000 0.609
1020.000 0.625
1025.000 0.666
1030.000 0.695
1035.000 0.725
1040.000 0.810
1045.000 0.907
1050.000 1.052
1055.000 1.146
1060.000 1.412
1065.000 1.586
1070.000 2.132
1075.000 2.956
1080.000 3.309
1085.000 2.981
1090.000 2.395
1095.000 1.540
1100.000 1.118
1105.000 0.975
1110.000 0.776
1115.000 0.704
1120.000 0.586
1125.000 0.506
1130.000 0.484
1135.000 0.434
1140.000 0.411
1145.000 0.378
1150.000 0.357
1155.000 0.346
1160.000 0.327
1165.000 0.317
1170.000 0.311
1175.000 0.300
1180.000 0.297
1185.000 0.290
1190.000 0.292
1195.000 0.289
1200.000 0.288
1205.000 0.288
1210.000 0.287
1215.000 0.289
1220.000 0.287
1225.000 0.292
1230.000 0.296
1235.000 0.299
1240.000 0.301
1245.000 0.310
1250.000 0.316
1255.000 0.320
1260.000 0.330
1265.000 0.335
1270.000 0.347
1275.000 0.357
1280.000 0.365
1285.000 0.381
1290.000 0.385
1295.000 0.406
1300.000 0.423
1305.000 0.433
1310.000 0.458
1315.000 0.468
1320.000 0.500
1325.000 0.532
1330.000 0.550
1335.000 0.594
1340.000 0.614
1345.000 0.666
1350.000 0.729
1355.000 0.765
1360.000 0.847
1365.000 0.895
1370.000 1.010
1375.000 1.179
1380.000 1.260
1385.000 1.513
1390.000 1.688
1395.000 2.211
1400.000 3.201
1405.000 3.993
1410.000 6.450
1415.000 8.169
1420.000 12.369
1425.000 15.706
1430.000 16.113
1435.000 13.100
1440.000 10.780
1445.000 7.441
1450.000 5.366
1455.000 4.628
1460.000 3.554
1465.000 3.156
1470.000 2.577
1475.000 2.177
1480.000 2.014
1485.000 1.763
1490.000 1.655
1495.000 1.484
1500.000 1.353
1505.000 1.297
1510.000 1.203
1515.000 1.163
1520.000 1.096
1525.000 1.042
1530.000 1.019
1535.000 0.980
1540.000 0.960
1545.000 0.933
1550.000 0.913
1555.000 0.903
1560.000 0.893
1565.000 0.880
1570.000 0.869
1575.000 0.855
1580.000 0.857
1585.000 0.847
1590.000 0.843
1595.000 0.840
1600.000 0.837
1605.000 0.834
1610.000 0.832
1615.000 0.828
1620.000 0.829
1625.000 0.829
1630.000 0.828
1635.000 0.828
1640.000 0.833
1645.000 0.843
1650.000 0.844
1655.000 0.857
1660.000 0.890
1665.000 0.912
1670.000 0.976
1675.000 1.022
1680.000 1.153
1685.000 1.347
1690.000 1.481
1695.000 1.770
1700.000 1.940
1705.000 2.362
1710.000 2.926
1715.000 3.272
1720.000 4.135
1725.000 4.659
1730.000 5.970
1735.000 7.799
1740.000 9.024
1745.000 12.394
1750.000 14.600
1755.000 19.659
1760.000 24.549
1765.000 26.417
1770.000 27.571
1775.000 26.334
1780.000 20.705
1785.000 15.538
1790.000 13.438
1795.000 10.147
1800.000 8.890
1805.000 6.906
1810.000 5.536
1815.000 5.014
1820.000 4.214
1825.000 3.905
1830.000 3.402
1835.000 3.024
1840.000 2.873
1845.000 2.681
1850.000 2.596
1855.000 2.468
1860.000 2.356
1865.000 2.314
1870.000 2.225
1875.000 2.187
1880.000 2.101
1885.000 2.027
1890.000 1.994
1895.000 1.940
1900.000 1.925
1905.000 1.890
1910.000 1.875
1915.000 1.868
1920.000 1.871
1925.000 1.869
1930.000 1.887
1935.000 1.915
1940.000 1.930
1945.000 1.976
1950.000 1.997
1955.000 2.043
1960.000 2.085
1965.000 2.113
1970.000 2.165
1975.000 2.195
1980.000 2.275
1985.000 2.355
1990.000 2.412
1995.000 2.498
2000.000 2.551
2005.000 2.682
2010.000 2.816
2015.000 2.903
2020.000 3.091
2025.000 3.184
2030.000 3.427
2035.000 3.752
2040.000 3.943
2045.000 4.439
2050.000 4.761
2055.000 5.598
2060.000 6.664
2065.000 7.358
2070.000 9.193
2075.000 10.351
2080.000 12.991
2085.000 15.623
2090.000 16.717
2095.000 17.705
2100.000 17.370
2105.000 14.912
2110.000 11.834
2115.000 10.412
2120.000 8.106
2125.000 7.222
2130.000 5.852
2135.000 5.113
2140.000 4.777
2145.000 4.145
2150.000 3.903
2155.000 3.507
2160.000 3.194
2165.000 3.057
2170.000 2.823
2175.000 2.713
2180.000 2.537
2185.000 2.379
2190.000 2.313
2195.000 2.187
2200.000 2.135
2205.000 2.035
2210.000 1.946
2215.000 1.901
2220.000 1.838
2225.000 1.807
2230.000 1.744
2235.000 1.706
2240.000 1.646
2245.000 1.596
2250.000 1.571
2255.000 1.536
2260.000 1.523
2265.000 1.498
2270.000 1.498
2275.000 1.495
2280.000 1.502
2285.000 1.517
2290.000 1.543
2295.000 1.593
2300.000 1.622
2305.000 1.675
2310.000 1.702
2315.000 1.768
2320.000 1.853
2325.000 1.913
2330.000 2.050
2335.000 2.137
2340.000 2.368
2345.000 2.732
2350.000 2.986
2355.000 3.723
2360.000 4.251
2365.000 5.652
2370.000 7.377
2375.000 8.059
2380.000 7.764
2385.000 6.716
2390.000 4.405
2395.000 2.918
2400.000 2.433
2405.000 1.772
2410.000 1.531
2415.000 1.170
2420.000 0.927
2425.000 0.828
2430.000 0.677
2435.000 0.617
2440.000 0.516
2445.000 0.440
2450.000 0.402
2455.000 0.346
2460.000 0.322
2465.000 0.283
2470.000 0.250
2475.000 0.234
2480.000 0.212
2485.000 0.200
2490.000 0.183
2495.000 0.167
2500.000 0.160
2505.000 0.150
2510.000 0.146
2515.000 0.137
2520.000 0.130
2525.000 0.127
2530.000 0.124
2535.000 0.120
2540.000 0.119
2545.000 0.116
2550.000 0.116
2555.000 0.113
2560.000 0.112
2565.000 0.111
2570.000 0.112
2575.000 0.112
2580.000 0.110
2585.000 0.109
2590.000 0.112
2595.000 0.112
2600.000 0.113
2605.000 0.113
2610.000 0.112
2615.000 0.113
2620.000 0.117
2625.000 0.115
2630.000 0.116
2635.000 0.115
2640.000 0.117
2645.000 0.117
2650.000 0.118
2655.000 0.120
2660.000 0.119
2665.000 0.122
2670.000 0.121
2675.000 0.123
2680.000 0.121
2685.000 0.121
2690.000 0.124
2695.000 0.125
2700.000 0.125
2705.000 0.125
2710.000 0.124
2715.000 0.126
2720.000 0.127
2725.000 0.128
2730.000 0.130
2735.000 0.127
2740.000 0.130
2745.000 0.130
2750.000 0.131
2755.000 0.131
2760.000 0.130
2765.000 0.133
2770.000 0.132
2775.000 0.134
2780.000 0.134
2785.000 0.134
2790.000 0.135
2795.000 0.137
2800.000 0.134
2805.000 0.137
2810.000 0.138
2815.000 0.137
2820.000 0.139
2825.000 0.137
2830.000 0.137
2835.000 0.139
2840.000 0.139
2845.000 0.138
2850.000 0.140
2855.000 0.140
2860.000 0.140
2865.000 0.139
2870.000 0.139
2875.000 0.139
2880.000 0.139
2885.000 0.142
2890.000 0.142
2895.000 0.141
2900.000 0.140
2905.000 0.142
2910.000 0.141
2915.000 0.140
2920.000 0.141
2925.000 0.142
2930.000 0.143
2935.000 0.142
2940.000 0.140
2945.000 0.141
2950.000 0.143
2955.000 0.147
2960.000 0.143
2965.000 0.143
2970.000 0.146
2975.000 0.141
2980.000 0.139
2985.000 0.139
2990.000 0.150
2995.000 0.140
3000.000 0.146
3005.000 0.146
3010.000 0.148
3015.000 0.142
3020.000 0.140
3025.000 0.145
3030.000 0.145
3035.000 0.152
3040.000 0.147
3045.000 0.149
3050.000 0.154
3055.000 0.149
3060.000 0.151
3065.000 0.150
3070.000 0.153
3075.000 0.154
3080.000 0.151
3085.000 0.149
3090.000 0.152
3095.000 0.154
3100.000 0.154
3105.000 0.154
3110.000 0.154
3115.000 0.157
3120.000 0.156
3125.000 0.160
3130.000 0.160
3135.000 0.159
3140.000 0.162
3145.000 0.163
3150.000 0.166
3155.000 0.169
3160.000 0.170
3165.000 0.176
3170.000 0.178
3175.000 0.197
3180.000 0.201
3185.000 0.205
3190.000 0.210
3195.000 0.211
3200.000 0.217
3205.000 0.225
3210.000 0.229
3215.000 0.240
3220.000 0.247
3225.000 0.258
3230.000 0.278
3235.000 0.285
3240.000 0.309
3245.000 0.323
3250.000 0.350
3255.000 0.386
3260.000 0.409
3265.000 0.459
3270.000 0.490
3275.000 0.567
3280.000 0.671
3285.000 0.742
3290.000 0.959
3295.000 1.097
3300.000 1.514
3305.000 2.182
3310.000 2.641
3315.000 3.772
3320.000 4.440
3325.000 6.065
3330.000 8.270
3335.000 9.585
3340.000 12.444
3345.000 13.362
3350.000 13.045
3355.000 10.348
3360.000 9.128
3365.000 7.296
3370.000 6.547
3375.000 5.318
3380.000 4.396
3385.000 4.033
3390.000 3.462
3395.000 3.242
3400.000 2.935
3405.000 2.712
3410.000 2.625
3415.000 2.505
3420.000 2.496
3425.000 2.522
3430.000 2.560
3435.000 2.704
3440.000 2.941
3445.000 3.103
3450.000 3.550
3455.000 3.867
3460.000 4.767
3465.000 6.219
3470.000 7.257
3475.000 10.042
3480.000 11.661
3485.000 14.420
3490.000 14.781
3495.000 13.269
3500.000 9.365
3505.000 7.713
3510.000 5.424
3515.000 4.046
3520.000 3.588
3525.000 2.893
3530.000 2.616
3535.000 2.200
3540.000 1.948
3545.000 1.852
3550.000 1.702
3555.000 1.639
3560.000 1.529
3565.000 1.430
3570.000 1.385
3575.000 1.334
3580.000 1.289
3585.000 1.216
3590.000 1.155
3595.000 1.129
3600.000 1.084
3605.000 1.072
3610.000 1.045
3615.000 1.035
3620.000 1.032
3625.000 1.030
3630.000 1.037
3635.000 1.053
3640.000 1.070
3645.000 1.083
3650.000 1.112
3655.000 1.133
3660.000 1.177
3665.000 1.240
3670.000 1.276
3675.000 1.367
3680.000 1.424
3685.000 1.544
3690.000 1.679
3695.000 1.759
3700.000 1.958
3705.000 2.082
3710.000 2.418
3715.000 2.673
3720.000 3.312
3725.000 4.323
3730.000 5.023
3735.000 6.923
3740.000 8.142
3745.000 10.791
3750.000 12.780
3755.000 13.009
3760.000 11.157
3765.000 9.479
3770.000 6.543
3775.000 4.615
3780.000 3.956
3785.000 3.027
3790.000 2.707
3795.000 2.204
3800.000 1.846
3805.000 1.713
3810.000 1.530
3815.000 1.461
3820.000 1.348
3825.000 1.246
3830.000 1.198
3835.000 1.110
3840.000 1.077
3845.000 1.008
3850.000 0.953
3855.000 0.938
3860.000 0.884
3865.000 0.865
3870.000 0.823
3875.000 0.786
3880.000 0.772
3885.000 0.747
3890.000 0.737
3895.000 0.722
3900.000 0.713
3905.000 0.707
3910.000 0.701
3915.000 0.703
3920.000 0.706
3925.000 0.717
3930.000 0.729
3935.000 0.742
3940.000 0.750
3945.000 0.766
3950.000 0.796
3955.000 0.813
3960.000 0.840
3965.000 0.862
3970.000 0.889
3975.000 0.942
3980.000 0.964
3985.000 1.021
3990.000 1.100
3995.000 1.138
4000.000 1.249
4005.000 1.340
4010.000 1.541
4015.000 1.650
4020.000 1.928
4025.000 2.401
4030.000 2.707
4035.000 3.749
4040.000 4.353
4045.000 5.917
4050.000 7.604
4055.000 8.024
4060.000 7.524
4065.000 6.583
4070.000 4.567
4075.000 3.146
4080.000 2.663
4085.000 2.003
4090.000 1.759
4095.000 1.399
4100.000 1.162
4105.000 1.061
4110.000 0.922
4115.000 0.869
4120.000 0.780
4125.000 0.707
4130.000 0.681
4135.000 0.628
4140.000 0.610
4145.000 0.566
4150.000 0.528
4155.000 0.511
4160.000 0.480
4165.000 0.468
4170.000 0.446
4175.000 0.425
4180.000 0.422
4185.000 0.410
4190.000 0.403
4195.000 0.397
4200.000 0.392
4205.000 0.390
4210.000 0.388
4215.000 0.387
4220.000 0.387
4225.000 0.391
4230.000 0.393
4235.000 0.401
4240.000 0.404
4245.000 0.414
4250.000 0.427
4255.000 0.432
4260.000 0.449
4265.000 0.459
4270.000 0.475
4275.000 0.491
4280.000 0.503
4285.000 0.523
4290.000 0.535
4295.000 0.571
4300.000 0.611
4305.000 0.634
4310.000 0.706
4315.000 0.752
4320.000 0.869
4325.000 0.943
4330.000 1.169
4335.000 1.527
4340.000 1.788
4345.000 2.563
4350.000 3.085
4355.000 4.310
4360.000 5.400
4365.000 5.672
4370.000 5.227
4375.000 4.565
4380.000 3.254
4385.000 2.335
4390.000 2.007
4395.000 1.550
4400.000 1.387
4405.000 1.139
4410.000 0.986
4415.000 0.921
4420.000 0.823
4425.000 0.791
4430.000 0.729
4435.000 0.674
4440.000 0.652
4445.000 0.614
4450.000 0.599
4455.000 0.571
4460.000 0.550
4465.000 0.542
4470.000 0.527
4475.000 0.521
4480.000 0.510
4485.000 0.505
4490.000 0.496
4495.000 0.492
4500.000 0.489
4505.000 0.486
4510.000 0.486
4515.000 0.487
4520.000 0.487
4525.000 0.491
4530.000 0.493
4535.000 0.498
4540.000 0.499
4545.000 0.507
4550.000 0.510
4555.000 0.524
4560.000 0.532
4565.000 0.541
4570.000 0.561
4575.000 0.572
4580.000 0.596
4585.000 0.622
4590.000 0.639
4595.000 0.674
4600.000 0.693
4605.000 0.753
4610.000 0.824
4615.000 0.868
4620.000 0.990
4625.000 1.070
4630.000 1.296
4635.000 1.619
4640.000 1.839
4645.000 2.415
4650.000 2.752
4655.000 3.392
4660.000 3.610
4665.000 3.382
4670.000 2.538
4675.000 2.110
4680.000 1.479
4685.000 1.084
4690.000 0.939
4695.000 0.730
4700.000 0.653
4705.000 0.531
4710.000 0.452
4715.000 0.423
4720.000 0.372
4725.000 0.348
4730.000 0.311
4735.000 0.285
4740.000 0.270
4745.000 0.242
4750.000 0.230
4755.000 0.208
4760.000 0.189
4765.000 0.181
4770.000 0.168
4775.000 0.162
4780.000 0.151
4785.000 0.145
4790.000 0.138
4795.000 0.129
4800.000 0.127
4805.000 0.120
4810.000 0.113
4815.000 0.110
4820.000 0.105
4825.000 0.102
4830.000 0.098
4835.000 0.094
4840.000 0.094
4845.000 0.095
4850.000 0.100
4855.000 0.108
4860.000 0.124
4865.000 0.134
4870.000 0.168
4875.000 0.193
4880.000 0.256
4885.000 0.382
4890.000 0.483
4895.000 0.763
4900.000 0.928
4905.000 1.512
4910.000 1.782
4915.000 2.354
4920.000 3.071
4925.000 3.346
4930.000 3.430
4935.000 3.265
4940.000 2.739
4945.000 2.286
4950.000 2.093
4955.000 1.749
4960.000 1.615
4965.000 1.366
4970.000 1.174
4975.000 1.097
4980.000 0.966
4985.000 0.930
4990.000 0.900
4995.000 0.831
5000.000 0.807
5005.000 0.734
5010.000 0.719
5015.000 0.694
5020.000 0.694
5025.000 0.680
5030.000 0.675
5035.000 0.689
5040.000 0.670
5045.000 0.697
5050.000 0.706
5055.000 0.710
5060.000 0.739
5065.000 0.810
5070.000 0.815
5075.000 0.824
5080.000 0.860
5085.000 0.881
5090.000 0.947
5095.000 1.027
5100.000 1.078
5105.000 1.209
5110.000 1.284
5115.000 1.404
5120.000 1.372
5125.000 1.276
5130.000 0.986
5135.000 0.824
5140.000 0.557
5145.000 0.373
5150.000 0.305
5155.000 0.206
5160.000 0.173
5165.000 0.119
5170.000 0.091
5175.000 0.084
5180.000 0.080
5185.000 0.085
5190.000 0.091
5195.000 0.099
5200.000 0.108
5205.000 0.120
5210.000 0.126
5215.000 0.137
5220.000 0.149
5225.000 0.162
5230.000 0.174
5235.000 0.180
5240.000 0.190
5245.000 0.193
5250.000 0.192
5255.000 0.195
5260.000 0.198
5265.000 0.196
5270.000 0.199
5275.000 0.204
5280.000 0.204
5285.000 0.202
5290.000 0.205
5295.000 0.206
5300.000 0.203
5305.000 0.204
5310.000 0.207
5315.000 0.204
5320.000 0.205
5325.000 0.206
5330.000 0.208
5335.000 0.207
5340.000 0.211
5345.000 0.214
5350.000 0.212
5355.000 0.217
5360.000 0.214
5365.000 0.215
5370.000 0.216
5375.000 0.216
5380.000 0.214
5385.000 0.216
5390.000 0.214
5395.000 0.214
5400.000 0.216
5405.000 0.218
5410.000 0.216
5415.000 0.217
5420.000 0.216
5425.000 0.219
5430.000 0.220
5435.000 0.218
5440.000 0.217
5445.000 0.217
5450.000 0.218
5455.000 0.218
5460.000 0.219
5465.000 0.224
5470.000 0.222
5475.000 0.224
5480.000 0.222
5485.000 0.221
5490.000 0.217
5495.000 0.224
5500.000 0.227
5505.000 0.229
5510.000 0.227
5515.000 0.228
5520.000 0.225
5525.000 0.235
5530.000 0.238
5535.000 0.233
5540.000 0.227
5545.000 0.227
5550.000 0.237
5555.000 0.233
5560.000 0.233
5565.000 0.229
5570.000 0.229
5575.000 0.228
5580.000 0.231
5585.000 0.230
5590.000 0.229
5595.000 0.230
5600.000 0.225
5605.000 0.228
5610.000 0.231
5615.000 0.226
5620.000 0.227
5625.000 0.227
5630.000 0.230
5635.000 0.229
5640.000 0.233
5645.000 0.229
5650.000 0.227
5655.000 0.226
5660.000 0.228
5665.000 0.229
5670.000 0.226
5675.000 0.231
5680.000 0.228
5685.000 0.230
5690.000 0.233
5695.000 0.232
5700.000 0.230
5705.000 0.230
5710.000 0.227
5715.000 0.229
5720.000 0.232
5725.000 0.229
5730.000 0.231
5735.000 0.232
5740.000 0.234
5745.000 0.244
5750.000 0.256
5755.000 0.249
5760.000 0.251
5765.000 0.253
5770.000 0.251
5775.000 0.257
5780.000 0.268
5785.000 0.262
5790.000 0.255
5795.000 0.251
5800.000 0.246
5805.000 0.245
5810.000 0.244
5815.000 0.242
5820.000 0.238
5825.000 0.241
5830.000 0.239
5835.000 0.244
5840.000 0.251
5845.000 0.251
5850.000 0.247
5855.000 0.273
5860.000 0.273
5865.000 0.274
5870.000 0.268
5875.000 0.265
5880.000 0.253
5885.000 0.249
5890.000 0.248
5895.000 0.246
5900.000 0.250
5905.000 0.245
5910.000 0.243
5915.000 0.245
5920.000 0.246
5925.000 0.242
5930.000 0.238
5935.000 0.241
5940.000 0.252
5945.000 0.248
5950.000 0.246
5955.000 0.249
5960.000 0.242
5965.000 0.243
5970.000 0.250
5975.000 0.244
5980.000 0.267
5985.000 0.271
5990.000 0.262
5995.000 0.257
6000.000 0.270
6005.000 0.263
6010.000 0.260
6015.000 0.259
6020.000 0.275
6025.000 0.277
6030.000 0.284
6035.000 0.281
6040.000 0.284
6045.000 0.280
6050.000 0.270
6055.000 0.275
6060.000 0.262
6065.000 0.264
6070.000 0.258
6075.000 0.253
6080.000 0.254
6085.000 0.268
6090.000 0.270
6095.000 0.272
6100.000 0.271
6110.000 0.251
6115.000 0.247
6120.000 0.250
6125.000 0.249
6130.000 0.249
6135.000 0.250
6140.000 0.252
6145.000 0.252
6150.000 0.253
6155.000 0.260
6160.000 0.258
6165.000 0.254
6170.000 0.256
6175.000 0.256
6180.000 0.259
6185.000 0.255
6190.000 0.257
6195.000 0.257
6200.000 0.257
6205.000 0.265
6210.000 0.260
6215.000 0.268
6220.000 0.264
6225.000 0.264
6230.000 0.267
6235.000 0.265
6240.000 0.263
6245.000 0.262
6250.000 0.262
6255.000 0.255
6260.000 0.253
6265.000 0.256
6270.000 0.257
6275.000 0.254
6280.000 0.256
6285.000 0.255
6290.000 0.253
6295.000 0.254
6300.000 0.254
6305.000 0.262
6310.000 0.265
6315.000 0.267
6320.000 0.262
6325.000 0.258
6330.000 0.257
6335.000 0.255
6340.000 0.258
6345.000 0.258
6350.000 0.259
6355.000 0.261
6360.000 0.262
6365.000 0.263
6370.000 0.258
6375.000 0.257
6380.000 0.260
6385.000 0.258
6390.000 0.260
6395.000 0.260
6400.000 0.262
6405.000 0.261
6410.000 0.260
6415.000 0.259
6420.000 0.261
6425.000 0.265
6430.000 0.264
6435.000 0.264
6440.000 0.264
6445.000 0.265
6450.000 0.268
6455.000 0.270
6460.000 0.284
6465.000 0.286
6470.000 0.285
6475.000 0.284
6480.000 0.286
6485.000 0.286
6490.000 0.286
6495.000 0.284
6500.000 0.286
6505.000 0.289
6510.000 0.308
6515.000 0.317
6520.000 0.319
6525.000 0.317
6530.000 0.323
6535.000 0.328
6540.000 0.328
6545.000 0.340
6550.000 0.353
6555.000 0.358
6560.000 0.369
6565.000 0.378
6570.000 0.395
6575.000 0.415
6580.000 0.441
6585.000 0.476
6590.000 0.499
6595.000 0.562
6600.000 0.598
6605.000 0.717
6610.000 0.884
6615.000 1.003
6620.000 1.340
6625.000 1.578
6630.000 2.271
6635.000 3.246
6640.000 3.834
6645.000 5.122
6650.000 5.759
6655.000 6.419
6660.000 6.209
6665.000 5.143
6670.000 4.113
6675.000 3.689
6680.000 3.047
6685.000 2.812
6690.000 2.469
6695.000 2.254
6700.000 2.188
6705.000 2.131
6710.000 2.143
6715.000 2.260
6720.000 2.579
6725.000 2.810
6730.000 3.485
6735.000 3.966
6740.000 5.271
6745.000 6.979
6750.000 7.832
6755.000 9.027
6760.000 9.132
6765.000 7.829
6770.000 5.847
6775.000 5.013
6780.000 3.780
6785.000 3.341
6790.000 2.703
6795.000 2.281
6800.000 2.129
6805.000 1.897
6810.000 1.807
6815.000 1.699
6820.000 1.628
6825.000 1.604
6830.000 1.565
6835.000 1.551
6840.000 1.531
6845.000 1.527
6850.000 1.533
6855.000 1.553
6860.000 1.568
6865.000 1.603
6870.000 1.657
6875.000 1.688
6880.000 1.765
6885.000 1.815
6890.000 1.936
6895.000 2.097
6900.000 2.201
6905.000 2.463
6910.000 2.640
6915.000 3.120
6920.000 3.833
6925.000 4.309
6930.000 5.543
6935.000 6.284
6940.000 7.715
6945.000 8.467
6950.000 8.330
6955.000 6.800
6960.000 5.921
6965.000 4.391
6970.000 3.813
6975.000 2.962
6980.000 2.393
6985.000 2.176
6990.000 1.853
6995.000 1.743
7000.000 1.562
7005.000 1.433
7010.000 1.371
7015.000 1.278
7020.000 1.234
7025.000 1.173
7030.000 1.112
7035.000 1.095
7040.000 1.037
7045.000 1.018
7050.000 0.996
7055.000 0.965
7060.000 0.962
7065.000 0.946
7070.000 0.943
7075.000 0.944
7080.000 0.941
7085.000 0.945
7090.000 0.956
7095.000 0.968
7100.000 0.987
7105.000 1.018
7110.000 1.037
7115.000 1.080
7120.000 1.110
7125.000 1.174
7130.000 1.264
7135.000 1.316
7140.000 1.466
7145.000 1.599
7150.000 1.855
7155.000 2.226
7160.000 2.466
7165.000 3.083
7170.000 3.971
7175.000 4.518
7180.000 5.657
7185.000 6.152
7190.000 6.630
7195.000 5.912
7200.000 5.257
7205.000 3.990
7210.000 3.467
7215.000 2.692
7220.000 2.168
7225.000 1.971
7230.000 1.674
7235.000 1.572
7240.000 1.405
7245.000 1.292
7250.000 1.240
7255.000 1.168
7260.000 1.137
7265.000 1.084
7270.000 1.060
7275.000 1.022
7280.000 0.991
7285.000 0.980
7290.000 0.955
7295.000 0.945
7300.000 0.936
7305.000 0.923
7310.000 0.915
7315.000 0.918
7320.000 0.913
7325.000 0.920
7330.000 0.925
7335.000 0.929
7340.000 0.944
7345.000 0.951
7350.000 0.989
7355.000 1.038
7360.000 1.068
7365.000 1.088
7370.000 1.129
7375.000 1.161
7380.000 1.201
7385.000 1.232
7390.000 1.302
7395.000 1.355
7400.000 1.471
7405.000 1.637
7410.000 1.747
7415.000 2.026
7420.000 2.203
7425.000 2.668
7430.000 3.282
7435.000 3.626
7440.000 4.227
7445.000 4.426
7450.000 4.334
7455.000 3.617
7460.000 3.186
7465.000 2.446
7470.000 2.150
7475.000 1.710
7480.000 1.410
7485.000 1.296
7490.000 1.118
7495.000 1.055
7500.000 0.945
7505.000 0.852
7510.000 0.814
7515.000 0.753
7520.000 0.724
7525.000 0.672
7530.000 0.631
7535.000 0.615
7540.000 0.577
7545.000 0.558
7550.000 0.525
7555.000 0.515
7560.000 0.486
7565.000 0.468
7570.000 0.462
7575.000 0.450
7580.000 0.444
7585.000 0.436
7590.000 0.433
7595.000 0.434
7600.000 0.437
7605.000 0.442
7610.000 0.447
7615.000 0.461
7620.000 0.470
7625.000 0.496
7630.000 0.510
7635.000 0.551
7640.000 0.607
7645.000 0.627
7650.000 0.697
7655.000 0.735
7660.000 0.838
7665.000 0.987
7670.000 1.082
7675.000 1.353
7680.000 1.526
7685.000 1.938
7690.000 2.408
7695.000 2.642
7700.000 2.802
7705.000 2.688
7710.000 2.227
7715.000 1.761
7720.000 1.572
7725.000 1.272
7730.000 1.165
7735.000 0.998
7740.000 0.881
7745.000 0.838
7750.000 0.767
7755.000 0.745
7760.000 0.698
7765.000 0.674
7770.000 0.659
7775.000 0.638
7780.000 0.629
7785.000 0.611
7790.000 0.607
7795.000 0.606
7800.000 0.599
7805.000 0.593
7810.000 0.585
7815.000 0.587
7820.000 0.591
7825.000 0.602
7830.000 0.603
7835.000 0.611
7840.000 0.627
7845.000 0.630
7850.000 0.649
7855.000 0.661
7860.000 0.692
7865.000 0.730
7870.000 0.752
7875.000 0.808
7880.000 0.837
7885.000 0.916
7890.000 1.029
7895.000 1.095
7900.000 1.222
7905.000 1.292
7910.000 1.390
7915.000 1.336
7920.000 1.241
7925.000 1.014
7930.000 0.906
7935.000 0.727
7940.000 0.598
7945.000 0.544
7950.000 0.457
7955.000 0.424
7960.000 0.372
7965.000 0.326
7970.000 0.301
7975.000 0.267
7980.000 0.252
7985.000 0.233
7990.000 0.218
7995.000 0.218
8000.000 0.217
8005.000 0.212
8010.000 0.198
8015.000 0.194
8020.000 0.188
8025.000 0.181
8030.000 0.162
8035.000 0.149
8040.000 0.110
8045.000 0.091
8050.000 0.053
8055.000 0.033
8060.000 0.016
8065.000 0.051
8070.000 0.083
8075.000 0.142
8080.000 0.165
8085.000 0.201
8090.000 0.224
8095.000 0.231
8100.000 0.232
8105.000 0.231
8110.000 0.228
8115.000 0.228
8120.000 0.234
8125.000 0.237
8130.000 0.239
8135.000 0.240
8140.000 0.239
8145.000 0.241
8150.000 0.238
8155.000 0.238
8160.000 0.240
8165.000 0.240
8170.000 0.243
8175.000 0.241
8180.000 0.242
8185.000 0.240
8190.000 0.239
8195.000 0.237
8200.000 0.232
8205.000 0.235
8210.000 0.231
8215.000 0.231
8220.000 0.231
8225.000 0.232
8230.000 0.235
8235.000 0.235
8240.000 0.234
8245.000 0.237
8250.000 0.235
8255.000 0.239
8260.000 0.240
8265.000 0.239
8270.000 0.239
8275.000 0.240
8280.000 0.240
8285.000 0.240
8290.000 0.240
8295.000 0.239
8300.000 0.240
8305.000 0.239
8310.000 0.242
8315.000 0.244
8320.000 0.244
8325.000 0.242
8330.000 0.245
8335.000 0.243
8340.000 0.242
8345.000 0.244
8350.000 0.245
8355.000 0.245
8360.000 0.246
8365.000 0.247
8370.000 0.244
8375.000 0.247
8380.000 0.244
8385.000 0.245
8390.000 0.248
8395.000 0.247
8400.000 0.246
8405.000 0.246
8410.000 0.245
8415.000 0.250
8420.000 0.252
8425.000 0.251
8430.000 0.252
8435.000 0.251
8440.000 0.249
8445.000 0.254
8450.000 0.252
8455.000 0.255
8460.000 0.255
8465.000 0.257
8470.000 0.255
8475.000 0.256
8480.000 0.255
8485.000 0.257
8490.000 0.257
8495.000 0.257
8500.000 0.260
8505.000 0.257
8510.000 0.257
8515.000 0.256
8520.000 0.260
8525.000 0.260
8530.000 0.261
8535.000 0.256
8540.000 0.259
8545.000 0.258
8550.000 0.262
8555.000 0.261
8560.000 0.259
8565.000 0.262
8570.000 0.261
8575.000 0.258
8580.000 0.261
8585.000 0.259
8590.000 0.258
8595.000 0.259
8600.000 0.262
8605.000 0.261
8610.000 0.258
8615.000 0.258
8620.000 0.259
8625.000 0.263
8630.000 0.259
8635.000 0.262
8640.000 0.260
8645.000 0.263
8650.000 0.258
8655.000 0.262
8660.000 0.261
8665.000 0.261
8670.000 0.263
8675.000 0.260
8680.000 0.260
8685.000 0.259
8690.000 0.261
8695.000 0.262
8700.000 0.263
8705.000 0.263
8710.000 0.266
8715.000 0.261
8720.000 0.262
8725.000 0.261
8730.000 0.263
8735.000 0.264
8740.000 0.264
8745.000 0.263
8750.000 0.262
8755.000 0.258
8760.000 0.261
8765.000 0.264
8770.000 0.263
8775.000 0.263
8780.000 0.264
8785.000 0.263
8790.000 0.264
8795.000 0.265
8800.000 0.264
8805.000 0.264
8810.000 0.259
8815.000 0.261
8820.000 0.270
8825.000 0.266
8830.000 0.279
8835.000 0.278
8840.000 0.273
8845.000 0.269
8850.000 0.269
8855.000 0.267
8860.000 0.268
8865.000 0.267
8870.000 0.264
8875.000 0.266
8880.000 0.263
8885.000 0.262
8890.000 0.263
8895.000 0.265
8900.000 0.267
8905.000 0.266
8910.000 0.266
8915.000 0.268
8920.000 0.265
8925.000 0.263
8930.000 0.264
8935.000 0.264
8940.000 0.264
8945.000 0.264
8950.000 0.265
8955.000 0.264
8960.000 0.268
8965.000 0.266
8970.000 0.271
8975.000 0.269
8980.000 0.270
8985.000 0.268
8990.000 0.264
8995.000 0.263
9000.000 0.273
9005.000 0.268
9010.000 0.265
9015.000 0.266
9020.000 0.274
9025.000 0.265
9030.000 0.265
9035.000 0.272
9040.000 0.276
9045.000 0.273
9050.000 0.262
9055.000 0.269
9060.000 0.268
9065.000 0.263
9070.000 0.269
9075.000 0.270
9080.000 0.265
9085.000 0.266
9090.000 0.263
9095.000 0.268
9100.000 0.264
9105.000 0.265
9110.000 0.262
9115.000 0.263
9120.000 0.265
9125.000 0.266
9130.000 0.267
9135.000 0.267
9140.000 0.269
9145.000 0.266
9150.000 0.267
9155.000 0.266
9160.000 0.269
9165.000 0.264
9170.000 0.265
9175.000 0.267
9180.000 0.268
9185.000 0.268
9190.000 0.268
9195.000 0.266
9200.000 0.268
9205.000 0.265
9210.000 0.270
9215.000 0.269
9220.000 0.267
9225.000 0.267
9230.000 0.266
9235.000 0.271
9240.000 0.273
9245.000 0.267
9250.000 0.270
9255.000 0.266
9260.000 0.265
9265.000 0.267
9270.000 0.268
9275.000 0.269
9280.000 0.268
9285.000 0.272
9290.000 0.272
9295.000 0.271
9300.000 0.267
9305.000 0.269
9310.000 0.266
9315.000 0.269
9320.000 0.267
9325.000 0.266
9330.000 0.267
9335.000 0.266
9340.000 0.268
9345.000 0.267
9350.000 0.268
9355.000 0.267
9360.000 0.268
9365.000 0.267
9370.000 0.267
9375.000 0.267
9380.000 0.270
9385.000 0.267
9390.000 0.267
9395.000 0.270
9400.000 0.274
9405.000 0.273
9410.000 0.274
9415.000 0.271
9420.000 0.270
9425.000 0.271
9430.000 0.271
9435.000 0.268
9440.000 0.272
9445.000 0.272
9450.000 0.269
9455.000 0.269
9460.000 0.271
9465.000 0.276
9470.000 0.271
9475.000 0.271
9480.000 0.268
9485.000 0.270
9490.000 0.269
9495.000 0.269
9500.000 0.268
9505.000 0.270
9510.000 0.267
9515.000 0.271
9520.000 0.273
9525.000 0.271
9530.000 0.271
9535.000 0.273
9540.000 0.275
9545.000 0.271
9550.000 0.274
9555.000 0.271
9560.000 0.272
9565.000 0.269
9570.000 0.269
9575.000 0.269
9580.000 0.269
9585.000 0.269
9590.000 0.270
9595.000 0.271
9600.000 0.270
9605.000 0.272
9610.000 0.271
9615.000 0.274
9620.000 0.272
9625.000 0.274
9630.000 0.270
9635.000 0.269
9640.000 0.270
9645.000 0.273
9650.000 0.269
9655.000 0.272
9660.000 0.271
9665.000 0.271
9670.000 0.271
9675.000 0.270
9680.000 0.272
9685.000 0.270
9690.000 0.276
9695.000 0.274
9700.000 0.274
9705.000 0.274
9710.000 0.278
9715.000 0.275
9720.000 0.274
9725.000 0.273
9730.000 0.274
9735.000 0.275
9740.000 0.276
9745.000 0.277
9750.000 0.278
9755.000 0.277
9760.000 0.279
9765.000 0.281
9770.000 0.279
9775.000 0.282
9780.000 0.285
9785.000 0.285
9790.000 0.289
9795.000 0.290
9800.000 0.292
9805.000 0.294
9810.000 0.295
9815.000 0.303
9820.000 0.307
9825.000 0.311
9830.000 0.314
9835.000 0.314
9840.000 0.327
9845.000 0.335
9850.000 0.341
9855.000 0.351
9860.000 0.359
9865.000 0.375
9870.000 0.396
9875.000 0.410
9880.000 0.449
9885.000 0.470
9890.000 0.530
9895.000 0.615
9900.000 0.662
9905.000 0.749
9910.000 0.764
9915.000 0.719
9920.000 0.588
9925.000 0.509
9930.000 0.400
9935.000 0.363
9940.000 0.309
9945.000 0.294
9950.000 0.281
9955.000 0.292
9960.000 0.300
9965.000 0.331
9970.000 0.359
9975.000 0.431
9980.000 0.570
9985.000 0.673
9990.000 0.955
9995.000 1.170
10000.000 1.684
10005.000 2.262
10010.000 2.538
10015.000 3.009
10020.000 3.139
10025.000 3.066
10030.000 2.728
10035.000 2.510
10040.000 2.098
10045.000 1.919
10050.000 1.600
10055.000 1.370
10060.000 1.275
10065.000 1.132
10070.000 1.070
10075.000 0.983
10080.000 0.921
10085.000 0.904
10090.000 0.891
10095.000 0.888
10100.000 0.894
10105.000 0.903
10110.000 0.911
10115.000 0.937
10120.000 0.952
10125.000 0.988
10130.000 1.035
10135.000 1.064
10140.000 1.130
10145.000 1.174
10150.000 1.286
10155.000 1.425
10160.000 1.515
10165.000 1.721
10170.000 1.829
10175.000 1.997
10180.000 1.982
10185.000 1.891
10190.000 1.614
10195.000 1.458
10200.000 1.172
10205.000 0.947
10210.000 0.901
10215.000 0.747
10220.000 0.695
10225.000 0.591
10230.000 0.553
10235.000 0.477
10240.000 0.427
10245.000 0.404
10250.000 0.364
10255.000 0.347
10260.000 0.319
10265.000 0.297
10270.000 0.292
10275.000 0.279
10280.000 0.272
10285.000 0.267
10290.000 0.268
10295.000 0.268
10300.000 0.277
10305.000 0.278
10310.000 0.291
10315.000 0.314
10320.000 0.325
10325.000 0.359
10330.000 0.376
10335.000 0.421
10340.000 0.489
10345.000 0.529
10350.000 0.631
10355.000 0.707
10360.000 0.896
10365.000 1.180
10370.000 1.358
10375.000 1.787
10380.000 2.261
10385.000 2.493
10390.000 2.890
10395.000 2.923
10400.000 2.877
10405.000 2.531
10410.000 2.321
10415.000 1.926
10420.000 1.753
10425.000 1.459
10430.000 1.242
10435.000 1.154
10440.000 1.019
10445.000 0.961
10450.000 0.878
10455.000 0.822
10460.000 0.803
10465.000 0.771
10470.000 0.760
10475.000 0.738
10480.000 0.722
10485.000 0.711
10490.000 0.703
10495.000 0.701
10500.000 0.693
10505.000 0.693
10510.000 0.695
10515.000 0.692
10520.000 0.695
10525.000 0.698
10530.000 0.698
10535.000 0.714
10540.000 0.736
10545.000 0.750
10550.000 0.769
10555.000 0.775
10560.000 0.802
10565.000 0.835
10570.000 0.852
10575.000 0.900
10580.000 0.934
10585.000 0.993
10590.000 1.069
10595.000 1.106
10600.000 1.197
10605.000 1.236
10610.000 1.288
10615.000 1.286
10620.000 1.266
10625.000 1.176
10630.000 1.110
10635.000 0.938
10640.000 0.785
10645.000 0.703
10650.000 0.572
10655.000 0.516
10660.000 0.417
10665.000 0.342
10670.000 0.314
10675.000 0.263
10680.000 0.235
10685.000 0.200
10690.000 0.170
10695.000 0.152
10700.000 0.129
10705.000 0.116
10710.000 0.100
10715.000 0.085
10720.000 0.079
10725.000 0.072
10730.000 0.069
10735.000 0.066
10740.000 0.065
10745.000 0.067
10750.000 0.067
10755.000 0.066
10760.000 0.066
10765.000 0.066
10770.000 0.067
10775.000 0.073
10780.000 0.080
10785.000 0.094
10790.000 0.118
10795.000 0.136
10800.000 0.179
10805.000 0.210
10810.000 0.307
10815.000 0.437
10820.000 0.531
10825.000 0.716
10830.000 0.811
10835.000 1.040
10840.000 1.141
10845.000 1.334
10850.000 1.470
10855.000 1.507
10860.000 1.513
10865.000 1.481
10870.000 1.371
10875.000 1.240
10880.000 1.174
10885.000 1.048
10890.000 0.987
10895.000 0.879
10900.000 0.789
10905.000 0.751
10910.000 0.679
10915.000 0.651
10920.000 0.600
10925.000 0.568
10930.000 0.547
10935.000 0.521
10940.000 0.509
10945.000 0.498
10950.000 0.495
10955.000 0.492
10960.000 0.492
10965.000 0.491
10970.000 0.493
10975.000 0.498
10980.000 0.499
10985.000 0.507
10990.000 0.508
10995.000 0.523
11000.000 0.536
11005.000 0.545
11010.000 0.568
11015.000 0.571
11020.000 0.589
11025.000 0.593
11030.000 0.597
11035.000 0.557
11040.000 0.520
11045.000 0.437
11050.000 0.341
11055.000 0.305
11060.000 0.233
11065.000 0.204
11070.000 0.167
11075.000 0.136
11080.000 0.125
11085.000 0.114
11090.000 0.114
11095.000 0.113
11100.000 0.117
11105.000 0.118
11110.000 0.124
11115.000 0.125
11120.000 0.129
11125.000 0.133
11130.000 0.136
11135.000 0.138
11140.000 0.138
11145.000 0.147
11150.000 0.153
11155.000 0.164
11160.000 0.185
11165.000 0.200
11170.000 0.242
11175.000 0.292
11180.000 0.312
11185.000 0.336
11190.000 0.344
11195.000 0.335
11200.000 0.319
11205.000 0.315
11210.000 0.298
11215.000 0.292
11220.000 0.288
11225.000 0.279
11230.000 0.276
11235.000 0.274
11240.000 0.274
11245.000 0.271
11250.000 0.269
11255.000 0.270
11260.000 0.270
11265.000 0.270
11270.000 0.268
11275.000 0.266
11280.000 0.268
11285.000 0.269
11290.000 0.266
11295.000 0.265
11300.000 0.262
11305.000 0.261
11310.000 0.264
11315.000 0.263
11320.000 0.259
11325.000 0.261
11330.000 0.261
11335.000 0.261
11340.000 0.262
11345.000 0.261
11350.000 0.259
11355.000 0.258
11360.000 0.256
11365.000 0.258
11370.000 0.257
11375.000 0.256
11380.000 0.256
11385.000 0.258
11390.000 0.256
11395.000 0.254
11400.000 0.256
11405.000 0.256
11410.000 0.258
11415.000 0.255
11420.000 0.255
11425.000 0.257
11430.000 0.254
11435.000 0.254
11440.000 0.255
11445.000 0.255
11450.000 0.253
11455.000 0.256
11460.000 0.258
11465.000 0.257
11470.000 0.256
11475.000 0.255
11480.000 0.254
11485.000 0.252
11490.000 0.253
11495.000 0.253
11500.000 0.253
11505.000 0.255
11510.000 0.253
11515.000 0.254
11520.000 0.258
11525.000 0.256
11530.000 0.253
11535.000 0.258
11540.000 0.254
11545.000 0.256
11550.000 0.257
11555.000 0.255
11560.000 0.253
11565.000 0.253
11570.000 0.254
11575.000 0.252
11580.000 0.250
11585.000 0.252
11590.000 0.251
11595.000 0.251
11600.000 0.252
11605.000 0.251
11610.000 0.254
11615.000 0.254
11620.000 0.255
11625.000 0.254
11630.000 0.255
11635.000 0.255
11640.000 0.252
11645.000 0.254
11650.000 0.255
11655.000 0.254
11660.000 0.252
11665.000 0.250
11670.000 0.250
11675.000 0.253
11680.000 0.252
11685.000 0.251
11690.000 0.255
11695.000 0.254
11700.000 0.253
11705.000 0.254
11710.000 0.252
11715.000 0.256
11720.000 0.250
11725.000 0.255
11730.000 0.254
11735.000 0.254
11740.000 0.253
11745.000 0.251
11750.000 0.251
11755.000 0.251
11760.000 0.251
11765.000 0.250
11770.000 0.248
11775.000 0.253
11780.000 0.250
11785.000 0.250
11790.000 0.252
11795.000 0.251
11800.000 0.248
11805.000 0.251
11810.000 0.249
11815.000 0.249
11820.000 0.251
11825.000 0.250
11830.000 0.250
11835.000 0.246
11840.000 0.247
11845.000 0.249
11850.000 0.249
11855.000 0.248
11860.000 0.247
11865.000 0.247
11870.000 0.245
11875.000 0.248
11880.000 0.247
11885.000 0.247
11890.000 0.248
11895.000 0.248
11900.000 0.246
11905.000 0.248
11910.000 0.247
11915.000 0.248
11920.000 0.249
11925.000 0.251
11930.000 0.249
11935.000 0.245
11940.000 0.250
11945.000 0.248
11950.000 0.250
11955.000 0.252
11960.000 0.249
11965.000 0.253
11970.000 0.248
11975.000 0.248
11980.000 0.246
11985.000 0.247
11990.000 0.248
11995.000 0.250
12000.000 0.244
