105.000 0.059
110.000 0.197
115.000 6.987
120.000 7.576
125.000 8.644
130.000 9.257
135.000 10.385
140.000 11.223
145.000 11.937
150.000 12.079
155.000 12.065
160.000 12.112
165.000 12.038
170.000 11.803
175.000 11.739
180.000 11.649
185.000 11.520
190.000 11.616
195.000 11.517
200.000 11.587
205.000 11.617
210.000 11.866
215.000 12.021
220.000 12.079
225.000 12.551
230.000 12.670
235.000 12.933
240.000 13.149
245.000 13.313
250.000 13.720
255.000 13.846
260.000 14.006
265.000 14.239
270.000 14.376
275.000 14.683
280.000 14.826
285.000 14.909
290.000 14.831
295.000 15.073
300.000 15.249
305.000 15.346
310.000 15.651
315.000 15.824
320.000 15.972
325.000 16.444
330.000 16.676
335.000 17.108
340.000 17.423
345.000 18.069
350.000 18.859
355.000 19.032
360.000 19.605
365.000 20.092
370.000 20.921
375.000 21.797
380.000 22.339
385.000 23.698
390.000 24.228
395.000 25.388
400.000 26.599
405.000 27.189
410.000 28.173
415.000 28.650
420.000 29.627
425.000 30.579
430.000 30.990
435.000 31.644
440.000 31.860
445.000 32.188
450.000 32.087
455.000 31.666
460.000 30.814
465.000 30.344
470.000 29.005
475.000 27.499
480.000 26.730
485.000 25.211
490.000 24.401
495.000 22.836
500.000 21.213
505.000 20.307
510.000 18.431
515.000 17.511
520.000 15.722
525.000 14.092
530.000 13.332
535.000 11.931
540.000 11.242
545.000 10.090
550.000 9.037
555.000 8.594
560.000 7.791
565.000 7.455
570.000 6.870
575.000 6.336
580.000 6.091
585.000 5.703
590.000 5.525
595.000 5.295
600.000 5.130
605.000 5.002
610.000 4.885
615.000 4.757
620.000 4.545
625.000 4.347
630.000 4.283
635.000 4.130
640.000 4.041
645.000 3.875
650.000 3.760
655.000 3.708
660.000 3.569
665.000 3.528
670.000 3.451
675.000 3.380
680.000 3.328
685.000 3.308
690.000 3.273
695.000 3.190
700.000 3.111
705.000 3.093
710.000 3.041
715.000 3.013
720.000 2.970
725.000 2.932
730.000 2.916
735.000 2.882
740.000 2.863
745.000 2.846
750.000 2.845
755.000 3.041
760.000 2.956
765.000 3.030
770.000 2.849
775.000 2.881
780.000 2.864
785.000 2.901
790.000 2.874
795.000 2.829
800.000 2.810
805.000 2.787
810.000 2.787
815.000 2.762
820.000 2.759
825.000 2.760
830.000 2.764
835.000 2.761
840.000 2.781
845.000 2.804
850.000 2.823
855.000 2.873
860.000 2.912
865.000 2.935
870.000 3.008
875.000 3.047
880.000 3.134
885.000 3.206
890.000 3.295
895.000 3.396
900.000 3.485
905.000 3.703
910.000 3.884
915.000 3.998
920.000 4.334
925.000 4.731
930.000 5.107
935.000 5.815
940.000 6.345
945.000 7.709
950.000 8.663
955.000 10.876
960.000 13.658
965.000 14.988
970.000 15.879
975.000 15.143
980.000 11.703
985.000 8.245
990.000 6.937
995.000 5.093
1000.000 4.432
1005.000 3.443
1010.000 2.799
1015.000 2.569
1020.000 2.195
1025.000 2.068
1030.000 1.771
1035.000 1.518
1040.000 1.409
1045.000 1.241
1050.000 1.210
1055.000 1.027
1060.000 0.970
1065.000 0.860
1070.000 0.770
1075.000 0.730
1080.000 0.697
1085.000 0.698
1090.000 0.616
1095.000 0.573
1100.000 0.562
1105.000 0.544
1110.000 0.533
1115.000 0.508
1120.000 0.496
1125.000 0.489
1130.000 0.483
1135.000 0.481
1140.000 0.479
1145.000 0.479
1150.000 0.476
1155.000 0.473
1160.000 0.476
1165.000 0.476
1170.000 0.473
1175.000 0.475
1180.000 0.477
1185.000 0.475
1190.000 0.481
1195.000 0.488
1200.000 0.486
1205.000 0.498
1210.000 0.497
1215.000 0.508
1220.000 0.514
1225.000 0.522
1230.000 0.524
1235.000 0.529
1240.000 0.538
1245.000 0.545
1250.000 0.551
1255.000 0.556
1260.000 0.560
1265.000 0.570
1270.000 0.579
1275.000 0.586
1280.000 0.593
1285.000 0.594
1290.000 0.612
1295.000 0.612
1300.000 0.618
1305.000 0.629
1310.000 0.635
1315.000 0.643
1320.000 0.647
1325.000 0.648
1330.000 0.658
1335.000 0.655
1340.000 0.664
1345.000 0.677
1350.000 0.679
1355.000 0.681
1360.000 0.687
1365.000 0.699
1370.000 0.704
1375.000 0.711
1380.000 0.716
1385.000 0.720
1390.000 0.732
1395.000 0.744
1400.000 0.746
1405.000 0.760
1410.000 0.762
1415.000 0.776
1420.000 0.783
1425.000 0.790
1430.000 0.799
1435.000 0.807
1440.000 0.820
1445.000 0.828
1450.000 0.838
1455.000 0.847
1460.000 0.851
1465.000 0.867
1470.000 0.877
1475.000 0.885
1480.000 0.901
1485.000 0.911
1490.000 0.917
1495.000 0.930
1500.000 0.939
1505.000 0.954
1510.000 0.962
1515.000 0.977
1520.000 0.991
1525.000 1.002
1530.000 1.015
1535.000 1.023
1540.000 1.043
1545.000 1.056
1550.000 1.059
1555.000 1.076
1560.000 1.082
1565.000 1.102
1570.000 1.112
1575.000 1.127
1580.000 1.130
1585.000 1.136
1590.000 1.155
1595.000 1.163
1600.000 1.165
1605.000 1.170
1610.000 1.181
1615.000 1.184
1620.000 1.187
1625.000 1.185
1630.000 1.307
1635.000 1.287
1640.000 1.263
1645.000 1.253
1650.000 1.244
1655.000 1.252
1660.000 1.266
1665.000 1.301
1670.000 1.325
1675.000 1.416
1680.000 1.525
1685.000 1.604
1690.000 1.783
1695.000 1.899
1700.000 2.168
1705.000 2.493
1710.000 2.675
1715.000 3.056
1720.000 3.270
1725.000 3.662
1730.000 4.007
1735.000 4.189
1740.000 4.564
1745.000 4.762
1750.000 5.193
1755.000 5.618
1760.000 5.876
1765.000 6.403
1770.000 6.649
1775.000 7.168
1780.000 7.767
1785.000 8.117
1790.000 8.898
1795.000 9.333
1800.000 10.281
1805.000 11.400
1810.000 12.040
1815.000 13.453
1820.000 14.247
1825.000 16.089
1830.000 18.199
1835.000 19.357
1840.000 21.922
1845.000 23.318
1850.000 26.281
1855.000 29.189
1860.000 30.504
1865.000 32.595
1870.000 33.411
1875.000 34.185
1880.000 33.530
1885.000 32.303
1890.000 28.585
1895.000 26.410
1900.000 22.226
1905.000 18.679
1910.000 17.146
1915.000 14.606
1920.000 13.591
1925.000 11.990
1930.000 10.636
1935.000 10.134
1940.000 9.420
1945.000 9.138
1950.000 8.668
1955.000 8.260
1960.000 8.066
1965.000 7.673
1970.000 7.496
1975.000 7.168
1980.000 6.862
1985.000 6.722
1990.000 6.482
1995.000 6.333
2000.000 6.104
2005.000 5.881
2010.000 5.783
2015.000 5.581
2020.000 5.481
2025.000 5.303
2030.000 5.123
2035.000 5.056
2040.000 4.900
2045.000 4.824
2050.000 4.680
2055.000 4.527
2060.000 4.458
2065.000 4.321
2070.000 4.247
2075.000 4.118
2080.000 3.979
2085.000 3.913
2090.000 3.793
2095.000 3.753
2100.000 3.632
2105.000 3.526
2110.000 3.467
2115.000 3.370
2120.000 3.320
2125.000 3.220
2130.000 3.136
2135.000 3.088
2140.000 2.974
2145.000 2.911
2150.000 2.778
2155.000 2.658
2160.000 2.603
2165.000 2.491
2170.000 2.443
2175.000 2.347
2180.000 2.261
2185.000 2.216
2190.000 2.133
2195.000 2.094
2200.000 2.014
2205.000 1.945
2210.000 1.915
2215.000 1.849
2220.000 1.816
2225.000 1.759
2230.000 1.729
2235.000 1.673
2240.000 1.626
2245.000 1.600
2250.000 1.556
2255.000 1.532
2260.000 1.489
2265.000 1.445
2270.000 1.426
2275.000 1.387
2280.000 1.371
2285.000 1.333
2290.000 1.298
2295.000 1.279
2300.000 1.249
2305.000 1.234
2310.000 1.201
2315.000 1.169
2320.000 1.157
2325.000 1.132
2330.000 1.120
2335.000 1.094
2340.000 1.068
2345.000 1.053
2350.000 1.032
2355.000 1.021
2360.000 1.003
2365.000 0.982
2370.000 0.972
2375.000 0.952
2380.000 0.941
2385.000 0.925
2390.000 0.905
2395.000 0.899
2400.000 0.881
2405.000 0.874
2410.000 0.857
2415.000 0.845
2420.000 0.839
2425.000 0.824
2430.000 0.814
2435.000 0.802
2440.000 0.790
2445.000 0.783
2450.000 0.769
2455.000 0.764
2460.000 0.754
2465.000 0.744
2470.000 0.737
2475.000 0.728
2480.000 0.723
2485.000 0.712
2490.000 0.703
2495.000 0.697
2500.000 0.689
2505.000 0.684
2510.000 0.678
2515.000 0.666
2520.000 0.666
2525.000 0.655
2530.000 0.652
2535.000 0.644
2540.000 0.636
2545.000 0.632
2550.000 0.623
2555.000 0.620
2560.000 0.615
2565.000 0.609
2570.000 0.604
2575.000 0.600
2580.000 0.599
2585.000 0.591
2590.000 0.588
2595.000 0.583
2600.000 0.580
2605.000 0.577
2610.000 0.570
2615.000 0.566
2620.000 0.564
2625.000 0.559
2630.000 0.554
2635.000 0.554
2640.000 0.551
2645.000 0.546
2650.000 0.542
2655.000 0.541
2660.000 0.537
2665.000 0.533
2670.000 0.532
2675.000 0.527
2680.000 0.528
2685.000 0.526
2690.000 0.524
2695.000 0.523
2700.000 0.518
2705.000 0.518
2710.000 0.513
2715.000 0.513
2720.000 0.509
2725.000 0.509
2730.000 0.509
2735.000 0.505
2740.000 0.505
2745.000 0.502
2750.000 0.505
2755.000 0.503
2760.000 0.502
2765.000 0.499
2770.000 0.502
2775.000 0.498
2780.000 0.495
2785.000 0.497
2790.000 0.494
2795.000 0.493
2800.000 0.494
2805.000 0.494
2810.000 0.492
2815.000 0.493
2820.000 0.493
2825.000 0.491
2830.000 0.495
2835.000 0.493
2840.000 0.492
2845.000 0.493
2850.000 0.494
2855.000 0.491
2860.000 0.495
2865.000 0.495
2870.000 0.495
2875.000 0.496
2880.000 0.497
2885.000 0.498
2890.000 0.495
2895.000 0.501
2900.000 0.502
2905.000 0.502
2910.000 0.506
2915.000 0.506
2920.000 0.508
2925.000 0.511
2930.000 0.514
2935.000 0.517
2940.000 0.515
2945.000 0.516
2950.000 0.519
2955.000 0.522
2960.000 0.523
2965.000 0.531
2970.000 0.534
2975.000 0.538
2980.000 0.541
2985.000 0.548
2990.000 0.542
2995.000 0.550
3000.000 0.551
3005.000 0.558
3010.000 0.578
3015.000 0.586
3020.000 0.574
3025.000 0.586
3030.000 0.587
3035.000 0.608
3040.000 0.600
3045.000 0.609
3050.000 0.608
3055.000 0.611
3060.000 0.616
3065.000 0.627
3070.000 0.632
3075.000 0.639
3080.000 0.645
3085.000 0.657
3090.000 0.661
3095.000 0.672
3100.000 0.686
3105.000 0.692
3110.000 0.704
3115.000 0.709
3120.000 0.726
3125.000 0.746
3130.000 0.753
3135.000 0.771
3140.000 0.779
3145.000 0.798
3150.000 0.818
3155.000 0.829
3160.000 0.857
3165.000 0.868
3170.000 0.895
3175.000 0.920
3180.000 0.938
3185.000 0.974
3190.000 1.014
3195.000 1.053
3200.000 1.083
3205.000 1.105
3210.000 1.151
3215.000 1.180
3220.000 1.239
3225.000 1.308
3230.000 1.347
3235.000 1.429
3240.000 1.473
3245.000 1.552
3250.000 1.625
3255.000 1.667
3260.000 1.755
3265.000 1.796
3270.000 1.906
3275.000 2.013
3280.000 2.074
3285.000 2.212
3290.000 2.286
3295.000 2.472
3300.000 2.711
3305.000 2.850
3310.000 3.176
3315.000 3.376
3320.000 3.872
3325.000 4.563
3330.000 4.986
3335.000 6.130
3340.000 6.890
3345.000 8.752
3350.000 11.384
3355.000 12.989
3360.000 16.673
3365.000 18.544
3370.000 21.669
3375.000 23.088
3380.000 22.681
3385.000 18.778
3390.000 16.290
3395.000 11.970
3400.000 8.852
3405.000 7.717
3410.000 6.051
3415.000 5.370
3420.000 4.440
3425.000 4.079
3430.000 3.510
3435.000 3.137
3440.000 3.002
3445.000 2.778
3450.000 2.681
3455.000 2.507
3460.000 2.359
3465.000 2.292
3470.000 2.171
3475.000 2.120
3480.000 2.014
3485.000 1.881
3490.000 1.855
3495.000 1.742
3500.000 1.678
3505.000 1.564
3510.000 1.460
3515.000 1.419
3520.000 1.341
3525.000 1.308
3530.000 1.269
3535.000 1.234
3540.000 1.205
3545.000 1.146
3550.000 1.123
3555.000 1.084
3560.000 1.050
3565.000 1.033
3570.000 1.001
3575.000 0.986
3580.000 0.958
3585.000 0.940
3590.000 0.929
3595.000 0.909
3600.000 0.901
3605.000 0.883
3610.000 0.869
3615.000 0.863
3620.000 0.855
3625.000 0.872
3630.000 0.862
3635.000 0.848
3640.000 0.842
3645.000 0.834
3650.000 0.830
3655.000 0.821
3660.000 0.818
3665.000 0.814
3670.000 0.812
3675.000 0.811
3680.000 0.810
3685.000 0.810
3690.000 0.809
3695.000 0.810
3700.000 0.812
3705.000 0.818
3710.000 0.822
3715.000 0.828
3720.000 0.834
3725.000 0.837
3730.000 0.844
3735.000 0.853
3740.000 0.860
3745.000 0.870
3750.000 0.878
3755.000 0.888
3760.000 0.906
3765.000 0.917
3770.000 0.934
3775.000 0.944
3780.000 0.970
3785.000 0.997
3790.000 1.005
3795.000 1.028
3800.000 1.036
3805.000 1.060
3810.000 1.083
3815.000 1.095
3820.000 1.119
3825.000 1.136
3830.000 1.168
3835.000 1.199
3840.000 1.218
3845.000 1.263
3850.000 1.284
3855.000 1.335
3860.000 1.393
3865.000 1.422
3870.000 1.491
3875.000 1.530
3880.000 1.613
3885.000 1.712
3890.000 1.771
3895.000 1.888
3900.000 1.942
3905.000 2.058
3910.000 2.193
3915.000 2.270
3920.000 2.448
3925.000 2.557
3930.000 2.784
3935.000 3.175
3940.000 3.416
3945.000 3.891
3950.000 4.190
3955.000 4.965
3960.000 6.061
3965.000 6.816
3970.000 8.680
3975.000 9.890
3980.000 12.613
3985.000 14.791
3990.000 15.476
3995.000 15.213
4000.000 14.170
4005.000 11.108
4010.000 9.489
4015.000 7.096
4020.000 5.467
4025.000 4.877
4030.000 3.949
4035.000 3.634
4040.000 3.053
4045.000 2.691
4050.000 2.602
4055.000 2.406
4060.000 2.302
4065.000 2.137
4070.000 1.958
4075.000 1.883
4080.000 1.752
4085.000 1.698
4090.000 1.576
4095.000 1.455
4100.000 1.430
4105.000 1.329
4110.000 1.268
4115.000 1.163
4120.000 1.069
4125.000 1.029
4130.000 0.955
4135.000 0.924
4140.000 0.868
4145.000 0.818
4150.000 0.797
4155.000 0.759
4160.000 0.741
4165.000 0.705
4170.000 0.677
4175.000 0.666
4180.000 0.639
4185.000 0.630
4190.000 0.606
4195.000 0.600
4200.000 0.585
4205.000 0.568
4210.000 0.558
4215.000 0.541
4220.000 0.526
4225.000 0.520
4230.000 0.507
4235.000 0.503
4240.000 0.487
4245.000 0.472
4250.000 0.468
4255.000 0.465
4260.000 0.464
4265.000 0.449
4270.000 0.434
4275.000 0.428
4280.000 0.414
4285.000 0.409
4290.000 0.403
4295.000 0.401
4300.000 0.398
4305.000 0.390
4310.000 0.387
4315.000 0.382
4320.000 0.379
4325.000 0.375
4330.000 0.372
4335.000 0.372
4340.000 0.368
4345.000 0.367
4350.000 0.364
4355.000 0.363
4360.000 0.362
4365.000 0.360
4370.000 0.365
4375.000 0.377
4380.000 0.374
4385.000 0.371
4390.000 0.371
4395.000 0.370
4400.000 0.368
4405.000 0.367
4410.000 0.366
4415.000 0.364
4420.000 0.363
4425.000 0.364
4430.000 0.363
4435.000 0.364
4440.000 0.364
4445.000 0.362
4450.000 0.361
4455.000 0.363
4460.000 0.364
4465.000 0.367
4470.000 0.368
4475.000 0.369
4480.000 0.372
4485.000 0.374
4490.000 0.375
4495.000 0.377
4500.000 0.380
4505.000 0.386
4510.000 0.388
4515.000 0.391
4520.000 0.394
4525.000 0.398
4530.000 0.405
4535.000 0.409
4540.000 0.417
4545.000 0.421
4550.000 0.429
4555.000 0.439
4560.000 0.445
4565.000 0.453
4570.000 0.459
4575.000 0.474
4580.000 0.488
4585.000 0.495
4590.000 0.511
4595.000 0.524
4600.000 0.543
4605.000 0.564
4610.000 0.581
4615.000 0.610
4620.000 0.620
4625.000 0.654
4630.000 0.687
4635.000 0.707
4640.000 0.727
4645.000 0.743
4650.000 0.779
4655.000 0.807
4660.000 0.842
4665.000 0.890
4670.000 0.904
4675.000 0.941
4680.000 1.009
4685.000 1.045
4690.000 1.089
4695.000 1.114
4700.000 1.176
4705.000 1.268
4710.000 1.314
4715.000 1.412
4720.000 1.469
4725.000 1.608
4730.000 1.766
4735.000 1.867
4740.000 2.118
4745.000 2.288
4750.000 2.688
4755.000 3.253
4760.000 3.592
4765.000 4.363
4770.000 4.672
4775.000 4.981
4780.000 4.341
4785.000 3.823
4790.000 2.781
4795.000 2.366
4800.000 1.743
4805.000 1.321
4810.000 1.171
4815.000 0.953
4820.000 0.869
4825.000 0.726
4830.000 0.617
4835.000 0.576
4840.000 0.498
4845.000 0.464
4850.000 0.404
4855.000 0.354
4860.000 0.334
4865.000 0.302
4870.000 0.288
4875.000 0.265
4880.000 0.246
4885.000 0.241
4890.000 0.229
4895.000 0.223
4900.000 0.215
4905.000 0.215
4910.000 0.206
4915.000 0.202
4920.000 0.198
4925.000 0.196
4930.000 0.193
4935.000 0.191
4940.000 0.191
4945.000 0.189
4950.000 0.189
4955.000 0.188
4960.000 0.182
4965.000 0.179
4970.000 0.179
4975.000 0.181
4980.000 0.180
4985.000 0.179
4990.000 0.173
4995.000 0.178
5000.000 0.176
5005.000 0.187
5010.000 0.185
5015.000 0.188
5020.000 0.180
5025.000 0.188
5030.000 0.177
5035.000 0.186
5040.000 0.180
5045.000 0.182
5050.000 0.192
5055.000 0.189
5060.000 0.193
5065.000 0.193
5070.000 0.197
5075.000 0.200
5080.000 0.198
5085.000 0.197
5090.000 0.198
5095.000 0.200
5100.000 0.202
5105.000 0.202
5110.000 0.205
5115.000 0.207
5120.000 0.210
5125.000 0.214
5130.000 0.214
5135.000 0.216
5140.000 0.217
5145.000 0.217
5150.000 0.218
5155.000 0.221
5160.000 0.222
5165.000 0.222
5170.000 0.224
5175.000 0.229
5180.000 0.232
5185.000 0.231
5190.000 0.229
5195.000 0.230
5200.000 0.232
5205.000 0.233
5210.000 0.230
5215.000 0.233
5220.000 0.236
5225.000 0.234
5230.000 0.232
5235.000 0.232
5240.000 0.233
5245.000 0.232
5250.000 0.231
5255.000 0.229
5260.000 0.230
5265.000 0.234
5270.000 0.232
5275.000 0.228
5280.000 0.231
5285.000 0.230
5290.000 0.228
5295.000 0.227
5300.000 0.225
5305.000 0.225
5310.000 0.224
5315.000 0.224
5320.000 0.222
5325.000 0.222
5330.000 0.221
5335.000 0.221
5340.000 0.219
5345.000 0.222
5350.000 0.219
5355.000 0.221
5360.000 0.222
5365.000 0.220
5370.000 0.220
5375.000 0.221
5380.000 0.223
5385.000 0.224
5390.000 0.224
5395.000 0.226
5400.000 0.227
5405.000 0.228
5410.000 0.227
5415.000 0.227
5420.000 0.227
5425.000 0.226
5430.000 0.226
5435.000 0.227
5440.000 0.227
5445.000 0.227
5450.000 0.228
5455.000 0.230
5460.000 0.229
5465.000 0.230
5470.000 0.231
5475.000 0.230
5480.000 0.233
5485.000 0.233
5490.000 0.232
5495.000 0.234
5500.000 0.235
5505.000 0.235
5510.000 0.239
5515.000 0.238
5520.000 0.248
5525.000 0.253
5530.000 0.251
5535.000 0.252
5540.000 0.249
5545.000 0.246
5550.000 0.242
5555.000 0.247
5560.000 0.243
5565.000 0.244
5570.000 0.249
5575.000 0.248
5580.000 0.249
5585.000 0.247
5590.000 0.246
5595.000 0.241
5600.000 0.243
5605.000 0.243
5610.000 0.244
5615.000 0.243
5620.000 0.244
5625.000 0.243
5630.000 0.245
5635.000 0.243
5640.000 0.241
5645.000 0.244
5650.000 0.243
5655.000 0.243
5660.000 0.244
5665.000 0.244
5670.000 0.246
5675.000 0.244
5680.000 0.240
5685.000 0.243
5690.000 0.243
5695.000 0.248
5700.000 0.250
5705.000 0.253
5710.000 0.258
5715.000 0.258
5720.000 0.256
5725.000 0.253
5730.000 0.256
5735.000 0.253
5740.000 0.253
5745.000 0.251
5750.000 0.251
5755.000 0.250
5760.000 0.252
5765.000 0.252
5770.000 0.252
5775.000 0.252
5780.000 0.252
5785.000 0.252
5790.000 0.249
5795.000 0.247
5800.000 0.246
5805.000 0.249
5810.000 0.251
5815.000 0.249
5820.000 0.248
5825.000 0.252
5830.000 0.249
5835.000 0.250
5840.000 0.252
5845.000 0.252
5850.000 0.252
5855.000 0.252
5860.000 0.252
5865.000 0.251
5870.000 0.252
5875.000 0.254
5880.000 0.254
5885.000 0.252
5890.000 0.252
5895.000 0.262
5900.000 0.264
5905.000 0.265
5910.000 0.262
5915.000 0.265
5920.000 0.258
5925.000 0.267
5930.000 0.265
5935.000 0.261
5940.000 0.263
5945.000 0.262
5950.000 0.260
5955.000 0.261
5960.000 0.260
5965.000 0.255
5970.000 0.258
5975.000 0.267
5980.000 0.265
5985.000 0.265
5990.000 0.275
5995.000 0.278
6000.000 0.287
6005.000 0.278
6010.000 0.270
6015.000 0.270
6020.000 0.278
6025.000 0.276
6030.000 0.267
6035.000 0.276
6040.000 0.269
6045.000 0.271
6050.000 0.278
6055.000 0.269
6060.000 0.273
6065.000 0.275
6070.000 0.271
6075.000 0.270
6080.000 0.269
6085.000 0.275
6090.000 0.276
6095.000 0.278
6100.000 0.275
6105.000 0.278
6110.000 0.278
6115.000 0.276
6120.000 0.277
6125.000 0.279
6130.000 0.285
6135.000 0.279
6140.000 0.277
6145.000 0.285
6150.000 0.283
6155.000 0.284
6160.000 0.285
6165.000 0.287
6170.000 0.291
6175.000 0.288
6180.000 0.293
6185.000 0.293
6190.000 0.294
6195.000 0.295
6200.000 0.296
6205.000 0.305
6210.000 0.303
6215.000 0.302
6220.000 0.304
6225.000 0.300
6230.000 0.324
6235.000 0.329
6240.000 0.324
6245.000 0.325
6250.000 0.322
6255.000 0.325
6260.000 0.323
6265.000 0.322
6270.000 0.325
6275.000 0.325
6280.000 0.331
6285.000 0.330
6290.000 0.333
6295.000 0.330
6300.000 0.337
6305.000 0.341
6310.000 0.363
6315.000 0.355
6320.000 0.360
6325.000 0.359
6330.000 0.358
6335.000 0.357
6340.000 0.360
6345.000 0.365
6350.000 0.367
6355.000 0.368
6360.000 0.379
6365.000 0.379
6370.000 0.386
6375.000 0.389
6380.000 0.391
6385.000 0.398
6390.000 0.402
6395.000 0.407
6400.000 0.411
6405.000 0.415
6410.000 0.422
6415.000 0.429
6420.000 0.436
6425.000 0.440
6430.000 0.449
6435.000 0.454
6440.000 0.460
6445.000 0.474
6450.000 0.479
6455.000 0.488
6460.000 0.500
6465.000 0.506
6470.000 0.518
6475.000 0.545
6480.000 0.552
6485.000 0.566
6490.000 0.570
6495.000 0.580
6500.000 0.590
6505.000 0.603
6510.000 0.629
6515.000 0.640
6520.000 0.659
6525.000 0.666
6530.000 0.695
6535.000 0.730
6540.000 0.741
6545.000 0.761
6550.000 0.774
6555.000 0.803
6560.000 0.834
6565.000 0.853
6570.000 0.894
6575.000 0.913
6580.000 0.961
6585.000 1.012
6590.000 1.041
6595.000 1.108
6600.000 1.147
6605.000 1.223
6610.000 1.306
6615.000 1.351
6620.000 1.486
6625.000 1.541
6630.000 1.675
6635.000 1.860
6640.000 1.955
6645.000 2.242
6650.000 2.423
6655.000 2.802
6660.000 3.338
6665.000 3.701
6670.000 4.639
6675.000 5.239
6680.000 6.822
6685.000 7.921
6690.000 10.203
6695.000 12.668
6700.000 13.807
6705.000 15.222
6710.000 15.280
6715.000 13.610
6720.000 10.480
6725.000 9.054
6730.000 6.762
6735.000 5.884
6740.000 4.595
6745.000 3.736
6750.000 3.409
6755.000 2.888
6760.000 2.696
6765.000 2.389
6770.000 2.193
6775.000 2.114
6780.000 1.978
6785.000 1.921
6790.000 1.818
6795.000 1.726
6800.000 1.685
6805.000 1.614
6810.000 1.584
6815.000 1.520
6820.000 1.464
6825.000 1.441
6830.000 1.399
6835.000 1.372
6840.000 1.333
6845.000 1.294
6850.000 1.281
6855.000 1.242
6860.000 1.217
6865.000 1.177
6870.000 1.152
6875.000 1.142
6880.000 1.115
6885.000 1.101
6890.000 1.088
6895.000 1.074
6900.000 1.064
6905.000 1.054
6910.000 1.048
6915.000 1.041
6920.000 1.047
6925.000 1.047
6930.000 1.045
6935.000 1.048
6940.000 1.058
6945.000 1.095
6950.000 1.093
6955.000 1.092
6960.000 1.093
6965.000 1.100
6970.000 1.119
6975.000 1.126
6980.000 1.149
6985.000 1.164
6990.000 1.177
6995.000 1.193
7000.000 1.214
7005.000 1.229
7010.000 1.243
7015.000 1.264
7020.000 1.312
7025.000 1.316
7030.000 1.347
7035.000 1.376
7040.000 1.423
7045.000 1.474
7050.000 1.505
7055.000 1.581
7060.000 1.622
7065.000 1.673
7070.000 1.740
7075.000 1.776
7080.000 1.868
7085.000 1.920
7090.000 2.048
7095.000 2.172
7100.000 2.276
7105.000 2.447
7110.000 2.537
7115.000 2.777
7120.000 3.089
7125.000 3.277
7130.000 3.756
7135.000 4.068
7140.000 4.827
7145.000 5.819
7150.000 6.411
7155.000 7.821
7160.000 8.602
7165.000 10.109
7170.000 11.103
7175.000 11.184
7180.000 10.317
7185.000 9.482
7190.000 7.681
7195.000 6.090
7200.000 5.461
7205.000 4.459
7210.000 4.062
7215.000 3.444
7220.000 3.030
7225.000 2.884
7230.000 2.617
7235.000 2.499
7240.000 2.307
7245.000 2.139
7250.000 2.059
7255.000 1.918
7260.000 1.868
7265.000 1.762
7270.000 1.649
7275.000 1.606
7280.000 1.517
7285.000 1.483
7290.000 1.410
7295.000 1.376
7300.000 1.315
7305.000 1.268
7310.000 1.246
7315.000 1.196
7320.000 1.169
7325.000 1.109
7330.000 1.057
7335.000 1.034
7340.000 0.994
7345.000 0.973
7350.000 0.936
7355.000 0.905
7360.000 0.906
7365.000 0.874
7370.000 0.866
7375.000 0.831
7380.000 0.802
7385.000 0.791
7390.000 0.769
7395.000 0.758
7400.000 0.740
7405.000 0.726
7410.000 0.727
7415.000 0.719
7420.000 0.711
7425.000 0.696
7430.000 0.674
7435.000 0.670
7440.000 0.668
7445.000 0.667
7450.000 0.684
7455.000 0.680
7460.000 0.667
7465.000 0.653
7470.000 0.650
7475.000 0.638
7480.000 0.631
7485.000 0.626
7490.000 0.654
7495.000 0.648
7500.000 0.635
7505.000 0.626
7510.000 0.620
7515.000 0.614
7520.000 0.616
7525.000 0.624
7530.000 0.631
7535.000 0.634
7540.000 0.636
7545.000 0.633
7550.000 0.622
7555.000 0.615
7560.000 0.616
7565.000 0.617
7570.000 0.615
7575.000 0.618
7580.000 0.623
7585.000 0.632
7590.000 0.635
7595.000 0.637
7600.000 0.638
7605.000 0.642
7610.000 0.651
7615.000 0.659
7620.000 0.669
7625.000 0.674
7630.000 0.681
7635.000 0.693
7640.000 0.704
7645.000 0.732
7650.000 0.767
7655.000 0.781
7660.000 0.796
7665.000 0.816
7670.000 0.829
7675.000 0.845
7680.000 0.854
7685.000 0.882
7690.000 0.918
7695.000 0.937
7700.000 1.001
7705.000 1.010
7710.000 1.035
7715.000 1.088
7720.000 1.125
7725.000 1.174
7730.000 1.195
7735.000 1.239
7740.000 1.302
7745.000 1.346
7750.000 1.455
7755.000 1.505
7760.000 1.606
7765.000 1.752
7770.000 1.826
7775.000 2.019
7780.000 2.187
7785.000 2.534
7790.000 2.954
7795.000 3.191
7800.000 3.688
7805.000 3.916
7810.000 4.074
7815.000 3.813
7820.000 3.534
7825.000 2.892
7830.000 2.605
7835.000 2.109
7840.000 1.731
7845.000 1.586
7850.000 1.346
7855.000 1.248
7860.000 1.089
7865.000 0.960
7870.000 0.903
7875.000 0.800
7880.000 0.760
7885.000 0.682
7890.000 0.608
7895.000 0.582
7900.000 0.522
7905.000 0.509
7910.000 0.455
7915.000 0.409
7920.000 0.388
7925.000 0.354
7930.000 0.341
7935.000 0.314
7940.000 0.292
7945.000 0.281
7950.000 0.262
7955.000 0.258
7960.000 0.241
7965.000 0.228
7970.000 0.225
7975.000 0.222
7980.000 0.217
7985.000 0.216
7990.000 0.214
7995.000 0.220
8000.000 0.219
8005.000 0.227
8010.000 0.224
8015.000 0.215
8020.000 0.202
8025.000 0.194
8030.000 0.180
8035.000 0.182
8040.000 0.171
8045.000 0.172
8050.000 0.173
8055.000 0.167
8060.000 0.164
8065.000 0.159
8070.000 0.159
8075.000 0.157
8080.000 0.156
8085.000 0.156
8090.000 0.153
8095.000 0.154
8100.000 0.153
8105.000 0.151
8110.000 0.151
8115.000 0.153
8120.000 0.151
8125.000 0.152
8130.000 0.151
8135.000 0.160
8140.000 0.158
8145.000 0.157
8150.000 0.156
8155.000 0.156
8160.000 0.163
8165.000 0.161
8170.000 0.161
8175.000 0.158
8180.000 0.156
8185.000 0.155
8190.000 0.155
8195.000 0.154
8200.000 0.156
8205.000 0.153
8210.000 0.153
8215.000 0.155
8220.000 0.154
8225.000 0.156
8230.000 0.155
8235.000 0.155
8240.000 0.155
8245.000 0.156
8250.000 0.155
8255.000 0.156
8260.000 0.158
8265.000 0.156
8270.000 0.157
8275.000 0.159
8280.000 0.158
8285.000 0.159
8290.000 0.159
8295.000 0.167
8300.000 0.171
8305.000 0.169
8310.000 0.165
8315.000 0.169
8320.000 0.167
8325.000 0.168
8330.000 0.169
8335.000 0.168
8340.000 0.166
8345.000 0.165
8350.000 0.167
8355.000 0.166
8360.000 0.165
8365.000 0.164
8370.000 0.164
8375.000 0.165
8380.000 0.165
8385.000 0.166
8390.000 0.166
8395.000 0.166
8400.000 0.165
8405.000 0.164
8410.000 0.164
8415.000 0.165
8420.000 0.165
8425.000 0.165
8430.000 0.165
8435.000 0.165
8440.000 0.165
8445.000 0.167
8450.000 0.167
8455.000 0.167
8460.000 0.169
8465.000 0.168
8470.000 0.169
8475.000 0.169
8480.000 0.178
8485.000 0.179
8490.000 0.181
8495.000 0.181
8500.000 0.180
8505.000 0.181
8510.000 0.179
8515.000 0.178
8520.000 0.179
8525.000 0.178
8530.000 0.176
8535.000 0.177
8540.000 0.176
8545.000 0.175
8550.000 0.178
8555.000 0.176
8560.000 0.177
8565.000 0.177
8570.000 0.175
8575.000 0.174
8580.000 0.175
8585.000 0.177
8590.000 0.180
8595.000 0.179
8600.000 0.179
8605.000 0.182
8610.000 0.179
8615.000 0.179
8620.000 0.179
8625.000 0.178
8630.000 0.177
8635.000 0.182
8640.000 0.182
8645.000 0.179
8650.000 0.181
8655.000 0.181
8660.000 0.181
8665.000 0.181
8670.000 0.181
8675.000 0.182
8680.000 0.184
8685.000 0.190
8690.000 0.191
8695.000 0.188
8700.000 0.186
8705.000 0.186
8710.000 0.185
8715.000 0.183
8720.000 0.184
8725.000 0.181
8730.000 0.183
8735.000 0.187
8740.000 0.186
8745.000 0.184
8750.000 0.183
8755.000 0.182
8760.000 0.180
8765.000 0.180
8770.000 0.178
8775.000 0.182
8780.000 0.184
8785.000 0.188
8790.000 0.192
8795.000 0.194
8800.000 0.193
8805.000 0.198
8810.000 0.197
8815.000 0.196
8820.000 0.204
8825.000 0.207
8830.000 0.202
8835.000 0.201
8840.000 0.200
8845.000 0.203
8850.000 0.203
8855.000 0.205
8860.000 0.203
8865.000 0.204
8870.000 0.202
8875.000 0.207
8880.000 0.206
8885.000 0.202
8890.000 0.199
8895.000 0.198
8900.000 0.196
8905.000 0.194
8910.000 0.192
8915.000 0.190
8920.000 0.190
8925.000 0.190
8930.000 0.188
8935.000 0.190
8940.000 0.189
8945.000 0.189
8950.000 0.191
8955.000 0.189
8960.000 0.188
8965.000 0.193
8970.000 0.192
8975.000 0.193
8980.000 0.197
8985.000 0.194
8990.000 0.188
8995.000 0.191
9000.000 0.195
9005.000 0.187
9010.000 0.192
9015.000 0.193
9020.000 0.191
9025.000 0.196
9030.000 0.194
9035.000 0.188
9040.000 0.191
9045.000 0.187
9050.000 0.188
9055.000 0.195
9060.000 0.191
9065.000 0.193
9070.000 0.189
9075.000 0.191
9080.000 0.191
9085.000 0.190
9090.000 0.188
9095.000 0.189
9100.000 0.191
9105.000 0.188
9110.000 0.185
9115.000 0.187
9120.000 0.188
9125.000 0.191
9130.000 0.194
9135.000 0.198
9140.000 0.200
9145.000 0.200
9150.000 0.200
9155.000 0.201
9160.000 0.200
9165.000 0.200
9170.000 0.201
9175.000 0.200
9180.000 0.201
9185.000 0.201
9190.000 0.202
9195.000 0.200
9200.000 0.200
9205.000 0.199
9210.000 0.199
9215.000 0.199
9220.000 0.200
9225.000 0.198
9230.000 0.197
9235.000 0.198
9240.000 0.199
9245.000 0.197
9250.000 0.200
9255.000 0.198
9260.000 0.198
9265.000 0.198
9270.000 0.200
9275.000 0.201
9280.000 0.198
9285.000 0.197
9290.000 0.197
9295.000 0.198
9300.000 0.196
9305.000 0.197
9310.000 0.198
9315.000 0.200
9320.000 0.196
9325.000 0.198
9330.000 0.196
9335.000 0.196
9340.000 0.198
9345.000 0.199
9350.000 0.195
9355.000 0.195
9360.000 0.192
9365.000 0.197
9370.000 0.196
9375.000 0.194
9380.000 0.196
9385.000 0.198
9390.000 0.196
9395.000 0.198
9400.000 0.196
9405.000 0.197
9410.000 0.195
9415.000 0.196
9420.000 0.192
9425.000 0.196
9430.000 0.195
9435.000 0.193
9440.000 0.194
9445.000 0.192
9450.000 0.191
9455.000 0.192
9460.000 0.191
9465.000 0.191
9470.000 0.190
9475.000 0.188
9480.000 0.189
9485.000 0.189
9490.000 0.187
9495.000 0.187
9500.000 0.187
9505.000 0.185
9510.000 0.185
9515.000 0.184
9520.000 0.185
9525.000 0.184
9530.000 0.184
9535.000 0.181
9540.000 0.181
9545.000 0.178
9550.000 0.178
9555.000 0.178
9560.000 0.175
9565.000 0.177
9570.000 0.178
9575.000 0.173
9580.000 0.175
9585.000 0.172
9590.000 0.173
9595.000 0.169
9600.000 0.168
9605.000 0.171
9610.000 0.166
9615.000 0.166
9620.000 0.162
9625.000 0.163
9630.000 0.160
9635.000 0.158
9640.000 0.159
9645.000 0.157
9650.000 0.153
9655.000 0.150
9660.000 0.151
9665.000 0.151
9670.000 0.147
9675.000 0.147
9680.000 0.143
9685.000 0.144
9690.000 0.139
9695.000 0.139
9700.000 0.134
9705.000 0.132
9710.000 0.130
9715.000 0.128
9720.000 0.126
9725.000 0.123
9730.000 0.117
9735.000 0.115
9740.000 0.110
9745.000 0.107
9750.000 0.103
9755.000 0.101
9760.000 0.096
9765.000 0.093
9770.000 0.088
9775.000 0.084
9780.000 0.079
9785.000 0.075
9790.000 0.069
9795.000 0.062
9800.000 0.058
9805.000 0.055
9810.000 0.048
9815.000 0.041
9820.000 0.034
9825.000 0.029
9830.000 0.017
9835.000 0.013
9840.000 0.006
9845.000 0.009
9850.000 0.015
9855.000 0.025
9860.000 0.035
9865.000 0.047
9870.000 0.068
9875.000 0.078
9880.000 0.100
9885.000 0.113
9890.000 0.140
9895.000 0.172
9900.000 0.192
9905.000 0.235
9910.000 0.258
9915.000 0.316
9920.000 0.396
9925.000 0.445
9930.000 0.551
9935.000 0.619
9940.000 0.777
9945.000 0.983
9950.000 1.117
9955.000 1.420
9960.000 1.594
9965.000 1.968
9970.000 2.175
9975.000 2.669
9980.000 3.211
9985.000 3.533
9990.000 4.214
9995.000 4.555
10000.000 5.125
10005.000 5.326
10010.000 5.228
10015.000 4.824
10020.000 4.580
10025.000 4.036
10030.000 3.452
10035.000 3.200
10040.000 2.725
10045.000 2.506
10050.000 2.169
10055.000 1.877
10060.000 1.739
10065.000 1.516
10070.000 1.413
10075.000 1.259
10080.000 1.148
10085.000 1.125
10090.000 1.063
10095.000 1.034
10100.000 0.994
10105.000 0.956
10110.000 0.945
10115.000 0.921
10120.000 0.907
10125.000 0.886
10130.000 0.866
10135.000 0.860
10140.000 0.847
10145.000 0.839
10150.000 0.847
10155.000 0.845
10160.000 0.838
10165.000 0.825
10170.000 0.824
10175.000 0.815
10180.000 0.812
10185.000 0.811
10190.000 0.804
10195.000 0.806
10200.000 0.801
10205.000 0.797
10210.000 0.798
10215.000 0.798
10220.000 0.800
10225.000 0.806
10230.000 0.810
10235.000 0.810
10240.000 0.827
10245.000 0.841
10250.000 0.855
10255.000 0.868
10260.000 0.872
10265.000 0.883
10270.000 0.893
10275.000 0.908
10280.000 0.932
10285.000 0.939
10290.000 0.959
10295.000 0.968
10300.000 0.993
10305.000 1.019
10310.000 1.030
10315.000 1.061
10320.000 1.080
10325.000 1.112
10330.000 1.153
10335.000 1.174
10340.000 1.222
10345.000 1.249
10350.000 1.310
10355.000 1.376
10360.000 1.414
10365.000 1.499
10370.000 1.555
10375.000 1.683
10380.000 1.811
10385.000 1.876
10390.000 2.035
10395.000 2.127
10400.000 2.337
10405.000 2.600
10410.000 2.749
10415.000 3.033
10420.000 3.156
10425.000 3.299
10430.000 3.238
10435.000 3.126
10440.000 2.820
10445.000 2.659
10450.000 2.334
10455.000 2.024
10460.000 1.884
10465.000 1.636
10470.000 1.522
10475.000 1.335
10480.000 1.178
10485.000 1.102
10490.000 0.976
10495.000 0.923
10500.000 0.828
10505.000 0.749
10510.000 0.711
10515.000 0.642
10520.000 0.612
10525.000 0.557
10530.000 0.509
10535.000 0.484
10540.000 0.444
10545.000 0.422
10550.000 0.381
10555.000 0.364
10560.000 0.329
10565.000 0.303
10570.000 0.294
10575.000 0.271
10580.000 0.261
10585.000 0.246
10590.000 0.232
10595.000 0.225
10600.000 0.209
10605.000 0.204
10610.000 0.189
10615.000 0.177
10620.000 0.170
10625.000 0.161
10630.000 0.155
10635.000 0.142
10640.000 0.135
10645.000 0.130
10650.000 0.122
10655.000 0.118
10660.000 0.111
10665.000 0.105
10670.000 0.105
10675.000 0.096
10680.000 0.093
10685.000 0.089
10690.000 0.080
10695.000 0.076
10700.000 0.070
10705.000 0.067
10710.000 0.060
10715.000 0.057
10720.000 0.056
10725.000 0.052
10730.000 0.051
10735.000 0.051
10740.000 0.048
10745.000 0.047
10750.000 0.048
10755.000 0.050
10760.000 0.050
10765.000 0.052
10770.000 0.052
10775.000 0.055
10780.000 0.054
10785.000 0.057
10790.000 0.058
10795.000 0.060
10800.000 0.063
10805.000 0.064
10810.000 0.066
10815.000 0.073
10820.000 0.075
10825.000 0.081
10830.000 0.084
10835.000 0.088
10840.000 0.096
10845.000 0.102
10850.000 0.110
10855.000 0.112
10860.000 0.124
10865.000 0.126
10870.000 0.141
10875.000 0.157
10880.000 0.164
10885.000 0.182
10890.000 0.195
10895.000 0.225
10900.000 0.261
10905.000 0.285
10910.000 0.347
10915.000 0.385
10920.000 0.483
10925.000 0.615
10930.000 0.692
10935.000 0.841
10940.000 0.935
10945.000 1.143
10950.000 1.386
10955.000 1.517
10960.000 1.787
10965.000 1.911
10970.000 2.118
10975.000 2.210
10980.000 2.198
10985.000 2.046
10990.000 1.922
10995.000 1.677
11000.000 1.411
11005.000 1.306
11010.000 1.101
11015.000 1.013
11020.000 0.870
11025.000 0.772
11030.000 0.724
11035.000 0.663
11040.000 0.634
11045.000 0.631
11050.000 0.581
11055.000 0.558
11060.000 0.525
11065.000 0.513
11070.000 0.487
11075.000 0.472
11080.000 0.464
11085.000 0.450
11090.000 0.441
11095.000 0.429
11100.000 0.420
11105.000 0.413
11110.000 0.404
11115.000 0.399
11120.000 0.398
11125.000 0.391
11130.000 0.386
11135.000 0.377
11140.000 0.372
11145.000 0.367
11150.000 0.362
11155.000 0.358
11160.000 0.355
11165.000 0.350
11170.000 0.347
11175.000 0.339
11180.000 0.337
11185.000 0.332
11190.000 0.331
11195.000 0.331
11200.000 0.326
11205.000 0.323
11210.000 0.317
11215.000 0.316
11220.000 0.316
11225.000 0.317
11230.000 0.315
11235.000 0.308
11240.000 0.311
11245.000 0.307
11250.000 0.304
11255.000 0.301
11260.000 0.297
11265.000 0.298
11270.000 0.296
11275.000 0.297
11280.000 0.294
11285.000 0.293
11290.000 0.294
11295.000 0.293
11300.000 0.288
11305.000 0.289
11310.000 0.290
11315.000 0.289
11320.000 0.286
11325.000 0.286
11330.000 0.285
11335.000 0.285
11340.000 0.286
11345.000 0.282
11350.000 0.283
11355.000 0.281
11360.000 0.279
11365.000 0.279
11370.000 0.280
11375.000 0.273
11380.000 0.273
11385.000 0.276
11390.000 0.276
11395.000 0.275
11400.000 0.271
11405.000 0.272
11410.000 0.273
11415.000 0.268
11420.000 0.272
11425.000 0.271
11430.000 0.266
11435.000 0.269
11440.000 0.268
11445.000 0.268
11450.000 0.269
11455.000 0.266
11460.000 0.267
11465.000 0.266
11470.000 0.263
11475.000 0.263
11480.000 0.264
11485.000 0.265
11490.000 0.264
11495.000 0.261
11500.000 0.263
11505.000 0.260
11510.000 0.261
11515.000 0.260
11520.000 0.261
11525.000 0.259
11530.000 0.259
11535.000 0.259
11540.000 0.261
11545.000 0.264
11550.000 0.262
11555.000 0.259
11560.000 0.259
11565.000 0.258
11570.000 0.258
11575.000 0.258
11580.000 0.260
11585.000 0.260
11590.000 0.257
11595.000 0.254
11600.000 0.255
11605.000 0.257
11610.000 0.257
11615.000 0.257
11620.000 0.258
11625.000 0.254
11630.000 0.259
11635.000 0.262
11640.000 0.259
11645.000 0.258
11650.000 0.258
11655.000 0.253
11660.000 0.254
11665.000 0.254
11670.000 0.253
11675.000 0.255
11680.000 0.255
11685.000 0.255
11690.000 0.253
11695.000 0.254
11700.000 0.253
11705.000 0.251
11710.000 0.253
11715.000 0.250
11720.000 0.251
11725.000 0.251
11730.000 0.251
11735.000 0.250
11740.000 0.250
11745.000 0.249
11750.000 0.250
11755.000 0.247
11760.000 0.251
11765.000 0.247
11770.000 0.252
11775.000 0.248
11780.000 0.250
11785.000 0.253
11790.000 0.254
11795.000 0.252
11800.000 0.250
11805.000 0.248
11810.000 0.249
11815.000 0.247
11820.000 0.248
11825.000 0.251
11830.000 0.249
11835.000 0.245
11840.000 0.245
11845.000 0.246
11850.000 0.246
11855.000 0.245
11860.000 0.243
11865.000 0.242
11870.000 0.245
11875.000 0.244
11880.000 0.242
11885.000 0.243
11890.000 0.244
11895.000 0.245
11900.000 0.242
11905.000 0.244
11910.000 0.242
11915.000 0.243
11920.000 0.244
11925.000 0.242
11930.000 0.238
11935.000 0.241
11940.000 0.243
11945.000 0.243
11950.000 0.242
11955.000 0.241
11960.000 0.242
11965.000 0.240
11970.000 0.243
11975.000 0.241
11980.000 0.242
11985.000 0.242
11990.000 0.243
11995.000 0.245
12000.000 0.242
