105.000 0.034
110.000 0.060
115.000 4.557
120.000 5.386
125.000 5.628
130.000 6.057
135.000 6.210
140.000 6.118
145.000 6.456
150.000 6.409
155.000 6.610
160.000 6.701
165.000 6.521
170.000 6.320
175.000 6.044
180.000 5.772
185.000 5.696
190.000 5.520
195.000 5.408
200.000 5.478
205.000 5.578
210.000 5.636
215.000 5.700
220.000 5.879
225.000 6.076
230.000 6.110
235.000 6.131
240.000 5.949
245.000 5.998
250.000 6.094
255.000 6.303
260.000 6.491
265.000 6.891
270.000 7.442
275.000 7.596
280.000 8.200
285.000 8.397
290.000 8.762
295.000 9.194
300.000 9.652
305.000 9.976
310.000 10.204
315.000 10.798
320.000 11.447
325.000 11.658
330.000 12.243
335.000 12.660
340.000 13.366
345.000 14.002
350.000 14.313
355.000 14.946
360.000 15.268
365.000 15.946
370.000 16.847
375.000 17.186
380.000 17.944
385.000 18.293
390.000 19.177
395.000 20.193
400.000 20.725
405.000 22.015
410.000 22.810
415.000 24.541
420.000 26.513
425.000 27.527
430.000 29.535
435.000 30.481
440.000 31.999
445.000 33.197
450.000 33.674
455.000 34.286
460.000 34.513
465.000 34.672
470.000 34.677
475.000 34.585
480.000 34.434
485.000 34.385
490.000 34.071
495.000 33.970
500.000 33.985
505.000 34.091
510.000 34.233
515.000 34.493
520.000 34.998
525.000 35.277
530.000 36.087
535.000 36.631
540.000 38.124
545.000 38.869
550.000 40.996
555.000 43.504
560.000 45.532
565.000 49.722
570.000 52.304
575.000 58.291
580.000 65.038
585.000 67.994
590.000 68.187
595.000 67.794
600.000 61.507
605.000 41.168
610.000 34.647
615.000 25.923
620.000 22.834
625.000 17.959
630.000 14.332
635.000 12.858
640.000 10.432
645.000 9.436
650.000 7.911
655.000 6.618
660.000 6.114
665.000 5.239
670.000 4.893
675.000 4.264
680.000 3.741
685.000 3.531
690.000 3.147
695.000 2.989
700.000 2.696
705.000 2.454
710.000 2.346
715.000 2.136
720.000 2.059
725.000 1.893
730.000 1.753
735.000 1.695
740.000 1.570
745.000 1.527
750.000 1.422
755.000 1.336
760.000 1.298
765.000 1.219
770.000 1.187
775.000 1.123
780.000 1.072
785.000 1.047
790.000 1.011
795.000 0.985
800.000 0.931
805.000 0.880
810.000 0.856
815.000 0.814
820.000 0.790
825.000 0.740
830.000 0.698
835.000 0.682
840.000 0.650
845.000 0.635
850.000 0.602
855.000 0.581
860.000 0.566
865.000 0.545
870.000 0.531
875.000 0.512
880.000 0.490
885.000 0.481
890.000 0.464
895.000 0.452
900.000 0.438
905.000 0.421
910.000 0.416
915.000 0.403
920.000 0.396
925.000 0.379
930.000 0.371
935.000 0.371
940.000 0.355
945.000 0.347
950.000 0.340
955.000 0.331
960.000 0.323
965.000 0.311
970.000 0.310
975.000 0.308
980.000 0.306
985.000 0.302
990.000 0.292
995.000 0.295
1000.000 0.289
1005.000 0.293
1010.000 0.293
1015.000 0.298
1020.000 0.292
1025.000 0.300
1030.000 0.307
1035.000 0.314
1040.000 0.323
1045.000 0.329
1050.000 0.342
1055.000 0.361
1060.000 0.372
1065.000 0.397
1070.000 0.412
1075.000 0.447
1080.000 0.488
1085.000 0.522
1090.000 0.577
1095.000 0.617
1100.000 0.706
1105.000 0.827
1110.000 0.907
1115.000 1.131
1120.000 1.282
1125.000 1.742
1130.000 2.089
1135.000 3.083
1140.000 4.380
1145.000 5.130
1150.000 6.635
1155.000 6.962
1160.000 6.001
1165.000 4.449
1170.000 3.876
1175.000 3.041
1180.000 2.718
1185.000 2.219
1190.000 1.873
1195.000 1.725
1200.000 1.496
1205.000 1.407
1210.000 1.257
1215.000 1.140
1220.000 1.100
1225.000 1.028
1230.000 1.005
1235.000 0.961
1240.000 0.924
1245.000 0.906
1250.000 0.878
1255.000 0.874
1260.000 0.843
1265.000 0.819
1270.000 0.805
1275.000 0.789
1280.000 0.782
1285.000 0.769
1290.000 0.758
1295.000 0.754
1300.000 0.748
1305.000 0.746
1310.000 0.738
1315.000 0.743
1320.000 0.739
1325.000 0.737
1330.000 0.736
1335.000 0.734
1340.000 0.732
1345.000 0.733
1350.000 0.729
1355.000 0.739
1360.000 0.736
1365.000 0.738
1370.000 0.739
1375.000 0.745
1380.000 0.750
1385.000 0.757
1390.000 0.758
1395.000 0.762
1400.000 0.773
1405.000 0.773
1410.000 0.781
1415.000 0.790
1420.000 0.794
1425.000 0.811
1430.000 0.813
1435.000 0.823
1440.000 0.841
1445.000 0.844
1450.000 0.859
1455.000 0.864
1460.000 0.884
1465.000 0.899
1470.000 0.911
1475.000 0.924
1480.000 0.934
1485.000 0.958
1490.000 0.981
1495.000 0.993
1500.000 1.017
1505.000 1.034
1510.000 1.058
1515.000 1.091
1520.000 1.108
1525.000 1.144
1530.000 1.159
1535.000 1.192
1540.000 1.229
1545.000 1.249
1550.000 1.288
1555.000 1.308
1560.000 1.351
1565.000 1.401
1570.000 1.426
1575.000 1.480
1580.000 1.509
1585.000 1.566
1590.000 1.632
1595.000 1.663
1600.000 1.738
1605.000 1.778
1610.000 1.861
1615.000 1.950
1620.000 2.000
1625.000 2.094
1630.000 2.155
1635.000 2.278
1640.000 2.425
1645.000 2.517
1650.000 2.759
1655.000 2.915
1660.000 3.336
1665.000 4.002
1670.000 4.496
1675.000 5.919
1680.000 6.931
1685.000 9.742
1690.000 13.669
1695.000 15.956
1700.000 20.476
1705.000 22.049
1710.000 22.135
1715.000 20.498
1720.000 16.023
1725.000 12.288
1730.000 10.829
1735.000 8.539
1740.000 7.654
1745.000 6.307
1750.000 5.353
1755.000 4.977
1760.000 4.370
1765.000 4.126
1770.000 3.753
1775.000 3.520
1780.000 3.418
1785.000 3.237
1790.000 3.156
1795.000 3.011
1800.000 2.885
1805.000 2.829
1810.000 2.720
1815.000 2.673
1820.000 2.590
1825.000 2.514
1830.000 2.470
1835.000 2.407
1840.000 2.381
1845.000 2.330
1850.000 2.283
1855.000 2.257
1860.000 2.218
1865.000 2.198
1870.000 2.162
1875.000 2.125
1880.000 2.110
1885.000 2.080
1890.000 2.063
1895.000 2.041
1900.000 2.020
1905.000 2.016
1910.000 1.997
1915.000 1.992
1920.000 1.982
1925.000 1.975
1930.000 1.971
1935.000 1.967
1940.000 1.967
1945.000 1.961
1950.000 1.966
1955.000 1.961
1960.000 1.966
1965.000 1.962
1970.000 1.969
1975.000 1.974
1980.000 1.982
1985.000 1.994
1990.000 2.007
1995.000 2.020
2000.000 2.041
2005.000 2.045
2010.000 2.058
2015.000 2.071
2020.000 2.093
2025.000 2.104
2030.000 2.130
2035.000 2.163
2040.000 2.182
2045.000 2.210
2050.000 2.227
2055.000 2.253
2060.000 2.296
2065.000 2.316
2070.000 2.366
2075.000 2.391
2080.000 2.448
2085.000 2.508
2090.000 2.542
2095.000 2.613
2100.000 2.651
2105.000 2.730
2110.000 2.828
2115.000 2.879
2120.000 2.987
2125.000 3.039
2130.000 3.169
2135.000 3.309
2140.000 3.387
2145.000 3.560
2150.000 3.664
2155.000 3.881
2160.000 4.152
2165.000 4.313
2170.000 4.693
2175.000 4.930
2180.000 5.500
2185.000 6.265
2190.000 6.740
2195.000 7.926
2200.000 8.652
2205.000 10.358
2210.000 12.292
2215.000 13.210
2220.000 14.451
2225.000 14.508
2230.000 13.218
2235.000 10.938
2240.000 9.760
2245.000 7.749
2250.000 6.932
2255.000 5.635
2260.000 4.730
2265.000 4.416
2270.000 3.891
2275.000 3.670
2280.000 3.279
2285.000 2.956
2290.000 2.812
2295.000 2.561
2300.000 2.448
2305.000 2.231
2310.000 2.057
2315.000 1.981
2320.000 1.845
2325.000 1.773
2330.000 1.608
2335.000 1.466
2340.000 1.405
2345.000 1.285
2350.000 1.240
2355.000 1.151
2360.000 1.074
2365.000 1.036
2370.000 0.972
2375.000 0.941
2380.000 0.887
2385.000 0.841
2390.000 0.817
2395.000 0.776
2400.000 0.759
2405.000 0.722
2410.000 0.688
2415.000 0.673
2420.000 0.643
2425.000 0.631
2430.000 0.603
2435.000 0.583
2440.000 0.573
2445.000 0.553
2450.000 0.543
2455.000 0.525
2460.000 0.509
2465.000 0.503
2470.000 0.486
2475.000 0.479
2480.000 0.467
2485.000 0.454
2490.000 0.447
2495.000 0.437
2500.000 0.432
2505.000 0.423
2510.000 0.411
2515.000 0.407
2520.000 0.398
2525.000 0.394
2530.000 0.387
2535.000 0.378
2540.000 0.374
2545.000 0.368
2550.000 0.365
2555.000 0.358
2560.000 0.351
2565.000 0.349
2570.000 0.345
2575.000 0.341
2580.000 0.333
2585.000 0.328
2590.000 0.327
2595.000 0.323
2600.000 0.319
2605.000 0.315
2610.000 0.313
2615.000 0.309
2620.000 0.305
2625.000 0.303
2630.000 0.301
2635.000 0.298
2640.000 0.295
2645.000 0.292
2650.000 0.290
2655.000 0.286
2660.000 0.286
2665.000 0.281
2670.000 0.280
2675.000 0.279
2680.000 0.279
2685.000 0.277
2690.000 0.274
2695.000 0.273
2700.000 0.271
2705.000 0.270
2710.000 0.271
2715.000 0.269
2720.000 0.266
2725.000 0.266
2730.000 0.264
2735.000 0.266
2740.000 0.263
2745.000 0.262
2750.000 0.261
2755.000 0.261
2760.000 0.261
2765.000 0.260
2770.000 0.260
2775.000 0.258
2780.000 0.256
2785.000 0.259
2790.000 0.257
2795.000 0.257
2800.000 0.258
2805.000 0.258
2810.000 0.256
2815.000 0.256
2820.000 0.254
2825.000 0.254
2830.000 0.254
2835.000 0.255
2840.000 0.255
2845.000 0.255
2850.000 0.254
2855.000 0.254
2860.000 0.253
2865.000 0.254
2870.000 0.254
2875.000 0.256
2880.000 0.254
2885.000 0.256
2890.000 0.253
2895.000 0.256
2900.000 0.257
2905.000 0.257
2910.000 0.257
2915.000 0.257
2920.000 0.260
2925.000 0.257
2930.000 0.259
2935.000 0.261
2940.000 0.262
2945.000 0.264
2950.000 0.265
2955.000 0.264
2960.000 0.267
2965.000 0.273
2970.000 0.266
2975.000 0.269
2980.000 0.272
2985.000 0.269
2990.000 0.281
2995.000 0.284
3000.000 0.272
3005.000 0.286
3010.000 0.288
3015.000 0.288
3020.000 0.284
3025.000 0.295
3030.000 0.291
3035.000 0.296
3040.000 0.291
3045.000 0.295
3050.000 0.304
3055.000 0.296
3060.000 0.307
3065.000 0.309
3070.000 0.317
3075.000 0.316
3080.000 0.323
3085.000 0.322
3090.000 0.328
3095.000 0.330
3100.000 0.338
3105.000 0.341
3110.000 0.344
3115.000 0.352
3120.000 0.360
3125.000 0.364
3130.000 0.371
3135.000 0.378
3140.000 0.386
3145.000 0.396
3150.000 0.400
3155.000 0.409
3160.000 0.418
3165.000 0.432
3170.000 0.446
3175.000 0.454
3180.000 0.468
3185.000 0.475
3190.000 0.496
3195.000 0.518
3200.000 0.530
3205.000 0.554
3210.000 0.568
3215.000 0.598
3220.000 0.613
3225.000 0.654
3230.000 0.694
3235.000 0.716
3240.000 0.771
3245.000 0.798
3250.000 0.871
3255.000 0.960
3260.000 1.008
3265.000 1.115
3270.000 1.393
3275.000 1.472
3280.000 1.539
3285.000 1.587
3290.000 1.756
3295.000 1.880
3300.000 2.207
3305.000 2.681
3310.000 3.027
3315.000 3.900
3320.000 4.439
3325.000 5.845
3330.000 7.770
3335.000 8.996
3340.000 11.790
3345.000 13.295
3350.000 16.118
3355.000 17.351
3360.000 16.863
3365.000 13.843
3370.000 12.211
3375.000 8.884
3380.000 6.499
3385.000 5.615
3390.000 4.335
3395.000 3.873
3400.000 3.190
3405.000 2.718
3410.000 2.536
3415.000 2.239
3420.000 2.142
3425.000 2.033
3430.000 1.929
3435.000 1.893
3440.000 1.841
3445.000 1.809
3450.000 1.742
3455.000 1.691
3460.000 1.672
3465.000 1.627
3470.000 1.618
3475.000 1.594
3480.000 1.582
3485.000 1.571
3490.000 1.563
3495.000 1.560
3500.000 1.560
3505.000 1.569
3510.000 1.585
3515.000 1.598
3520.000 1.612
3525.000 1.641
3530.000 1.670
3535.000 1.695
3540.000 1.754
3545.000 1.826
3550.000 1.879
3555.000 1.943
3560.000 1.977
3565.000 2.061
3570.000 2.110
3575.000 2.222
3580.000 2.360
3585.000 2.444
3590.000 2.638
3595.000 2.756
3600.000 3.088
3605.000 3.625
3610.000 3.908
3615.000 4.615
3620.000 5.088
3625.000 6.367
3630.000 8.302
3635.000 9.549
3640.000 12.592
3645.000 14.223
3650.000 17.147
3655.000 17.911
3660.000 17.009
3665.000 13.123
3670.000 11.143
3675.000 7.967
3680.000 5.902
3685.000 5.174
3690.000 4.090
3695.000 3.688
3700.000 3.065
3705.000 2.624
3710.000 2.468
3715.000 2.231
3720.000 2.144
3725.000 1.971
3730.000 1.837
3735.000 1.774
3740.000 1.653
3745.000 1.592
3750.000 1.480
3755.000 1.365
3760.000 1.311
3765.000 1.209
3770.000 1.161
3775.000 1.081
3780.000 1.063
3785.000 1.045
3790.000 0.973
3795.000 0.945
3800.000 0.891
3805.000 0.872
3810.000 0.832
3815.000 0.795
3820.000 0.780
3825.000 0.757
3830.000 0.742
3835.000 0.722
3840.000 0.705
3845.000 0.695
3850.000 0.681
3855.000 0.675
3860.000 0.664
3865.000 0.653
3870.000 0.649
3875.000 0.648
3880.000 0.644
3885.000 0.645
3890.000 0.633
3895.000 0.629
3900.000 0.627
3905.000 0.623
3910.000 0.623
3915.000 0.618
3920.000 0.620
3925.000 0.619
3930.000 0.625
3935.000 0.630
3940.000 0.662
3945.000 0.661
3950.000 0.662
3955.000 0.666
3960.000 0.664
3965.000 0.671
3970.000 0.682
3975.000 0.698
3980.000 0.707
3985.000 0.723
3990.000 0.741
3995.000 0.753
4000.000 0.776
4005.000 0.804
4010.000 0.848
4015.000 0.890
4020.000 0.902
4025.000 0.971
4030.000 1.000
4035.000 1.057
4040.000 1.105
4045.000 1.140
4050.000 1.218
4055.000 1.252
4060.000 1.350
4065.000 1.480
4070.000 1.556
4075.000 1.741
4080.000 1.849
4085.000 2.239
4090.000 2.624
4095.000 2.871
4100.000 3.544
4105.000 3.934
4110.000 5.212
4115.000 6.946
4120.000 7.894
4125.000 9.599
4130.000 10.030
4135.000 9.291
4140.000 7.245
4145.000 6.083
4150.000 4.332
4155.000 3.687
4160.000 2.764
4165.000 2.189
4170.000 1.980
4175.000 1.628
4180.000 1.504
4185.000 1.298
4190.000 1.143
4195.000 1.077
4200.000 0.968
4205.000 0.924
4210.000 0.843
4215.000 0.770
4220.000 0.742
4225.000 0.672
4230.000 0.645
4235.000 0.604
4240.000 0.551
4245.000 0.529
4250.000 0.488
4255.000 0.469
4260.000 0.436
4265.000 0.408
4270.000 0.394
4275.000 0.369
4280.000 0.357
4285.000 0.338
4290.000 0.322
4295.000 0.313
4300.000 0.300
4305.000 0.292
4310.000 0.285
4315.000 0.274
4320.000 0.269
4325.000 0.263
4330.000 0.259
4335.000 0.253
4340.000 0.248
4345.000 0.244
4350.000 0.240
4355.000 0.239
4360.000 0.236
4365.000 0.231
4370.000 0.232
4375.000 0.230
4380.000 0.229
4385.000 0.226
4390.000 0.228
4395.000 0.224
4400.000 0.226
4405.000 0.223
4410.000 0.226
4415.000 0.226
4420.000 0.226
4425.000 0.230
4430.000 0.233
4435.000 0.242
4440.000 0.242
4445.000 0.245
4450.000 0.245
4455.000 0.249
4460.000 0.254
4465.000 0.255
4470.000 0.263
4475.000 0.272
4480.000 0.274
4485.000 0.284
4490.000 0.290
4495.000 0.306
4500.000 0.324
4505.000 0.336
4510.000 0.358
4515.000 0.369
4520.000 0.403
4525.000 0.448
4530.000 0.474
4535.000 0.535
4540.000 0.575
4545.000 0.640
4550.000 0.735
4555.000 0.783
4560.000 0.910
4565.000 0.988
4570.000 1.229
4575.000 1.579
4580.000 1.829
4585.000 2.450
4590.000 2.892
4595.000 4.002
4600.000 5.270
4605.000 5.979
4610.000 7.079
4615.000 7.324
4620.000 6.887
4625.000 5.454
4630.000 4.722
4635.000 3.530
4640.000 3.065
4645.000 2.371
4650.000 1.968
4655.000 1.784
4660.000 1.488
4665.000 1.373
4670.000 1.198
4675.000 1.066
4680.000 1.022
4685.000 0.936
4690.000 0.907
4695.000 0.862
4700.000 0.814
4705.000 0.785
4710.000 0.737
4715.000 0.719
4720.000 0.683
4725.000 0.651
4730.000 0.637
4735.000 0.603
4740.000 0.590
4745.000 0.564
4750.000 0.532
4755.000 0.523
4760.000 0.502
4765.000 0.489
4770.000 0.468
4775.000 0.447
4780.000 0.435
4785.000 0.416
4790.000 0.409
4795.000 0.399
4800.000 0.390
4805.000 0.385
4810.000 0.381
4815.000 0.378
4820.000 0.379
4825.000 0.381
4830.000 0.381
4835.000 0.387
4840.000 0.388
4845.000 0.397
4850.000 0.407
4855.000 0.412
4860.000 0.424
4865.000 0.429
4870.000 0.439
4875.000 0.450
4880.000 0.458
4885.000 0.474
4890.000 0.476
4895.000 0.496
4900.000 0.518
4905.000 0.529
4910.000 0.550
4915.000 0.564
4920.000 0.591
4925.000 0.626
4930.000 0.640
4935.000 0.679
4940.000 0.698
4945.000 0.756
4950.000 0.813
4955.000 0.848
4960.000 0.935
4965.000 0.994
4970.000 1.134
4975.000 1.331
4980.000 1.464
4985.000 1.788
4990.000 1.985
4995.000 2.566
5000.000 2.969
5005.000 3.831
5010.000 4.696
5015.000 4.930
5020.000 4.680
5025.000 4.243
5030.000 3.159
5035.000 2.246
5040.000 1.928
5045.000 1.451
5050.000 1.272
5055.000 1.016
5060.000 0.822
5065.000 0.748
5070.000 0.633
5075.000 0.590
5080.000 0.513
5085.000 0.455
5090.000 0.423
5095.000 0.370
5100.000 0.345
5105.000 0.302
5110.000 0.267
5115.000 0.251
5120.000 0.222
5125.000 0.213
5130.000 0.193
5135.000 0.176
5140.000 0.170
5145.000 0.160
5150.000 0.154
5155.000 0.145
5160.000 0.139
5165.000 0.137
5170.000 0.135
5175.000 0.132
5180.000 0.131
5185.000 0.130
5190.000 0.128
5195.000 0.127
5200.000 0.130
5205.000 0.131
5210.000 0.131
5215.000 0.131
5220.000 0.134
5225.000 0.135
5230.000 0.137
5235.000 0.139
5240.000 0.138
5245.000 0.140
5250.000 0.142
5255.000 0.144
5260.000 0.146
5265.000 0.146
5270.000 0.148
5275.000 0.150
5280.000 0.150
5285.000 0.151
5290.000 0.153
5295.000 0.154
5300.000 0.157
5305.000 0.158
5310.000 0.159
5315.000 0.159
5320.000 0.160
5325.000 0.162
5330.000 0.161
5335.000 0.163
5340.000 0.164
5345.000 0.168
5350.000 0.167
5355.000 0.169
5360.000 0.169
5365.000 0.171
5370.000 0.172
5375.000 0.171
5380.000 0.172
5385.000 0.174
5390.000 0.173
5395.000 0.177
5400.000 0.177
5405.000 0.180
5410.000 0.177
5415.000 0.181
5420.000 0.183
5425.000 0.183
5430.000 0.184
5435.000 0.184
5440.000 0.186
5445.000 0.184
5450.000 0.186
5455.000 0.188
5460.000 0.186
5465.000 0.188
5470.000 0.190
5475.000 0.189
5480.000 0.190
5485.000 0.191
5490.000 0.191
5495.000 0.192
5500.000 0.191
5505.000 0.194
5510.000 0.195
5515.000 0.197
5520.000 0.199
5525.000 0.202
5530.000 0.203
5535.000 0.201
5540.000 0.201
5545.000 0.205
5550.000 0.205
5555.000 0.203
5560.000 0.204
5565.000 0.206
5570.000 0.206
5575.000 0.206
5580.000 0.207
5585.000 0.208
5590.000 0.211
5595.000 0.214
5600.000 0.212
5605.000 0.211
5610.000 0.213
5615.000 0.214
5620.000 0.213
5625.000 0.214
5630.000 0.215
5635.000 0.217
5640.000 0.218
5645.000 0.218
5650.000 0.219
5655.000 0.220
5660.000 0.219
5665.000 0.223
5670.000 0.223
5675.000 0.222
5680.000 0.224
5685.000 0.223
5690.000 0.225
5695.000 0.225
5700.000 0.225
5705.000 0.225
5710.000 0.226
5715.000 0.224
5720.000 0.224
5725.000 0.225
5730.000 0.226
5735.000 0.226
5740.000 0.232
5745.000 0.226
5750.000 0.224
5755.000 0.226
5760.000 0.226
5765.000 0.225
5770.000 0.225
5775.000 0.229
5780.000 0.229
5785.000 0.231
5790.000 0.225
5795.000 0.232
5800.000 0.230
5805.000 0.227
5810.000 0.227
5815.000 0.232
5820.000 0.230
5825.000 0.230
5830.000 0.230
5835.000 0.228
5840.000 0.227
5845.000 0.229
5850.000 0.233
5855.000 0.230
5860.000 0.233
5865.000 0.234
5870.000 0.234
5875.000 0.234
5880.000 0.232
5885.000 0.229
5890.000 0.235
5895.000 0.235
5900.000 0.234
5905.000 0.235
5910.000 0.235
5915.000 0.236
5920.000 0.236
5925.000 0.235
5930.000 0.232
5935.000 0.234
5940.000 0.236
5945.000 0.232
5950.000 0.233
5955.000 0.241
5960.000 0.235
5965.000 0.235
5970.000 0.245
5975.000 0.239
5980.000 0.240
5985.000 0.246
5990.000 0.236
5995.000 0.249
6000.000 0.250
6005.000 0.238
6010.000 0.236
6015.000 0.243
6020.000 0.252
6025.000 0.239
6030.000 0.244
6035.000 0.240
6040.000 0.246
6045.000 0.246
6050.000 0.233
6055.000 0.246
6060.000 0.242
6065.000 0.246
6070.000 0.258
6075.000 0.257
6080.000 0.267
6085.000 0.271
6090.000 0.265
6095.000 0.257
6100.000 0.254
6105.000 0.257
6110.000 0.251
6115.000 0.251
6120.000 0.246
6125.000 0.245
6130.000 0.246
6135.000 0.250
6140.000 0.248
6145.000 0.246
6150.000 0.251
6155.000 0.250
6160.000 0.251
6165.000 0.249
6170.000 0.249
6175.000 0.252
6180.000 0.249
6185.000 0.251
6190.000 0.252
6195.000 0.251
6200.000 0.253
6205.000 0.251
6210.000 0.255
6215.000 0.251
6220.000 0.251
6225.000 0.250
6230.000 0.256
6235.000 0.256
6240.000 0.253
6245.000 0.253
6250.000 0.253
6255.000 0.254
6260.000 0.253
6265.000 0.254
6270.000 0.257
6275.000 0.257
6280.000 0.255
6285.000 0.257
6290.000 0.260
6295.000 0.259
6300.000 0.259
6305.000 0.267
6310.000 0.261
6315.000 0.271
6320.000 0.274
6325.000 0.265
6330.000 0.267
6335.000 0.271
6340.000 0.268
6345.000 0.268
6350.000 0.268
6355.000 0.274
6360.000 0.278
6365.000 0.278
6370.000 0.279
6375.000 0.275
6380.000 0.275
6385.000 0.272
6390.000 0.282
6395.000 0.285
6400.000 0.287
6405.000 0.290
6410.000 0.287
6415.000 0.289
6420.000 0.288
6425.000 0.303
6430.000 0.302
6435.000 0.308
6440.000 0.306
6445.000 0.308
6450.000 0.314
6455.000 0.323
6460.000 0.325
6465.000 0.324
6470.000 0.330
6475.000 0.332
6480.000 0.339
6485.000 0.345
6490.000 0.356
6495.000 0.363
6500.000 0.371
6505.000 0.374
6510.000 0.393
6515.000 0.406
6520.000 0.413
6525.000 0.428
6530.000 0.437
6535.000 0.450
6540.000 0.468
6545.000 0.477
6550.000 0.506
6555.000 0.516
6560.000 0.546
6565.000 0.575
6570.000 0.595
6575.000 0.633
6580.000 0.659
6585.000 0.713
6590.000 0.784
6595.000 0.819
6600.000 0.913
6605.000 0.972
6610.000 1.121
6615.000 1.320
6620.000 1.442
6625.000 1.798
6630.000 2.036
6635.000 2.641
6640.000 3.464
6645.000 4.009
6650.000 5.389
6655.000 6.226
6660.000 8.084
6665.000 9.842
6670.000 10.457
6675.000 10.508
6680.000 9.811
6685.000 7.688
6690.000 5.770
6695.000 5.027
6700.000 3.896
6705.000 3.458
6710.000 2.802
6715.000 2.373
6720.000 2.207
6725.000 1.953
6730.000 1.859
6735.000 1.721
6740.000 1.646
6745.000 1.626
6750.000 1.589
6755.000 1.577
6760.000 1.559
6765.000 1.555
6770.000 1.558
6775.000 1.567
6780.000 1.579
6785.000 1.603
6790.000 1.642
6795.000 1.671
6800.000 1.730
6805.000 1.762
6810.000 1.839
6815.000 1.935
6820.000 2.001
6825.000 2.139
6830.000 2.220
6835.000 2.428
6840.000 2.723
6845.000 2.906
6850.000 3.402
6855.000 3.735
6860.000 4.606
6865.000 5.874
6870.000 6.685
6875.000 8.839
6880.000 9.913
6885.000 11.711
6890.000 12.207
6895.000 11.677
6900.000 9.516
6905.000 8.310
6910.000 6.231
6915.000 4.773
6920.000 4.240
6925.000 3.429
6930.000 3.120
6935.000 2.662
6940.000 2.348
6945.000 2.244
6950.000 2.057
6955.000 1.972
6960.000 1.837
6965.000 1.726
6970.000 1.688
6975.000 1.590
6980.000 1.554
6985.000 1.486
6990.000 1.424
6995.000 1.403
7000.000 1.339
7005.000 1.327
7010.000 1.290
7015.000 1.250
7020.000 1.228
7025.000 1.204
7030.000 1.200
7035.000 1.183
7040.000 1.173
7045.000 1.154
7050.000 1.122
7055.000 1.113
7060.000 1.096
7065.000 1.090
7070.000 1.100
7075.000 1.092
7080.000 1.089
7085.000 1.089
7090.000 1.095
7095.000 1.109
7100.000 1.113
7105.000 1.121
7110.000 1.132
7115.000 1.151
7120.000 1.165
7125.000 1.187
7130.000 1.208
7135.000 1.225
7140.000 1.239
7145.000 1.273
7150.000 1.313
7155.000 1.332
7160.000 1.377
7165.000 1.414
7170.000 1.508
7175.000 1.567
7180.000 1.597
7185.000 1.664
7190.000 1.708
7195.000 1.806
7200.000 1.925
7205.000 2.000
7210.000 2.207
7215.000 2.327
7220.000 2.615
7225.000 3.028
7230.000 3.289
7235.000 4.000
7240.000 4.430
7245.000 5.513
7250.000 6.784
7255.000 7.410
7260.000 8.298
7265.000 8.378
7270.000 7.508
7275.000 5.966
7280.000 5.220
7285.000 4.004
7290.000 3.538
7295.000 2.823
7300.000 2.336
7305.000 2.148
7310.000 1.871
7315.000 1.763
7320.000 1.587
7325.000 1.439
7330.000 1.376
7335.000 1.261
7340.000 1.215
7345.000 1.132
7350.000 1.057
7355.000 1.036
7360.000 0.976
7365.000 0.935
7370.000 0.877
7375.000 0.808
7380.000 0.783
7385.000 0.732
7390.000 0.706
7395.000 0.659
7400.000 0.627
7405.000 0.613
7410.000 0.584
7415.000 0.571
7420.000 0.545
7425.000 0.538
7430.000 0.546
7435.000 0.541
7440.000 0.528
7445.000 0.507
7450.000 0.493
7455.000 0.484
7460.000 0.471
7465.000 0.466
7470.000 0.458
7475.000 0.452
7480.000 0.449
7485.000 0.448
7490.000 0.445
7495.000 0.444
7500.000 0.447
7505.000 0.447
7510.000 0.451
7515.000 0.452
7520.000 0.456
7525.000 0.462
7530.000 0.466
7535.000 0.477
7540.000 0.483
7545.000 0.497
7550.000 0.514
7555.000 0.525
7560.000 0.545
7565.000 0.557
7570.000 0.586
7575.000 0.623
7580.000 0.645
7585.000 0.699
7590.000 0.730
7595.000 0.808
7600.000 0.875
7605.000 0.911
7610.000 1.010
7615.000 1.068
7620.000 1.214
7625.000 1.407
7630.000 1.540
7635.000 1.864
7640.000 2.088
7645.000 2.626
7650.000 3.311
7655.000 3.725
7660.000 4.476
7665.000 4.712
7670.000 4.685
7675.000 4.351
7680.000 3.481
7685.000 2.687
7690.000 2.384
7695.000 1.906
7700.000 1.721
7705.000 1.436
7710.000 1.236
7715.000 1.163
7720.000 1.065
7725.000 1.022
7730.000 0.947
7735.000 0.891
7740.000 0.876
7745.000 0.818
7750.000 0.793
7755.000 0.753
7760.000 0.716
7765.000 0.699
7770.000 0.670
7775.000 0.661
7780.000 0.633
7785.000 0.607
7790.000 0.597
7795.000 0.577
7800.000 0.567
7805.000 0.553
7810.000 0.552
7815.000 0.544
7820.000 0.533
7825.000 0.524
7830.000 0.517
7835.000 0.512
7840.000 0.509
7845.000 0.509
7850.000 0.518
7855.000 0.515
7860.000 0.512
7865.000 0.507
7870.000 0.513
7875.000 0.525
7880.000 0.533
7885.000 0.539
7890.000 0.543
7895.000 0.554
7900.000 0.555
7905.000 0.570
7910.000 0.591
7915.000 0.607
7920.000 0.626
7925.000 0.640
7930.000 0.663
7935.000 0.689
7940.000 0.712
7945.000 0.753
7950.000 0.780
7955.000 0.844
7960.000 0.922
7965.000 0.967
7970.000 1.073
7975.000 1.114
7980.000 1.185
7985.000 1.171
7990.000 1.118
7995.000 0.957
8000.000 0.855
8005.000 0.718
8010.000 0.606
8015.000 0.570
8020.000 0.510
8025.000 0.496
8030.000 0.466
8035.000 0.408
8040.000 0.381
8045.000 0.323
8050.000 0.298
8055.000 0.268
8060.000 0.241
8065.000 0.232
8070.000 0.214
8075.000 0.210
8080.000 0.204
8085.000 0.197
8090.000 0.192
8095.000 0.191
8100.000 0.188
8105.000 0.183
8110.000 0.192
8115.000 0.193
8120.000 0.191
8125.000 0.191
8130.000 0.190
8135.000 0.192
8140.000 0.188
8145.000 0.188
8150.000 0.187
8155.000 0.185
8160.000 0.187
8165.000 0.186
8170.000 0.188
8175.000 0.186
8180.000 0.189
8185.000 0.190
8190.000 0.193
8195.000 0.193
8200.000 0.193
8205.000 0.194
8210.000 0.195
8215.000 0.191
8220.000 0.191
8225.000 0.191
8230.000 0.191
8235.000 0.192
8240.000 0.193
8245.000 0.193
8250.000 0.192
8255.000 0.194
8260.000 0.195
8265.000 0.195
8270.000 0.196
8275.000 0.197
8280.000 0.197
8285.000 0.196
8290.000 0.198
8295.000 0.199
8300.000 0.198
8305.000 0.201
8310.000 0.200
8315.000 0.198
8320.000 0.199
8325.000 0.201
8330.000 0.202
8335.000 0.202
8340.000 0.202
8345.000 0.204
8350.000 0.203
8355.000 0.204
8360.000 0.205
8365.000 0.205
8370.000 0.204
8375.000 0.204
8380.000 0.207
8385.000 0.205
8390.000 0.209
8395.000 0.208
8400.000 0.208
8405.000 0.207
8410.000 0.206
8415.000 0.208
8420.000 0.210
8425.000 0.210
8430.000 0.213
8435.000 0.219
8440.000 0.218
8445.000 0.219
8450.000 0.217
8455.000 0.214
8460.000 0.215
8465.000 0.214
8470.000 0.221
8475.000 0.220
8480.000 0.219
8485.000 0.217
8490.000 0.217
8495.000 0.217
8500.000 0.216
8505.000 0.216
8510.000 0.216
8515.000 0.215
8520.000 0.216
8525.000 0.217
8530.000 0.219
8535.000 0.220
8540.000 0.218
8545.000 0.219
8550.000 0.219
8555.000 0.220
8560.000 0.219
8565.000 0.217
8570.000 0.219
8575.000 0.218
8580.000 0.219
8585.000 0.220
8590.000 0.219
8595.000 0.219
8600.000 0.221
8605.000 0.222
8610.000 0.220
8615.000 0.221
8620.000 0.225
8625.000 0.222
8630.000 0.222
8635.000 0.222
8640.000 0.224
8645.000 0.225
8650.000 0.223
8655.000 0.226
8660.000 0.223
8665.000 0.225
8670.000 0.225
8675.000 0.227
8680.000 0.229
8685.000 0.227
8690.000 0.229
8695.000 0.228
8700.000 0.227
8705.000 0.228
8710.000 0.230
8715.000 0.229
8720.000 0.230
8725.000 0.230
8730.000 0.231
8735.000 0.231
8740.000 0.229
8745.000 0.231
8750.000 0.236
8755.000 0.233
8760.000 0.237
8765.000 0.243
8770.000 0.238
8775.000 0.238
8780.000 0.236
8785.000 0.236
8790.000 0.236
8795.000 0.239
8800.000 0.237
8805.000 0.240
8810.000 0.241
8815.000 0.240
8820.000 0.252
8825.000 0.250
8830.000 0.256
8835.000 0.235
8840.000 0.246
8845.000 0.246
8850.000 0.240
8855.000 0.243
8860.000 0.241
8865.000 0.249
8870.000 0.246
8875.000 0.247
8880.000 0.243
8885.000 0.246
8890.000 0.244
8895.000 0.244
8900.000 0.244
8905.000 0.245
8910.000 0.250
8915.000 0.246
8920.000 0.246
8925.000 0.250
8930.000 0.254
8935.000 0.255
8940.000 0.254
8945.000 0.252
8950.000 0.251
8955.000 0.243
8960.000 0.247
8965.000 0.246
8970.000 0.241
8975.000 0.243
8980.000 0.241
8985.000 0.241
8990.000 0.249
8995.000 0.238
9000.000 0.246
9005.000 0.243
9010.000 0.243
9015.000 0.239
9020.000 0.241
9025.000 0.245
9030.000 0.244
9035.000 0.247
9040.000 0.251
9045.000 0.248
9050.000 0.244
9055.000 0.247
9060.000 0.243
9065.000 0.245
9070.000 0.243
9075.000 0.241
9080.000 0.244
9085.000 0.242
9090.000 0.242
9095.000 0.241
9100.000 0.246
9105.000 0.245
9110.000 0.245
9115.000 0.242
9120.000 0.244
9125.000 0.243
9130.000 0.244
9135.000 0.242
9140.000 0.244
9145.000 0.244
9150.000 0.244
9155.000 0.246
9160.000 0.251
9165.000 0.248
9170.000 0.250
9175.000 0.247
9180.000 0.247
9185.000 0.248
9190.000 0.246
9195.000 0.246
9200.000 0.245
9205.000 0.244
9210.000 0.250
9215.000 0.249
9220.000 0.249
9225.000 0.246
9230.000 0.243
9235.000 0.247
9240.000 0.248
9245.000 0.246
9250.000 0.248
9255.000 0.246
9260.000 0.246
9265.000 0.246
9270.000 0.248
9275.000 0.246
9280.000 0.245
9285.000 0.243
9290.000 0.242
9295.000 0.244
9300.000 0.245
9305.000 0.244
9310.000 0.247
9315.000 0.247
9320.000 0.247
9325.000 0.245
9330.000 0.247
9335.000 0.249
9340.000 0.244
9345.000 0.246
9350.000 0.244
9355.000 0.246
9360.000 0.246
9365.000 0.245
9370.000 0.245
9375.000 0.251
9380.000 0.249
9385.000 0.250
9390.000 0.251
9395.000 0.250
9400.000 0.251
9405.000 0.246
9410.000 0.246
9415.000 0.247
9420.000 0.249
9425.000 0.250
9430.000 0.249
9435.000 0.248
9440.000 0.246
9445.000 0.245
9450.000 0.244
9455.000 0.243
9460.000 0.244
9465.000 0.247
9470.000 0.245
9475.000 0.243
9480.000 0.242
9485.000 0.241
9490.000 0.240
9495.000 0.241
9500.000 0.240
9505.000 0.244
9510.000 0.241
9515.000 0.245
9520.000 0.242
9525.000 0.246
9530.000 0.247
9535.000 0.243
9540.000 0.242
9545.000 0.240
9550.000 0.237
9555.000 0.237
9560.000 0.240
9565.000 0.239
9570.000 0.238
9575.000 0.237
9580.000 0.238
9585.000 0.238
9590.000 0.238
9595.000 0.235
9600.000 0.233
9605.000 0.232
9610.000 0.232
9615.000 0.232
9620.000 0.231
9625.000 0.233
9630.000 0.231
9635.000 0.235
9640.000 0.233
9645.000 0.233
9650.000 0.230
9655.000 0.230
9660.000 0.226
9665.000 0.227
9670.000 0.225
9675.000 0.229
9680.000 0.227
9685.000 0.224
9690.000 0.223
9695.000 0.220
9700.000 0.218
9705.000 0.219
9710.000 0.216
9715.000 0.222
9720.000 0.219
9725.000 0.214
9730.000 0.215
9735.000 0.212
9740.000 0.210
9745.000 0.205
9750.000 0.203
9755.000 0.203
9760.000 0.198
9765.000 0.194
9770.000 0.193
9775.000 0.189
9780.000 0.186
9785.000 0.182
9790.000 0.181
9795.000 0.177
9800.000 0.168
9805.000 0.167
9810.000 0.163
9815.000 0.159
9820.000 0.149
9825.000 0.144
9830.000 0.136
9835.000 0.126
9840.000 0.121
9845.000 0.110
9850.000 0.096
9855.000 0.090
9860.000 0.073
9865.000 0.065
9870.000 0.052
9875.000 0.047
9880.000 0.051
9885.000 0.079
9890.000 0.105
9895.000 0.180
9900.000 0.302
9905.000 0.401
9910.000 0.648
9915.000 0.797
9920.000 1.169
9925.000 1.605
9930.000 1.853
9935.000 2.398
9940.000 2.654
9945.000 3.013
9950.000 3.048
9955.000 2.959
9960.000 2.707
9965.000 2.584
9970.000 2.347
9975.000 2.167
9980.000 2.083
9985.000 1.925
9990.000 1.862
9995.000 1.714
10000.000 1.593
10005.000 1.513
10010.000 1.386
10015.000 1.327
10020.000 1.241
10025.000 1.150
10030.000 1.107
10035.000 1.049
10040.000 1.020
10045.000 0.977
10050.000 0.954
10055.000 0.947
10060.000 0.954
10065.000 0.961
10070.000 0.988
10075.000 1.026
10080.000 1.050
10085.000 1.093
10090.000 1.121
10095.000 1.194
10100.000 1.271
10105.000 1.318
10110.000 1.428
10115.000 1.500
10120.000 1.686
10125.000 1.924
10130.000 2.067
10135.000 2.404
10140.000 2.585
10145.000 2.886
10150.000 2.959
10155.000 2.865
10160.000 2.494
10165.000 2.271
10170.000 1.840
10175.000 1.488
10180.000 1.352
10185.000 1.138
10190.000 1.053
10195.000 0.897
10200.000 0.781
10205.000 0.731
10210.000 0.648
10215.000 0.612
10220.000 0.543
10225.000 0.486
10230.000 0.463
10235.000 0.422
10240.000 0.405
10245.000 0.373
10250.000 0.342
10255.000 0.327
10260.000 0.299
10265.000 0.286
10270.000 0.282
10275.000 0.270
10280.000 0.262
10285.000 0.250
10290.000 0.248
10295.000 0.238
10300.000 0.232
10305.000 0.230
10310.000 0.228
10315.000 0.228
10320.000 0.230
10325.000 0.232
10330.000 0.234
10335.000 0.241
10340.000 0.244
10345.000 0.254
10350.000 0.262
10355.000 0.279
10360.000 0.298
10365.000 0.308
10370.000 0.337
10375.000 0.348
10380.000 0.371
10385.000 0.404
10390.000 0.426
10395.000 0.461
10400.000 0.482
10405.000 0.530
10410.000 0.593
10415.000 0.632
10420.000 0.723
10425.000 0.781
10430.000 0.925
10435.000 1.114
10440.000 1.237
10445.000 1.540
10450.000 1.732
10455.000 2.179
10460.000 2.680
10465.000 2.946
10470.000 3.386
10475.000 3.535
10480.000 3.601
10485.000 3.337
10490.000 3.101
10495.000 2.603
10500.000 2.365
10505.000 1.953
10510.000 1.633
10515.000 1.505
10520.000 1.303
10525.000 1.220
10530.000 1.087
10535.000 0.995
10540.000 0.963
10545.000 0.911
10550.000 0.888
10555.000 0.853
10560.000 0.816
10565.000 0.800
10570.000 0.769
10575.000 0.758
10580.000 0.730
10585.000 0.711
10590.000 0.699
10595.000 0.691
10600.000 0.683
10605.000 0.674
10610.000 0.665
10615.000 0.666
10620.000 0.657
10625.000 0.652
10630.000 0.644
10635.000 0.640
10640.000 0.638
10645.000 0.631
10650.000 0.628
10655.000 0.621
10660.000 0.619
10665.000 0.619
10670.000 0.624
10675.000 0.623
10680.000 0.625
10685.000 0.624
10690.000 0.626
10695.000 0.631
10700.000 0.630
10705.000 0.638
10710.000 0.644
10715.000 0.649
10720.000 0.659
10725.000 0.669
10730.000 0.681
10735.000 0.697
10740.000 0.705
10745.000 0.717
10750.000 0.724
10755.000 0.729
10760.000 0.737
10765.000 0.740
10770.000 0.754
10775.000 0.763
10780.000 0.789
10785.000 0.841
10790.000 0.870
10795.000 0.925
10800.000 0.958
10805.000 1.025
10810.000 1.117
10815.000 1.153
10820.000 1.218
10825.000 1.235
10830.000 1.212
10835.000 1.127
10840.000 1.062
10845.000 0.909
10850.000 0.822
10855.000 0.669
10860.000 0.539
10865.000 0.479
10870.000 0.390
10875.000 0.351
10880.000 0.284
10885.000 0.237
10890.000 0.215
10895.000 0.175
10900.000 0.157
10905.000 0.130
10915.000 0.127
10925.000 0.104
10930.000 0.076
10935.000 0.065
10940.000 0.045
10945.000 0.032
10950.000 0.027
10955.000 0.021
10960.000 0.022
10965.000 0.019
10970.000 0.022
10975.000 0.022
10980.000 0.024
10985.000 0.025
10990.000 0.031
