105.000 0.171
110.000 2.268
115.000 2.924
120.000 3.254
125.000 3.816
130.000 4.077
135.000 4.548
140.000 4.784
145.000 5.049
150.000 5.315
155.000 5.325
160.000 5.592
165.000 5.483
170.000 5.691
175.000 5.875
180.000 6.040
185.000 5.833
190.000 6.290
195.000 6.581
200.000 6.857
205.000 7.586
210.000 7.614
215.000 7.981
220.000 8.855
225.000 9.019
230.000 9.153
235.000 9.090
240.000 9.024
245.000 9.188
250.000 9.493
255.000 9.870
260.000 11.186
265.000 11.842
270.000 13.573
275.000 14.339
280.000 15.989
285.000 18.638
290.000 19.721
295.000 23.107
300.000 24.899
305.000 29.593
310.000 35.630
315.000 39.065
320.000 47.139
325.000 51.259
330.000 58.018
335.000 59.373
340.000 54.834
345.000 42.406
350.000 38.208
355.000 32.863
360.000 29.565
365.000 28.469
370.000 26.488
375.000 25.809
380.000 25.170
385.000 25.118
390.000 24.807
395.000 25.758
400.000 26.068
405.000 27.086
410.000 28.312
415.000 28.736
420.000 29.525
425.000 29.874
430.000 30.352
435.000 30.381
440.000 30.369
445.000 29.734
450.000 29.751
455.000 28.046
460.000 26.112
465.000 25.108
470.000 22.939
475.000 22.258
480.000 20.256
485.000 18.199
490.000 17.144
495.000 15.242
500.000 14.427
505.000 13.057
510.000 11.661
515.000 11.081
520.000 9.962
525.000 9.626
530.000 8.730
535.000 8.411
540.000 8.065
545.000 7.552
550.000 7.076
555.000 7.078
560.000 7.026
565.000 6.839
570.000 6.900
575.000 6.977
580.000 7.240
585.000 7.529
590.000 7.714
595.000 8.155
600.000 8.535
605.000 9.485
610.000 10.912
615.000 11.710
620.000 14.668
625.000 16.883
630.000 23.752
635.000 34.298
640.000 39.933
645.000 49.396
650.000 51.551
655.000 40.594
660.000 20.764
665.000 16.390
670.000 10.911
675.000 9.192
680.000 6.886
685.000 5.441
690.000 4.899
695.000 4.012
700.000 3.649
705.000 3.100
710.000 2.717
715.000 2.581
720.000 2.357
725.000 2.040
730.000 1.835
735.000 1.676
740.000 1.629
745.000 1.450
750.000 1.406
755.000 1.494
760.000 1.396
765.000 1.196
770.000 1.128
775.000 1.109
780.000 1.067
785.000 1.035
790.000 1.001
795.000 0.969
800.000 0.945
805.000 0.910
810.000 0.896
815.000 0.870
820.000 0.847
825.000 0.836
830.000 0.817
835.000 0.812
840.000 0.803
845.000 0.792
850.000 0.794
855.000 0.797
860.000 0.807
865.000 0.823
870.000 0.827
875.000 0.830
880.000 0.843
885.000 0.860
890.000 0.886
895.000 0.930
900.000 0.958
905.000 1.020
910.000 1.093
915.000 1.230
920.000 1.361
925.000 1.413
930.000 1.620
935.000 1.765
940.000 2.210
945.000 3.002
950.000 3.593
955.000 5.409
960.000 6.445
965.000 7.104
970.000 4.268
975.000 3.275
980.000 2.102
985.000 1.733
990.000 1.263
995.000 0.956
1000.000 0.831
1005.000 0.683
1010.000 0.613
1015.000 0.505
1020.000 0.406
1025.000 0.395
1030.000 0.337
1035.000 0.320
1040.000 0.278
1045.000 0.244
1050.000 0.230
1055.000 0.203
1060.000 0.198
1065.000 0.179
1070.000 0.174
1075.000 0.170
1080.000 0.161
1085.000 0.164
1090.000 0.161
1095.000 0.162
1100.000 0.166
1105.000 0.177
1110.000 0.178
1115.000 0.184
1120.000 0.187
1125.000 0.195
1130.000 0.203
1135.000 0.211
1140.000 0.234
1145.000 0.240
1150.000 0.253
1155.000 0.274
1160.000 0.284
1165.000 0.344
1170.000 0.347
1175.000 0.374
1180.000 0.413
1185.000 0.442
1190.000 0.483
1195.000 0.512
1200.000 0.574
1205.000 0.653
1210.000 0.699
1215.000 0.812
1220.000 0.878
1225.000 1.060
1230.000 1.306
1235.000 1.469
1240.000 2.123
1245.000 2.539
1250.000 3.317
1255.000 4.388
1260.000 5.114
1265.000 7.613
1270.000 11.019
1275.000 11.681
1280.000 9.055
1285.000 7.231
1290.000 4.953
1295.000 3.610
1300.000 3.141
1305.000 2.464
1310.000 2.207
1315.000 1.829
1320.000 1.561
1325.000 1.458
1330.000 1.303
1335.000 1.247
1340.000 1.149
1345.000 1.093
1350.000 1.060
1355.000 1.030
1360.000 1.007
1365.000 0.982
1370.000 0.969
1375.000 0.947
1380.000 0.934
1385.000 0.928
1390.000 0.920
1395.000 0.912
1400.000 0.917
1405.000 0.921
1410.000 0.922
1415.000 0.926
1420.000 0.934
1425.000 0.944
1430.000 0.961
1435.000 0.971
1440.000 0.992
1445.000 1.005
1450.000 1.030
1455.000 1.062
1460.000 1.082
1465.000 1.124
1470.000 1.149
1475.000 1.203
1480.000 1.257
1485.000 1.295
1490.000 1.368
1495.000 1.410
1500.000 1.508
1505.000 1.622
1510.000 1.698
1515.000 1.866
1520.000 1.975
1525.000 2.234
1530.000 2.614
1535.000 2.844
1540.000 3.482
1545.000 3.919
1550.000 5.147
1555.000 7.038
1560.000 8.327
1565.000 11.848
1570.000 13.996
1575.000 18.009
1580.000 18.955
1585.000 17.388
1590.000 12.041
1595.000 9.829
1600.000 6.695
1605.000 4.846
1610.000 4.196
1615.000 3.246
1620.000 2.888
1625.000 2.353
1630.000 1.966
1635.000 1.817
1640.000 1.601
1645.000 1.522
1650.000 1.383
1655.000 1.324
1660.000 1.205
1665.000 1.135
1670.000 1.103
1675.000 1.085
1680.000 1.094
1685.000 1.143
1690.000 1.197
1695.000 1.231
1700.000 1.319
1705.000 1.361
1710.000 1.428
1715.000 1.490
1720.000 1.514
1725.000 1.581
1730.000 1.605
1735.000 1.662
1740.000 1.724
1745.000 1.764
1750.000 1.838
1755.000 1.867
1760.000 1.947
1765.000 2.044
1770.000 2.084
1775.000 2.197
1780.000 2.256
1785.000 2.392
1790.000 2.563
1795.000 2.651
1800.000 2.866
1805.000 2.997
1810.000 3.306
1815.000 3.725
1820.000 3.980
1825.000 4.645
1830.000 5.061
1835.000 6.176
1840.000 8.204
1845.000 9.219
1850.000 11.888
1855.000 13.756
1860.000 18.599
1865.000 23.344
1870.000 25.547
1875.000 28.344
1880.000 28.540
1885.000 25.326
1890.000 19.184
1895.000 16.458
1900.000 12.236
1905.000 10.660
1910.000 8.357
1915.000 6.827
1920.000 6.247
1925.000 5.334
1930.000 4.973
1935.000 4.407
1940.000 4.047
1945.000 3.915
1950.000 3.682
1955.000 3.595
1960.000 3.422
1965.000 3.291
1970.000 3.241
1975.000 3.142
1980.000 3.099
1985.000 3.020
1990.000 2.963
1995.000 2.928
2000.000 2.882
2005.000 2.869
2010.000 2.850
2015.000 2.837
2020.000 2.830
2025.000 2.829
2030.000 2.842
2035.000 2.841
2040.000 2.872
2045.000 2.886
2050.000 2.916
2055.000 2.954
2060.000 3.011
2065.000 3.079
2070.000 3.126
2075.000 3.227
2080.000 3.284
2085.000 3.418
2090.000 3.575
2095.000 3.668
2100.000 3.887
2105.000 4.030
2110.000 4.329
2115.000 4.750
2120.000 5.030
2125.000 5.702
2130.000 6.502
2135.000 7.843
2140.000 9.332
2145.000 10.262
2150.000 12.645
2155.000 14.010
2160.000 16.003
2165.000 15.944
2170.000 14.880
2175.000 13.525
2180.000 10.253
2185.000 7.669
2190.000 5.903
2195.000 5.247
2200.000 4.235
2205.000 3.868
2210.000 3.340
2215.000 2.968
2220.000 2.801
2225.000 2.514
2230.000 2.394
2235.000 2.186
2240.000 2.008
2245.000 1.921
2250.000 1.757
2255.000 1.677
2260.000 1.539
2265.000 1.477
2270.000 1.370
2275.000 1.287
2280.000 1.247
2285.000 1.188
2290.000 1.164
2295.000 1.124
2300.000 1.102
2305.000 1.101
2310.000 1.098
2315.000 1.101
2320.000 1.109
2325.000 1.138
2330.000 1.156
2335.000 1.209
2340.000 1.243
2345.000 1.337
2350.000 1.471
2355.000 1.563
2360.000 1.813
2365.000 1.951
2370.000 2.321
2375.000 2.912
2380.000 3.343
2385.000 4.578
2390.000 5.387
2395.000 7.169
2400.000 7.971
2405.000 7.430
2410.000 5.172
2415.000 4.155
2420.000 2.807
2425.000 2.026
2430.000 1.753
2435.000 1.353
2440.000 1.204
2445.000 0.983
2450.000 0.822
2455.000 0.761
2460.000 0.657
2465.000 0.617
2470.000 0.546
2475.000 0.493
2480.000 0.469
2485.000 0.427
2490.000 0.407
2495.000 0.376
2500.000 0.349
2505.000 0.339
2510.000 0.316
2515.000 0.307
2520.000 0.288
2525.000 0.277
2530.000 0.272
2535.000 0.259
2540.000 0.254
2545.000 0.245
2550.000 0.237
2555.000 0.234
2560.000 0.227
2565.000 0.221
2570.000 0.217
2575.000 0.213
2580.000 0.211
2585.000 0.208
2590.000 0.207
2595.000 0.201
2600.000 0.200
2605.000 0.197
2610.000 0.194
2615.000 0.194
2620.000 0.190
2625.000 0.187
2630.000 0.188
2635.000 0.184
2640.000 0.185
2645.000 0.185
2650.000 0.182
2655.000 0.182
2660.000 0.179
2665.000 0.177
2670.000 0.177
2675.000 0.177
2680.000 0.177
2685.000 0.175
2690.000 0.175
2695.000 0.172
2700.000 0.174
2705.000 0.173
2710.000 0.173
2715.000 0.172
2720.000 0.172
2725.000 0.172
2730.000 0.170
2735.000 0.171
2740.000 0.171
2745.000 0.171
2750.000 0.170
2755.000 0.172
2760.000 0.172
2765.000 0.171
2770.000 0.171
2775.000 0.171
2780.000 0.170
2785.000 0.170
2790.000 0.171
2795.000 0.171
2800.000 0.171
2805.000 0.172
2810.000 0.173
2815.000 0.171
2820.000 0.173
2825.000 0.172
2830.000 0.173
2835.000 0.174
2840.000 0.172
2845.000 0.170
2850.000 0.173
2855.000 0.172
2860.000 0.172
2865.000 0.170
2870.000 0.169
2875.000 0.169
2880.000 0.176
2885.000 0.179
2890.000 0.180
2895.000 0.181
2900.000 0.186
2905.000 0.190
2910.000 0.183
2915.000 0.182
2920.000 0.180
2925.000 0.180
2930.000 0.177
2935.000 0.178
2940.000 0.178
2945.000 0.173
2950.000 0.171
2955.000 0.179
2960.000 0.176
2965.000 0.172
2970.000 0.175
2975.000 0.169
2980.000 0.168
2985.000 0.182
2990.000 0.179
2995.000 0.179
3000.000 0.174
3005.000 0.180
3010.000 0.181
3015.000 0.180
3020.000 0.175
3025.000 0.187
3030.000 0.182
3035.000 0.174
3040.000 0.174
3045.000 0.175
3050.000 0.181
3055.000 0.180
3060.000 0.181
3065.000 0.187
3070.000 0.182
3075.000 0.181
3080.000 0.184
3085.000 0.182
3090.000 0.187
3095.000 0.191
3100.000 0.192
3105.000 0.191
3110.000 0.189
3115.000 0.192
3120.000 0.192
3125.000 0.192
3130.000 0.192
3135.000 0.193
3140.000 0.194
3145.000 0.197
3150.000 0.199
3155.000 0.198
3160.000 0.202
3165.000 0.203
3170.000 0.208
3175.000 0.216
3180.000 0.219
3185.000 0.221
3190.000 0.221
3195.000 0.225
3200.000 0.229
3205.000 0.234
3210.000 0.242
3215.000 0.247
3220.000 0.254
3225.000 0.264
3230.000 0.275
3235.000 0.287
3240.000 0.295
3245.000 0.315
3250.000 0.327
3255.000 0.353
3260.000 0.397
3265.000 0.418
3270.000 0.468
3275.000 0.495
3280.000 0.559
3285.000 0.654
3290.000 0.726
3295.000 1.084
3300.000 1.259
3305.000 1.734
3310.000 2.537
3315.000 3.153
3320.000 4.687
3325.000 5.527
3330.000 7.666
3335.000 10.123
3340.000 11.139
3345.000 11.543
3350.000 10.742
3355.000 8.728
3360.000 7.125
3365.000 6.448
3370.000 5.345
3375.000 4.906
3380.000 4.226
3385.000 3.756
3390.000 3.575
3395.000 3.326
3400.000 3.247
3405.000 3.290
3410.000 3.390
3415.000 3.536
3420.000 3.991
3425.000 4.477
3430.000 5.525
3435.000 6.326
3440.000 8.294
3445.000 11.079
3450.000 12.757
3455.000 15.463
3460.000 16.171
3465.000 14.818
3470.000 10.690
3475.000 8.843
3480.000 6.157
3485.000 5.250
3490.000 3.977
3495.000 3.162
3500.000 2.866
3505.000 2.415
3510.000 2.237
3515.000 1.993
3520.000 1.833
3525.000 1.779
3530.000 1.675
3535.000 1.638
3540.000 1.569
3545.000 1.511
3550.000 1.488
3555.000 1.449
3560.000 1.426
3565.000 1.397
3570.000 1.375
3575.000 1.374
3580.000 1.379
3585.000 1.385
3590.000 1.409
3595.000 1.444
3600.000 1.468
3605.000 1.516
3610.000 1.539
3615.000 1.605
3620.000 1.695
3625.000 1.746
3630.000 1.880
3635.000 1.963
3640.000 2.195
3645.000 2.540
3650.000 2.779
3655.000 3.449
3660.000 3.924
3665.000 5.263
3670.000 7.275
3675.000 8.459
3680.000 10.656
3685.000 11.218
3690.000 10.312
3695.000 7.463
3700.000 6.160
3705.000 4.280
3710.000 3.643
3715.000 2.753
3720.000 2.173
3725.000 1.964
3730.000 1.627
3735.000 1.507
3740.000 1.342
3745.000 1.212
3750.000 1.153
3755.000 1.055
3760.000 1.015
3765.000 0.945
3770.000 0.888
3775.000 0.865
3780.000 0.823
3785.000 0.803
3790.000 0.773
3795.000 0.743
3800.000 0.736
3805.000 0.715
3810.000 0.709
3815.000 0.703
3820.000 0.703
3825.000 0.705
3830.000 0.713
3835.000 0.719
3840.000 0.730
3845.000 0.744
3850.000 0.757
3855.000 0.782
3860.000 0.795
3865.000 0.832
3870.000 0.880
3875.000 0.909
3880.000 0.971
3885.000 1.014
3890.000 1.112
3895.000 1.251
3900.000 1.341
3905.000 1.589
3910.000 1.746
3915.000 2.125
3920.000 2.714
3925.000 3.132
3930.000 4.297
3935.000 5.086
3940.000 7.024
3945.000 8.727
3950.000 9.126
3955.000 8.387
3960.000 7.302
3965.000 5.108
3970.000 3.556
3975.000 3.040
3980.000 2.301
3985.000 2.029
3990.000 1.656
3995.000 1.387
4000.000 1.270
4005.000 1.151
4010.000 1.096
4015.000 0.994
4020.000 0.925
4025.000 0.926
4030.000 0.855
4035.000 0.836
4040.000 0.780
4045.000 0.760
4050.000 0.730
4055.000 0.707
4060.000 0.679
4065.000 0.662
4070.000 0.664
4075.000 0.643
4080.000 0.627
4085.000 0.620
4090.000 0.615
4095.000 0.609
4100.000 0.605
4105.000 0.607
4110.000 0.608
4115.000 0.614
4120.000 0.623
4125.000 0.657
4130.000 0.667
4135.000 0.677
4140.000 0.691
4145.000 0.702
4150.000 0.732
4155.000 0.746
4160.000 0.780
4165.000 0.830
4170.000 0.860
4175.000 0.941
4180.000 1.059
4185.000 1.139
4190.000 1.360
4195.000 1.513
4200.000 1.913
4205.000 2.510
4210.000 2.908
4215.000 3.881
4220.000 4.377
4225.000 4.923
4230.000 4.232
4235.000 3.599
4240.000 2.465
4245.000 2.056
4250.000 1.542
4255.000 1.164
4260.000 1.029
4265.000 0.825
4270.000 0.743
4275.000 0.631
4280.000 0.549
4285.000 0.515
4290.000 0.463
4295.000 0.438
4300.000 0.398
4305.000 0.361
4310.000 0.349
4315.000 0.320
4320.000 0.309
4325.000 0.293
4330.000 0.284
4335.000 0.272
4340.000 0.263
4345.000 0.261
4350.000 0.255
4355.000 0.256
4360.000 0.253
4365.000 0.253
4370.000 0.253
4375.000 0.256
4380.000 0.258
4385.000 0.262
4390.000 0.271
4395.000 0.274
4400.000 0.287
4405.000 0.295
4410.000 0.315
4415.000 0.341
4420.000 0.358
4425.000 0.392
4430.000 0.406
4435.000 0.441
4440.000 0.484
4445.000 0.516
4450.000 0.594
4455.000 0.662
4460.000 0.797
4465.000 1.011
4470.000 1.157
4475.000 1.604
4480.000 2.316
4485.000 2.780
4490.000 3.798
4495.000 4.201
4500.000 4.368
4505.000 3.559
4510.000 3.040
4515.000 2.589
4520.000 1.901
4525.000 1.453
4530.000 1.164
4535.000 1.055
4540.000 0.893
4545.000 0.832
4550.000 0.733
4555.000 0.677
4560.000 0.654
4565.000 0.617
4570.000 0.601
4575.000 0.577
4580.000 0.557
4585.000 0.548
4590.000 0.531
4595.000 0.527
4600.000 0.519
4605.000 0.513
4610.000 0.524
4615.000 0.518
4620.000 0.514
4625.000 0.508
4630.000 0.508
4635.000 0.508
4640.000 0.516
4645.000 0.518
4650.000 0.530
4655.000 0.537
4660.000 0.553
4665.000 0.599
4670.000 0.604
4675.000 0.607
4680.000 0.613
4685.000 0.626
4690.000 0.654
4695.000 0.670
4700.000 0.705
4705.000 0.843
4710.000 1.325
4715.000 1.449
4720.000 1.471
4725.000 1.416
4730.000 1.412
4735.000 1.474
4740.000 1.672
4745.000 1.773
4750.000 1.832
4755.000 1.727
4760.000 1.330
4765.000 0.907
4770.000 0.740
4775.000 0.526
4780.000 0.449
4785.000 0.354
4790.000 0.274
4795.000 0.242
4800.000 0.191
4805.000 0.170
4810.000 0.133
4815.000 0.111
4820.000 0.100
4825.000 0.085
4830.000 0.080
4835.000 0.066
4840.000 0.062
4845.000 0.059
4850.000 0.054
4855.000 0.060
4860.000 0.055
4865.000 0.052
4870.000 0.049
4875.000 0.053
4880.000 0.056
4885.000 0.059
4890.000 0.067
4895.000 0.075
4900.000 0.088
4905.000 0.097
4910.000 0.115
4915.000 0.151
4920.000 0.179
4925.000 0.240
4930.000 0.289
4935.000 0.433
4940.000 0.547
4945.000 0.802
4950.000 1.158
4955.000 1.332
4960.000 1.886
4965.000 2.175
4970.000 2.847
4975.000 3.274
4980.000 3.275
4985.000 2.908
4990.000 2.699
4995.000 2.583
5000.000 2.227
5005.000 1.987
5010.000 1.663
5015.000 1.521
5020.000 1.363
5025.000 1.154
5030.000 1.074
5035.000 0.933
5040.000 0.876
5045.000 0.790
5050.000 0.734
5055.000 0.704
5060.000 0.667
5065.000 0.766
5070.000 0.739
5075.000 0.732
5080.000 0.722
5085.000 0.716
5090.000 0.721
5095.000 0.767
5100.000 0.796
5105.000 0.806
5110.000 0.834
5115.000 0.854
5120.000 0.963
5125.000 1.040
5130.000 1.039
5135.000 0.955
5140.000 0.879
5145.000 0.652
5150.000 0.414
5155.000 0.320
5160.000 0.186
5165.000 0.138
5170.000 0.075
5175.000 0.046
5180.000 0.050
5185.000 0.065
5190.000 0.071
5195.000 0.086
5200.000 0.101
5205.000 0.107
5210.000 0.120
5215.000 0.126
5220.000 0.139
5225.000 0.150
5230.000 0.156
5235.000 0.164
5240.000 0.166
5245.000 0.175
5250.000 0.184
5255.000 0.182
5260.000 0.185
5265.000 0.185
5270.000 0.188
5275.000 0.188
5280.000 0.189
5285.000 0.192
5290.000 0.192
5295.000 0.194
5300.000 0.196
5305.000 0.197
5310.000 0.198
5315.000 0.201
5320.000 0.201
5325.000 0.201
5330.000 0.203
5335.000 0.205
5340.000 0.205
5345.000 0.205
5350.000 0.209
5355.000 0.210
5360.000 0.207
5365.000 0.206
5370.000 0.207
5375.000 0.207
5380.000 0.204
5385.000 0.204
5390.000 0.206
5395.000 0.207
5400.000 0.212
5405.000 0.209
5410.000 0.207
5415.000 0.206
5420.000 0.206
5425.000 0.205
5430.000 0.209
5435.000 0.209
5440.000 0.212
5445.000 0.207
5450.000 0.212
5455.000 0.212
5460.000 0.215
5465.000 0.214
5470.000 0.217
5475.000 0.219
5480.000 0.228
5485.000 0.228
5490.000 0.225
5495.000 0.222
5500.000 0.220
5505.000 0.221
5510.000 0.219
5515.000 0.216
5520.000 0.219
5525.000 0.210
5530.000 0.223
5535.000 0.221
5540.000 0.218
5545.000 0.216
5550.000 0.217
5555.000 0.215
5560.000 0.213
5565.000 0.213
5570.000 0.211
5575.000 0.213
5580.000 0.215
5585.000 0.212
5590.000 0.214
5595.000 0.213
5600.000 0.215
5605.000 0.218
5610.000 0.215
5615.000 0.212
5620.000 0.213
5625.000 0.214
5630.000 0.215
5635.000 0.217
5640.000 0.215
5645.000 0.214
5650.000 0.215
5655.000 0.215
5660.000 0.216
5665.000 0.218
5670.000 0.216
5675.000 0.217
5680.000 0.214
5685.000 0.216
5690.000 0.217
5695.000 0.216
5700.000 0.220
5705.000 0.219
5710.000 0.216
5715.000 0.216
5720.000 0.214
5725.000 0.214
5730.000 0.215
5735.000 0.216
5740.000 0.218
5745.000 0.216
5750.000 0.219
5755.000 0.219
5760.000 0.220
5765.000 0.218
5770.000 0.218
5775.000 0.219
5780.000 0.219
5785.000 0.222
5790.000 0.222
5795.000 0.219
5800.000 0.221
5805.000 0.220
5810.000 0.218
5815.000 0.215
5820.000 0.220
5825.000 0.221
5830.000 0.222
5835.000 0.221
5840.000 0.222
5845.000 0.222
5850.000 0.221
5855.000 0.223
5860.000 0.223
5865.000 0.224
5870.000 0.220
5875.000 0.221
5880.000 0.226
5885.000 0.224
5890.000 0.224
5895.000 0.224
5900.000 0.226
5905.000 0.225
5910.000 0.225
5915.000 0.224
5920.000 0.223
5925.000 0.224
5930.000 0.223
5935.000 0.224
5940.000 0.226
5945.000 0.228
5950.000 0.230
5955.000 0.224
5960.000 0.225
5965.000 0.226
5970.000 0.233
5975.000 0.233
5980.000 0.235
5985.000 0.227
5990.000 0.226
5995.000 0.222
6000.000 0.234
6005.000 0.229
6010.000 0.230
6015.000 0.230
6020.000 0.240
6025.000 0.231
6030.000 0.236
6035.000 0.237
6040.000 0.241
6045.000 0.235
6050.000 0.230
6055.000 0.237
6060.000 0.236
6065.000 0.230
6070.000 0.234
6075.000 0.233
6080.000 0.228
6085.000 0.238
6090.000 0.233
6095.000 0.232
6100.000 0.228
6105.000 0.232
6110.000 0.233
6115.000 0.231
6120.000 0.231
6125.000 0.230
6130.000 0.232
6135.000 0.231
6140.000 0.230
6145.000 0.231
6150.000 0.231
6155.000 0.233
6160.000 0.232
6165.000 0.229
6170.000 0.234
6175.000 0.239
6180.000 0.238
6185.000 0.236
6190.000 0.237
6195.000 0.236
6200.000 0.236
6205.000 0.234
6210.000 0.237
6215.000 0.234
6220.000 0.232
6225.000 0.232
6230.000 0.233
6235.000 0.231
6240.000 0.232
6245.000 0.234
6250.000 0.234
6255.000 0.232
6260.000 0.231
6265.000 0.233
6270.000 0.234
6275.000 0.237
6280.000 0.239
6285.000 0.238
6290.000 0.238
6295.000 0.238
6300.000 0.240
6305.000 0.235
6310.000 0.245
6315.000 0.242
6320.000 0.233
6325.000 0.234
6330.000 0.239
6335.000 0.238
6340.000 0.235
6345.000 0.241
6350.000 0.241
6355.000 0.243
6360.000 0.241
6365.000 0.238
6370.000 0.241
6375.000 0.241
6380.000 0.241
6385.000 0.240
6390.000 0.242
6395.000 0.240
6400.000 0.239
6405.000 0.240
6410.000 0.242
6415.000 0.241
6420.000 0.245
6425.000 0.241
6430.000 0.246
6435.000 0.244
6440.000 0.244
6445.000 0.245
6450.000 0.248
6455.000 0.248
6460.000 0.247
6465.000 0.249
6470.000 0.248
6475.000 0.251
6480.000 0.254
6485.000 0.252
6490.000 0.255
6495.000 0.256
6500.000 0.257
6505.000 0.259
6510.000 0.260
6515.000 0.264
6520.000 0.266
6525.000 0.271
6530.000 0.274
6535.000 0.274
6540.000 0.280
6545.000 0.288
6550.000 0.292
6555.000 0.293
6560.000 0.301
6565.000 0.311
6570.000 0.328
6575.000 0.334
6580.000 0.359
6585.000 0.374
6590.000 0.413
6595.000 0.460
6600.000 0.495
6605.000 0.593
6610.000 0.658
6615.000 0.854
6620.000 1.181
6625.000 1.412
6630.000 2.064
6635.000 2.482
6640.000 3.470
6645.000 4.522
6650.000 4.881
6655.000 4.813
6660.000 4.469
6665.000 3.677
6670.000 3.071
6675.000 2.837
6680.000 2.516
6685.000 2.414
6690.000 2.326
6695.000 2.397
6700.000 2.512
6705.000 2.941
6710.000 3.250
6715.000 4.110
6720.000 4.665
6725.000 5.964
6730.000 7.117
6735.000 7.455
6740.000 7.163
6745.000 6.441
6750.000 4.850
6755.000 3.649
6760.000 3.205
6765.000 2.555
6770.000 2.324
6775.000 1.993
6780.000 1.778
6785.000 1.697
6790.000 1.573
6795.000 1.537
6800.000 1.505
6805.000 1.492
6810.000 1.493
6815.000 1.511
6820.000 1.530
6825.000 1.571
6830.000 1.634
6835.000 1.678
6840.000 1.795
6845.000 1.856
6850.000 2.041
6855.000 2.162
6860.000 2.488
6865.000 3.044
6870.000 3.393
6875.000 4.315
6880.000 5.566
6885.000 6.215
6890.000 7.177
6895.000 7.282
6900.000 6.416
6905.000 4.888
6910.000 4.196
6915.000 3.154
6920.000 2.772
6925.000 2.209
6930.000 1.841
6935.000 1.703
6940.000 1.501
6945.000 1.431
6950.000 1.308
6955.000 1.215
6960.000 1.175
6965.000 1.110
6970.000 1.091
6975.000 1.033
6980.000 1.002
6985.000 0.989
6990.000 0.971
6995.000 0.970
7000.000 0.961
7005.000 0.957
7010.000 0.956
7015.000 0.983
7020.000 1.002
7025.000 1.022
7030.000 1.073
7035.000 1.091
7040.000 1.158
7045.000 1.198
7050.000 1.299
7055.000 1.447
7060.000 1.553
7065.000 1.832
7070.000 2.020
7075.000 2.532
7080.000 3.286
7085.000 3.757
7090.000 4.824
7095.000 5.311
7100.000 5.933
7105.000 5.522
7110.000 4.954
7115.000 3.782
7120.000 3.278
7125.000 2.526
7130.000 2.028
7135.000 1.838
7140.000 1.558
7145.000 1.455
7150.000 1.305
7155.000 1.204
7160.000 1.165
7165.000 1.104
7170.000 1.080
7175.000 1.032
7180.000 0.996
7185.000 0.982
7190.000 0.960
7195.000 0.951
7200.000 0.937
7205.000 0.928
7210.000 0.926
7215.000 0.928
7220.000 0.927
7225.000 0.938
7230.000 0.955
7235.000 0.962
7240.000 0.986
7245.000 1.001
7250.000 1.032
7255.000 1.076
7260.000 1.098
7265.000 1.167
7270.000 1.202
7275.000 1.296
7280.000 1.422
7285.000 1.496
7290.000 1.698
7295.000 1.829
7300.000 2.209
7305.000 2.445
7310.000 3.039
7315.000 3.761
7320.000 4.112
7325.000 4.545
7330.000 4.531
7335.000 3.873
7340.000 2.987
7345.000 2.591
7350.000 1.988
7355.000 1.769
7360.000 1.448
7365.000 1.230
7370.000 1.151
7375.000 1.006
7380.000 0.951
7385.000 0.857
7390.000 0.782
7395.000 0.742
7400.000 0.698
7405.000 0.678
7410.000 0.635
7415.000 0.602
7420.000 0.593
7425.000 0.570
7430.000 0.560
7435.000 0.546
7440.000 0.529
7445.000 0.523
7450.000 0.515
7455.000 0.513
7460.000 0.514
7465.000 0.517
7470.000 0.519
7475.000 0.533
7480.000 0.544
7485.000 0.563
7490.000 0.588
7495.000 0.604
7500.000 0.646
7505.000 0.667
7510.000 0.733
7515.000 0.774
7520.000 0.889
7525.000 1.050
7530.000 1.163
7535.000 1.463
7540.000 1.887
7545.000 2.139
7550.000 2.674
7555.000 2.942
7560.000 3.219
7565.000 2.857
7570.000 2.564
7575.000 2.000
7580.000 1.773
7585.000 1.415
7590.000 1.187
7595.000 1.081
7600.000 0.944
7605.000 0.892
7610.000 0.811
7615.000 0.784
7620.000 0.740
7625.000 0.711
7630.000 0.696
7635.000 0.676
7640.000 0.665
7645.000 0.653
7650.000 0.650
7655.000 0.641
7660.000 0.629
7665.000 0.631
7670.000 0.632
7675.000 0.631
7680.000 0.635
7685.000 0.648
7690.000 0.661
7695.000 0.670
7700.000 0.682
7705.000 0.698
7710.000 0.726
7715.000 0.764
7720.000 0.786
7725.000 0.837
7730.000 0.871
7735.000 0.947
7740.000 1.056
7745.000 1.131
7750.000 1.319
7755.000 1.424
7760.000 1.664
7765.000 1.886
7770.000 1.962
7775.000 1.882
7780.000 1.737
7785.000 1.382
7790.000 1.082
7795.000 0.960
7800.000 0.777
7805.000 0.705
7810.000 0.607
7815.000 0.528
7820.000 0.491
7825.000 0.439
7830.000 0.418
7835.000 0.381
7840.000 0.346
7845.000 0.330
7850.000 0.302
7855.000 0.291
7860.000 0.271
7865.000 0.255
7870.000 0.250
7875.000 0.238
7880.000 0.232
7885.000 0.226
7890.000 0.217
7895.000 0.215
7900.000 0.213
7905.000 0.212
7910.000 0.215
7915.000 0.222
7920.000 0.230
7925.000 0.255
7930.000 0.272
7935.000 0.329
7940.000 0.361
7945.000 0.486
7950.000 0.652
7955.000 0.700
7960.000 0.720
7965.000 0.689
7970.000 0.602
7975.000 0.514
7980.000 0.486
7985.000 0.444
7990.000 0.419
7995.000 0.400
8000.000 0.369
8005.000 0.374
8010.000 0.371
8015.000 0.364
8020.000 0.354
8025.000 0.361
8030.000 0.380
8035.000 0.391
8040.000 0.398
8045.000 0.406
8050.000 0.409
8055.000 0.416
8060.000 0.429
8065.000 0.434
8070.000 0.450
8075.000 0.447
8080.000 0.434
8085.000 0.388
8090.000 0.359
8095.000 0.314
8100.000 0.286
8105.000 0.275
8110.000 0.253
8115.000 0.245
8120.000 0.232
8125.000 0.228
8130.000 0.230
8135.000 0.226
8140.000 0.224
8145.000 0.222
8150.000 0.219
8155.000 0.219
8160.000 0.219
8165.000 0.219
8170.000 0.219
8175.000 0.214
8180.000 0.215
8185.000 0.216
8190.000 0.216
8195.000 0.217
8200.000 0.219
8205.000 0.222
8210.000 0.227
8215.000 0.225
8220.000 0.228
8225.000 0.227
8230.000 0.228
8235.000 0.228
8240.000 0.228
8245.000 0.224
8250.000 0.225
8255.000 0.228
8260.000 0.230
8265.000 0.230
8270.000 0.232
8275.000 0.231
8280.000 0.240
8285.000 0.239
8290.000 0.235
8295.000 0.239
8300.000 0.237
8305.000 0.234
8310.000 0.237
8315.000 0.238
8320.000 0.237
8325.000 0.237
8330.000 0.241
8335.000 0.241
8340.000 0.245
8345.000 0.247
8350.000 0.246
8355.000 0.240
8360.000 0.238
8365.000 0.240
8370.000 0.236
8375.000 0.239
8380.000 0.239
8385.000 0.243
8390.000 0.239
8395.000 0.239
8400.000 0.239
8405.000 0.236
8410.000 0.242
8415.000 0.242
8420.000 0.243
8425.000 0.243
8430.000 0.240
8435.000 0.237
8440.000 0.242
8445.000 0.246
8450.000 0.244
8455.000 0.238
8460.000 0.239
8465.000 0.237
8470.000 0.236
8475.000 0.238
8480.000 0.240
8485.000 0.239
8490.000 0.245
8495.000 0.244
8500.000 0.242
8505.000 0.240
8510.000 0.241
8515.000 0.242
8520.000 0.244
8525.000 0.244
8530.000 0.243
8535.000 0.243
8540.000 0.242
8545.000 0.240
8550.000 0.239
8555.000 0.253
8560.000 0.250
8565.000 0.249
8570.000 0.244
8575.000 0.246
8580.000 0.243
8585.000 0.251
8590.000 0.249
8595.000 0.247
8600.000 0.245
8605.000 0.248
8610.000 0.249
8615.000 0.247
8620.000 0.247
8625.000 0.242
8630.000 0.246
8635.000 0.248
8640.000 0.248
8645.000 0.247
8650.000 0.245
8655.000 0.244
8660.000 0.245
8665.000 0.245
8670.000 0.245
8675.000 0.246
8680.000 0.243
8685.000 0.243
8690.000 0.247
8695.000 0.243
8700.000 0.246
8705.000 0.244
8710.000 0.245
8715.000 0.247
8720.000 0.243
8725.000 0.245
8730.000 0.243
8735.000 0.244
8740.000 0.246
8745.000 0.243
8750.000 0.245
8755.000 0.246
8760.000 0.243
8765.000 0.244
8770.000 0.242
8775.000 0.244
8780.000 0.244
8785.000 0.244
8790.000 0.245
8795.000 0.243
8800.000 0.246
8805.000 0.249
8810.000 0.246
8815.000 0.246
8820.000 0.244
8825.000 0.236
8830.000 0.248
8835.000 0.262
8840.000 0.252
8845.000 0.248
8850.000 0.249
8855.000 0.245
8860.000 0.243
8865.000 0.244
8870.000 0.248
8875.000 0.252
8880.000 0.253
8885.000 0.253
8890.000 0.250
8895.000 0.250
8900.000 0.255
8905.000 0.250
8910.000 0.253
8915.000 0.252
8920.000 0.254
8925.000 0.257
8930.000 0.251
8935.000 0.252
8940.000 0.250
8945.000 0.245
8950.000 0.246
8955.000 0.249
8960.000 0.249
8965.000 0.249
8970.000 0.246
8975.000 0.247
8980.000 0.250
8985.000 0.248
8990.000 0.252
8995.000 0.258
9000.000 0.255
9005.000 0.250
9010.000 0.256
9015.000 0.249
9020.000 0.257
9025.000 0.253
9030.000 0.252
9035.000 0.263
9040.000 0.257
9045.000 0.254
9050.000 0.256
9055.000 0.252
9060.000 0.250
9065.000 0.255
9070.000 0.254
9075.000 0.257
9080.000 0.251
9085.000 0.256
9090.000 0.260
9095.000 0.260
9100.000 0.255
9105.000 0.256
9110.000 0.255
9115.000 0.255
9120.000 0.251
9125.000 0.250
9130.000 0.251
9135.000 0.250
9140.000 0.251
9145.000 0.250
9150.000 0.250
9155.000 0.251
9160.000 0.254
9165.000 0.255
9170.000 0.254
9175.000 0.253
9180.000 0.255
9185.000 0.254
9190.000 0.255
9195.000 0.253
9200.000 0.252
9205.000 0.254
9210.000 0.253
9215.000 0.252
9220.000 0.255
9225.000 0.254
9230.000 0.254
9235.000 0.254
9240.000 0.256
9245.000 0.254
9250.000 0.254
9255.000 0.252
9260.000 0.251
9265.000 0.253
9270.000 0.253
9275.000 0.256
9280.000 0.255
9285.000 0.253
9290.000 0.255
9295.000 0.256
9300.000 0.252
9305.000 0.256
9310.000 0.257
9315.000 0.257
9320.000 0.252
9325.000 0.254
9330.000 0.258
9335.000 0.253
9340.000 0.252
9345.000 0.251
9350.000 0.250
9355.000 0.265
9360.000 0.262
9365.000 0.264
9370.000 0.259
9375.000 0.254
9380.000 0.255
9385.000 0.257
9390.000 0.257
9395.000 0.255
9400.000 0.255
9405.000 0.254
9410.000 0.253
9415.000 0.254
9420.000 0.254
9425.000 0.253
9430.000 0.252
9435.000 0.254
9440.000 0.258
9445.000 0.253
9450.000 0.254
9455.000 0.253
9460.000 0.250
9465.000 0.253
9470.000 0.253
9475.000 0.254
9480.000 0.252
9485.000 0.256
9490.000 0.256
9495.000 0.256
9500.000 0.253
9505.000 0.257
9510.000 0.258
9515.000 0.258
9520.000 0.257
9525.000 0.256
9530.000 0.257
9535.000 0.255
9540.000 0.256
9545.000 0.253
9550.000 0.256
9555.000 0.256
9560.000 0.253
9565.000 0.251
9570.000 0.252
9575.000 0.255
9580.000 0.256
9585.000 0.254
9590.000 0.254
9595.000 0.255
9600.000 0.255
9605.000 0.255
9610.000 0.254
9615.000 0.253
9620.000 0.256
9625.000 0.256
9630.000 0.254
9635.000 0.253
9640.000 0.256
9645.000 0.253
9650.000 0.252
9655.000 0.258
9660.000 0.258
9665.000 0.257
9670.000 0.259
9675.000 0.254
9680.000 0.256
9685.000 0.256
9690.000 0.255
9695.000 0.253
9700.000 0.251
9705.000 0.253
9710.000 0.253
9715.000 0.251
9720.000 0.252
9725.000 0.253
9730.000 0.251
9735.000 0.250
9740.000 0.249
9745.000 0.249
9750.000 0.248
9755.000 0.246
9760.000 0.248
9765.000 0.247
9770.000 0.246
9775.000 0.247
9780.000 0.245
9785.000 0.245
9790.000 0.247
9795.000 0.248
9800.000 0.252
9805.000 0.248
9810.000 0.247
9815.000 0.243
9820.000 0.238
9825.000 0.234
9830.000 0.228
9835.000 0.225
9840.000 0.220
9845.000 0.215
9850.000 0.208
9855.000 0.200
9860.000 0.195
9865.000 0.184
9875.000 0.197
9880.000 0.184
9885.000 0.203
9890.000 0.233
9895.000 0.363
9900.000 0.493
9910.000 0.910
9915.000 1.105
9920.000 1.138
9925.000 1.110
9930.000 1.031
9935.000 0.997
9940.000 0.945
9945.000 0.917
9950.000 0.910
9955.000 0.924
9960.000 0.934
9965.000 0.997
9970.000 1.118
9975.000 1.195
9980.000 1.380
9985.000 1.475
9990.000 1.559
9995.000 1.428
10000.000 1.293
10005.000 1.017
10010.000 0.891
10015.000 0.693
10020.000 0.562
10025.000 0.518
10030.000 0.442
10035.000 0.419
10040.000 0.372
10045.000 0.340
10050.000 0.334
10055.000 0.323
10060.000 0.329
10065.000 0.332
10070.000 0.356
10075.000 0.368
10080.000 0.406
10085.000 0.436
10090.000 0.510
10095.000 0.627
10100.000 0.713
10105.000 0.955
10110.000 1.129
10115.000 1.560
10120.000 2.077
10125.000 2.334
10130.000 2.743
10135.000 2.850
10140.000 2.801
10145.000 2.460
10150.000 2.245
10155.000 1.852
10160.000 1.681
10165.000 1.402
10170.000 1.196
10175.000 1.117
10180.000 0.995
10185.000 0.946
10190.000 0.867
10195.000 0.823
10200.000 0.807
10205.000 0.796
10210.000 0.784
10215.000 0.779
10220.000 0.779
10225.000 0.777
10230.000 0.784
10235.000 0.791
10240.000 0.838
10245.000 0.843
10250.000 0.872
10255.000 0.885
10260.000 0.928
10265.000 0.983
10270.000 1.013
10275.000 1.088
10280.000 1.188
10285.000 1.241
10290.000 1.382
10295.000 1.459
10300.000 1.602
10305.000 1.683
10310.000 1.669
10315.000 1.519
10320.000 1.416
10325.000 1.188
10330.000 0.969
10335.000 0.878
10340.000 0.720
10345.000 0.657
10350.000 0.548
10355.000 0.465
10360.000 0.428
10365.000 0.373
10370.000 0.348
10375.000 0.305
10380.000 0.273
10385.000 0.263
10390.000 0.234
10395.000 0.228
10400.000 0.214
10405.000 0.200
10410.000 0.195
10415.000 0.190
10420.000 0.192
10425.000 0.197
10430.000 0.201
10435.000 0.218
10440.000 0.235
10445.000 0.247
10450.000 0.278
10455.000 0.323
10460.000 0.350
10465.000 0.420
10470.000 0.466
10475.000 0.591
10480.000 0.780
10485.000 0.902
10490.000 1.212
10495.000 1.398
10500.000 1.783
10505.000 2.104
10510.000 2.223
10515.000 2.272
10520.000 2.221
10525.000 1.990
10530.000 1.700
10535.000 1.553
10540.000 1.309
10545.000 1.206
10550.000 1.040
10555.000 0.914
10560.000 0.863
10565.000 0.779
10570.000 0.748
10575.000 0.698
10580.000 0.674
10585.000 0.659
10590.000 0.652
10595.000 0.639
10600.000 0.637
10605.000 0.631
10610.000 0.628
10615.000 0.635
10620.000 0.639
10625.000 0.644
10630.000 0.649
10635.000 0.650
10640.000 0.658
10645.000 0.665
10650.000 0.676
10655.000 0.689
10660.000 0.695
10665.000 0.712
10670.000 0.730
10675.000 0.757
10680.000 0.807
10685.000 0.836
10690.000 0.887
10695.000 0.914
10700.000 0.963
10705.000 0.989
10710.000 0.988
10715.000 0.936
10720.000 0.888
10725.000 0.748
10730.000 0.601
10735.000 0.534
10740.000 0.413
10745.000 0.362
10750.000 0.282
10755.000 0.218
10760.000 0.193
10765.000 0.150
10770.000 0.133
10775.000 0.101
10780.000 0.076
10785.000 0.064
10790.000 0.049
10795.000 0.040
10800.000 0.028
10805.000 0.023
10810.000 0.015
10815.000 0.006
10820.000 0.002
10825.000 0.009
10830.000 0.013
10835.000 0.021
10840.000 0.030
10845.000 0.038
10850.000 0.049
10855.000 0.057
10860.000 0.079
10865.000 0.104
10870.000 0.125
10875.000 0.181
10880.000 0.223
10885.000 0.342
10890.000 0.503
10895.000 0.604
10900.000 0.803
10905.000 0.910
10910.000 1.115
10915.000 1.255
10920.000 1.284
10925.000 1.276
10930.000 1.245
10935.000 1.156
10940.000 1.059
10945.000 1.014
10950.000 0.928
10955.000 0.903
10960.000 0.837
10965.000 0.789
10970.000 0.769
10975.000 0.733
10980.000 0.718
10985.000 0.682
10990.000 0.663
10995.000 0.643
11000.000 0.611
11005.000 0.596
11010.000 0.580
11015.000 0.549
11020.000 0.541
11025.000 0.527
11030.000 0.527
11035.000 0.519
11040.000 0.511
11045.000 0.508
11050.000 0.498
11055.000 0.493
11060.000 0.480
11065.000 0.453
11070.000 0.435
11075.000 0.383
11080.000 0.353
11085.000 0.283
11090.000 0.246
11095.000 0.191
11105.000 0.181
11115.000 0.160
11120.000 0.151
11125.000 0.147
11130.000 0.145
11135.000 0.144
11140.000 0.147
11145.000 0.145
11150.000 0.152
11155.000 0.155
11160.000 0.160
11165.000 0.164
11170.000 0.181
11175.000 0.191
11180.000 0.219
11185.000 0.234
11190.000 0.266
11195.000 0.284
11200.000 0.289
11205.000 0.289
11210.000 0.283
11215.000 0.278
11220.000 0.273
11225.000 0.266
11230.000 0.264
11235.000 0.262
11240.000 0.260
11245.000 0.258
11255.000 0.264
11260.000 0.259
11265.000 0.257
11270.000 0.254
11275.000 0.253
11280.000 0.254
11285.000 0.255
11290.000 0.254
11295.000 0.254
11300.000 0.253
11305.000 0.254
11310.000 0.255
11315.000 0.253
11320.000 0.250
11325.000 0.249
11330.000 0.250
11335.000 0.249
11340.000 0.250
11345.000 0.251
11350.000 0.253
11355.000 0.249
11360.000 0.249
11365.000 0.248
11370.000 0.247
11375.000 0.249
11380.000 0.251
11385.000 0.246
11390.000 0.251
11395.000 0.251
11400.000 0.251
11405.000 0.251
11410.000 0.247
11415.000 0.249
11420.000 0.250
11425.000 0.251
11430.000 0.251
11435.000 0.251
11440.000 0.248
11445.000 0.248
11450.000 0.248
11455.000 0.251
11460.000 0.248
11465.000 0.248
11470.000 0.249
11475.000 0.247
11480.000 0.249
11485.000 0.249
11490.000 0.248
11495.000 0.249
11500.000 0.246
11505.000 0.247
11515.000 0.247
11520.000 0.248
11525.000 0.248
11530.000 0.251
11535.000 0.251
11540.000 0.250
11545.000 0.249
11550.000 0.246
11555.000 0.244
11560.000 0.246
11565.000 0.248
11570.000 0.248
11575.000 0.244
11580.000 0.244
11585.000 0.247
11590.000 0.247
11595.000 0.245
11600.000 0.247
11605.000 0.243
11610.000 0.244
11615.000 0.245
11620.000 0.244
11625.000 0.242
11630.000 0.248
11635.000 0.246
11640.000 0.242
11645.000 0.242
11650.000 0.242
11655.000 0.242
11660.000 0.243
11665.000 0.243
11670.000 0.243
11675.000 0.244
11680.000 0.247
11685.000 0.246
11690.000 0.244
11695.000 0.246
11700.000 0.243
11705.000 0.245
11710.000 0.245
11715.000 0.245
11720.000 0.243
11725.000 0.244
11730.000 0.242
11735.000 0.244
11740.000 0.244
11745.000 0.245
11750.000 0.244
11755.000 0.242
11760.000 0.245
11765.000 0.243
11770.000 0.243
11775.000 0.242
11780.000 0.242
11785.000 0.238
11790.000 0.247
11795.000 0.243
11800.000 0.241
11805.000 0.245
11810.000 0.245
11815.000 0.247
11820.000 0.242
11825.000 0.243
11830.000 0.243
11835.000 0.241
11840.000 0.237
11845.000 0.239
11850.000 0.240
11855.000 0.239
11860.000 0.239
11865.000 0.240
11870.000 0.239
11875.000 0.239
11880.000 0.239
11885.000 0.240
11890.000 0.239
11895.000 0.241
11900.000 0.239
11905.000 0.238
11910.000 0.240
11915.000 0.239
11920.000 0.238
11925.000 0.236
11930.000 0.236
11935.000 0.235
11940.000 0.235
11945.000 0.236
11950.000 0.239
11955.000 0.240
11960.000 0.235
11965.000 0.236
11970.000 0.235
11975.000 0.237
11980.000 0.239
11985.000 0.242
11990.000 0.236
11995.000 0.240
12000.000 0.239
