105.000 0.078
110.000 0.064
115.000 2.263
120.000 3.541
125.000 4.590
130.000 4.883
135.000 5.454
140.000 5.638
145.000 6.034
150.000 6.602
155.000 6.819
160.000 7.221
165.000 7.334
170.000 7.913
175.000 8.416
180.000 8.707
185.000 9.761
190.000 10.761
195.000 13.314
200.000 16.524
205.000 18.162
210.000 21.812
215.000 23.615
220.000 27.867
225.000 32.892
230.000 36.240
235.000 41.892
240.000 44.796
245.000 50.135
250.000 50.357
255.000 45.973
260.000 35.441
265.000 31.590
270.000 26.708
275.000 24.969
280.000 21.715
285.000 18.891
290.000 17.904
295.000 16.106
300.000 15.430
305.000 14.487
310.000 13.708
315.000 13.423
320.000 13.162
325.000 12.992
330.000 13.063
335.000 13.490
340.000 13.864
345.000 14.549
350.000 15.005
355.000 16.356
360.000 17.726
365.000 18.560
370.000 20.603
375.000 21.770
380.000 24.247
385.000 26.942
390.000 28.260
395.000 31.302
400.000 32.831
405.000 36.347
410.000 40.156
415.000 42.189
420.000 46.616
425.000 48.825
430.000 53.363
435.000 58.013
440.000 60.314
445.000 64.976
450.000 67.366
455.000 72.342
460.000 76.994
465.000 77.594
470.000 77.000
475.000 76.219
480.000 75.011
485.000 73.249
490.000 70.207
495.000 54.141
500.000 46.605
505.000 36.713
510.000 30.059
515.000 27.357
520.000 22.793
525.000 20.834
530.000 17.364
535.000 14.677
540.000 13.538
545.000 11.605
550.000 10.800
555.000 9.455
560.000 8.348
565.000 7.900
570.000 7.117
575.000 6.815
580.000 6.291
585.000 5.765
590.000 5.623
595.000 5.294
600.000 5.084
605.000 4.859
610.000 4.665
615.000 4.557
620.000 4.516
625.000 4.432
630.000 4.338
635.000 4.317
640.000 4.346
645.000 4.445
650.000 4.545
655.000 4.807
660.000 5.211
665.000 5.506
670.000 6.370
675.000 7.017
680.000 9.115
685.000 13.152
690.000 16.213
695.000 23.448
700.000 26.314
705.000 26.800
710.000 17.626
715.000 13.546
720.000 8.821
725.000 7.378
730.000 5.388
735.000 4.160
740.000 3.682
745.000 3.003
750.000 2.736
755.000 2.315
760.000 2.008
765.000 1.881
770.000 1.680
775.000 1.591
780.000 1.454
785.000 1.355
790.000 1.313
795.000 1.216
800.000 1.182
805.000 1.126
810.000 1.073
815.000 1.053
820.000 1.018
825.000 0.981
830.000 0.957
835.000 0.944
840.000 0.933
845.000 0.935
850.000 0.943
855.000 0.950
860.000 0.973
865.000 1.012
870.000 1.075
875.000 1.113
880.000 1.214
885.000 1.275
890.000 1.446
895.000 1.680
900.000 1.850
905.000 2.298
910.000 2.605
915.000 3.450
920.000 4.290
925.000 4.298
930.000 3.207
935.000 2.589
940.000 1.870
945.000 1.414
950.000 1.274
955.000 1.039
960.000 0.951
965.000 0.817
970.000 0.721
975.000 0.679
980.000 0.613
985.000 0.588
990.000 0.533
995.000 0.503
1000.000 0.498
1005.000 0.462
1010.000 0.449
1015.000 0.434
1020.000 0.429
1025.000 0.418
1030.000 0.410
1035.000 0.408
1040.000 0.410
1045.000 0.412
1050.000 0.412
1055.000 0.419
1060.000 0.419
1065.000 0.432
1070.000 0.454
1075.000 0.463
1080.000 0.488
1085.000 0.509
1090.000 0.553
1095.000 0.617
1100.000 0.655
1105.000 0.765
1110.000 0.834
1115.000 1.026
1120.000 1.352
1125.000 1.554
1130.000 2.004
1135.000 2.082
1140.000 1.716
1145.000 1.201
1150.000 1.021
1155.000 0.788
1160.000 0.710
1165.000 0.591
1170.000 0.512
1175.000 0.482
1180.000 0.432
1185.000 0.417
1190.000 0.383
1195.000 0.362
1200.000 0.352
1205.000 0.340
1210.000 0.334
1215.000 0.331
1220.000 0.329
1225.000 0.327
1230.000 0.330
1235.000 0.334
1240.000 0.341
1245.000 0.355
1250.000 0.362
1255.000 0.382
1260.000 0.393
1265.000 0.423
1270.000 0.464
1275.000 0.487
1280.000 0.546
1285.000 0.584
1290.000 0.672
1295.000 0.829
1300.000 0.930
1305.000 1.252
1310.000 1.478
1315.000 2.178
1320.000 3.090
1325.000 3.538
1330.000 4.119
1335.000 4.109
1340.000 3.359
1345.000 2.471
1350.000 2.150
1355.000 1.671
1360.000 1.502
1365.000 1.246
1370.000 1.072
1375.000 1.005
1380.000 0.904
1385.000 0.864
1390.000 0.810
1395.000 0.776
1400.000 0.760
1405.000 0.739
1410.000 0.735
1415.000 0.732
1420.000 0.735
1425.000 0.746
1430.000 0.769
1435.000 0.782
1440.000 0.810
1445.000 0.830
1450.000 0.874
1455.000 0.902
1460.000 0.976
1465.000 1.072
1470.000 1.142
1475.000 1.318
1480.000 1.606
1485.000 1.809
1490.000 2.364
1495.000 2.742
1500.000 3.611
1505.000 4.294
1510.000 4.356
1515.000 3.645
1520.000 3.086
1525.000 2.166
1530.000 1.590
1535.000 1.397
1540.000 1.101
1545.000 0.991
1550.000 0.828
1555.000 0.717
1560.000 0.675
1565.000 0.619
1570.000 0.593
1575.000 0.552
1580.000 0.510
1585.000 0.500
1590.000 0.479
1595.000 0.474
1600.000 0.468
1605.000 0.477
1610.000 0.487
1615.000 0.519
1620.000 0.546
1625.000 0.621
1630.000 0.723
1635.000 0.799
1640.000 1.029
1645.000 1.179
1650.000 1.479
1655.000 1.547
1660.000 1.438
1665.000 1.099
1670.000 0.942
1675.000 0.732
1680.000 0.605
1685.000 0.563
1690.000 0.510
1695.000 0.496
1700.000 0.478
1705.000 0.480
1710.000 0.486
1715.000 0.508
1720.000 0.523
1725.000 0.564
1730.000 0.636
1735.000 0.676
1740.000 0.809
1745.000 0.881
1750.000 0.964
1755.000 0.852
1760.000 0.733
1765.000 0.503
1770.000 0.416
1775.000 0.296
1780.000 0.223
1785.000 0.198
1790.000 0.161
1795.000 0.148
1800.000 0.129
1805.000 0.118
1810.000 0.114
1815.000 0.108
1820.000 0.106
1825.000 0.099
1830.000 0.100
1835.000 0.098
1840.000 0.099
1845.000 0.096
1850.000 0.095
1855.000 0.096
1860.000 0.095
1865.000 0.096
1870.000 0.095
1875.000 0.095
1880.000 0.097
1885.000 0.096
1890.000 0.097
1895.000 0.097
1900.000 0.097
1905.000 0.096
1910.000 0.099
1915.000 0.098
1920.000 0.096
1925.000 0.099
1930.000 0.100
1935.000 0.100
1940.000 0.100
1945.000 0.101
1950.000 0.103
1955.000 0.099
1960.000 0.100
1965.000 0.101
1970.000 0.099
1975.000 0.103
1980.000 0.104
1985.000 0.101
1990.000 0.107
1995.000 0.099
2000.000 0.101
2005.000 0.102
2010.000 0.107
2015.000 0.101
2020.000 0.101
2025.000 0.100
2030.000 0.108
2035.000 0.103
2040.000 0.108
2045.000 0.107
2050.000 0.102
2055.000 0.105
2060.000 0.106
2065.000 0.107
2070.000 0.108
2075.000 0.107
2080.000 0.109
2085.000 0.107
2090.000 0.106
2095.000 0.107
2100.000 0.107
2105.000 0.107
2110.000 0.107
2115.000 0.108
2120.000 0.107
2125.000 0.108
2130.000 0.109
2135.000 0.107
2140.000 0.107
2145.000 0.108
2150.000 0.109
2155.000 0.107
2160.000 0.110
2165.000 0.108
2170.000 0.108
2175.000 0.110
2180.000 0.110
2185.000 0.111
2190.000 0.111
2195.000 0.110
2200.000 0.111
2205.000 0.111
2210.000 0.112
2215.000 0.111
2220.000 0.110
2225.000 0.112
2230.000 0.111
2235.000 0.112
2240.000 0.112
2245.000 0.112
2250.000 0.112
2255.000 0.112
2260.000 0.113
2265.000 0.113
2270.000 0.112
2275.000 0.113
2280.000 0.113
2285.000 0.112
2290.000 0.114
2295.000 0.114
2300.000 0.114
2305.000 0.115
2310.000 0.114
2315.000 0.115
2320.000 0.114
2325.000 0.116
2330.000 0.116
2335.000 0.117
2340.000 0.115
2345.000 0.118
2350.000 0.117
2355.000 0.117
2360.000 0.117
2365.000 0.120
2370.000 0.119
2375.000 0.119
2380.000 0.118
2385.000 0.120
2390.000 0.120
2395.000 0.121
2400.000 0.120
2405.000 0.123
2410.000 0.122
2415.000 0.124
2420.000 0.125
2425.000 0.122
2430.000 0.123
2435.000 0.125
2440.000 0.125
2445.000 0.124
2450.000 0.126
2455.000 0.127
2460.000 0.127
2465.000 0.128
2470.000 0.130
2475.000 0.130
2480.000 0.129
2485.000 0.131
2490.000 0.130
2495.000 0.133
2500.000 0.132
2505.000 0.131
2510.000 0.133
2515.000 0.133
2520.000 0.136
2525.000 0.137
2530.000 0.138
2535.000 0.138
2540.000 0.136
2545.000 0.136
2550.000 0.137
2555.000 0.137
2560.000 0.138
2565.000 0.140
2570.000 0.139
2575.000 0.140
2580.000 0.141
2585.000 0.140
2590.000 0.140
2595.000 0.141
2600.000 0.140
2605.000 0.142
2610.000 0.143
2615.000 0.143
2620.000 0.144
2625.000 0.144
2630.000 0.143
2635.000 0.143
2640.000 0.143
2645.000 0.142
2650.000 0.146
2655.000 0.147
2660.000 0.147
2665.000 0.144
2670.000 0.147
2675.000 0.148
2680.000 0.147
2685.000 0.148
2690.000 0.149
2695.000 0.149
2700.000 0.150
2705.000 0.149
2710.000 0.150
2715.000 0.151
2720.000 0.150
2725.000 0.149
2730.000 0.151
2735.000 0.153
2740.000 0.153
2745.000 0.154
2750.000 0.153
2755.000 0.153
2760.000 0.154
2765.000 0.154
2770.000 0.156
2775.000 0.155
2780.000 0.155
2785.000 0.156
2790.000 0.155
2795.000 0.155
2800.000 0.158
2805.000 0.160
2810.000 0.158
2815.000 0.161
2820.000 0.160
2825.000 0.160
2830.000 0.158
2835.000 0.159
2840.000 0.157
2845.000 0.159
2850.000 0.160
2855.000 0.162
2860.000 0.165
2865.000 0.161
2870.000 0.162
2875.000 0.164
2880.000 0.162
2885.000 0.162
2890.000 0.164
2895.000 0.164
2900.000 0.166
2905.000 0.168
2910.000 0.167
2915.000 0.167
2920.000 0.167
2925.000 0.165
2930.000 0.171
2935.000 0.165
2940.000 0.167
2945.000 0.171
2950.000 0.170
2955.000 0.169
2960.000 0.176
2965.000 0.168
2970.000 0.173
2975.000 0.166
2980.000 0.167
2985.000 0.179
2990.000 0.170
2995.000 0.173
3000.000 0.172
3005.000 0.171
3010.000 0.173
3015.000 0.171
3020.000 0.167
3025.000 0.324
3030.000 0.339
3035.000 0.296
3040.000 0.270
3045.000 0.243
3050.000 0.227
3055.000 0.231
3060.000 0.224
3065.000 0.215
3070.000 0.193
3075.000 0.190
3080.000 0.180
3085.000 0.179
3090.000 0.173
3095.000 0.179
3100.000 0.182
3105.000 0.195
3110.000 0.186
3115.000 0.185
3120.000 0.176
3125.000 0.185
3130.000 0.185
3135.000 0.178
3140.000 0.178
3145.000 0.176
3150.000 0.177
3155.000 0.187
3160.000 0.179
3165.000 0.175
3170.000 0.175
3175.000 0.175
3180.000 0.171
3185.000 0.172
3190.000 0.171
3195.000 0.172
3200.000 0.174
3205.000 0.174
3210.000 0.170
3215.000 0.169
3220.000 0.172
3225.000 0.169
3230.000 0.171
3235.000 0.168
3240.000 0.171
3245.000 0.174
3250.000 0.170
3255.000 0.172
3260.000 0.172
3265.000 0.169
3270.000 0.171
3275.000 0.172
3280.000 0.171
3285.000 0.168
3290.000 0.171
3295.000 0.173
3300.000 0.172
3305.000 0.176
3310.000 0.194
3315.000 0.193
3320.000 0.186
3325.000 0.188
3330.000 0.190
3335.000 0.205
3340.000 0.207
3345.000 0.211
3350.000 0.214
3355.000 0.233
3360.000 0.267
3365.000 0.290
3370.000 0.373
3375.000 0.435
3380.000 0.667
3385.000 1.122
3390.000 1.454
3395.000 2.418
3400.000 3.087
3405.000 4.880
3410.000 7.335
3415.000 8.570
3420.000 10.003
3425.000 10.064
3430.000 10.093
3435.000 10.805
3440.000 11.426
3445.000 12.998
3450.000 13.580
3455.000 13.442
3460.000 11.359
3465.000 10.198
3470.000 8.769
3475.000 8.121
3480.000 7.276
3485.000 6.858
3490.000 6.777
3495.000 6.851
3500.000 7.058
3505.000 7.697
3510.000 8.175
3515.000 9.467
3520.000 11.138
3525.000 12.055
3530.000 13.434
3535.000 13.585
3540.000 12.235
3545.000 9.542
3550.000 8.239
3555.000 6.133
3560.000 5.351
3565.000 4.270
3570.000 3.465
3575.000 3.275
3580.000 2.812
3585.000 2.645
3590.000 2.450
3595.000 2.331
3600.000 2.323
3605.000 2.367
3610.000 2.430
3615.000 2.624
3620.000 2.998
3625.000 3.278
3630.000 4.102
3635.000 4.682
3640.000 6.163
3645.000 7.570
3650.000 7.816
3655.000 6.715
3660.000 5.808
3665.000 4.171
3670.000 3.112
3675.000 2.742
3680.000 2.212
3685.000 2.030
3690.000 1.800
3695.000 1.658
3700.000 1.598
3705.000 1.520
3710.000 1.500
3715.000 1.476
3720.000 1.483
3725.000 1.500
3730.000 1.549
3735.000 1.591
3740.000 1.697
3745.000 1.881
3750.000 2.015
3755.000 2.404
3760.000 2.689
3765.000 3.520
3770.000 4.793
3775.000 5.549
3780.000 6.866
3785.000 7.089
3790.000 6.205
3795.000 5.385
3800.000 3.797
3805.000 2.811
3810.000 2.471
3815.000 1.978
3820.000 1.649
3825.000 1.534
3830.000 1.381
3835.000 1.330
3840.000 1.257
3845.000 1.210
3850.000 1.194
3855.000 1.180
3860.000 1.177
3865.000 1.177
3870.000 1.210
3875.000 1.229
3880.000 1.300
3885.000 1.355
3890.000 1.486
3895.000 1.702
3900.000 1.860
3905.000 2.291
3910.000 2.569
3915.000 3.173
3920.000 3.464
3925.000 3.373
3930.000 2.742
3935.000 2.366
3940.000 1.761
3945.000 1.359
3950.000 1.221
3955.000 1.031
3960.000 0.956
3965.000 0.852
3970.000 0.790
3975.000 0.755
3980.000 0.718
3985.000 0.712
3990.000 0.687
3995.000 0.688
4000.000 0.714
4005.000 0.726
4010.000 0.753
4015.000 0.834
4020.000 0.990
4025.000 1.046
4030.000 1.299
4035.000 1.492
4040.000 1.947
4045.000 2.546
4050.000 2.829
4055.000 3.089
4060.000 2.972
4065.000 2.358
4070.000 1.755
4075.000 1.522
4080.000 1.183
4085.000 1.060
4090.000 0.884
4095.000 0.815
4100.000 0.726
4105.000 0.666
4110.000 0.648
4115.000 0.613
4120.000 0.604
4125.000 0.587
4130.000 0.586
4135.000 0.591
4140.000 0.603
4145.000 0.615
4150.000 0.654
4155.000 0.713
4160.000 0.744
4165.000 0.802
4170.000 0.811
4175.000 0.775
4180.000 0.651
4185.000 0.568
4190.000 0.438
4195.000 0.391
4200.000 0.321
4205.000 0.284
4210.000 0.270
4215.000 0.261
4220.000 0.261
4225.000 0.269
4230.000 0.289
4235.000 0.309
4240.000 0.356
4245.000 0.385
4250.000 0.447
4255.000 0.528
4260.000 0.563
4265.000 0.612
4270.000 0.600
4275.000 0.506
4280.000 0.414
4285.000 0.381
4290.000 0.331
4295.000 0.316
4300.000 0.278
4305.000 0.248
4310.000 0.232
4315.000 0.199
4320.000 0.181
4325.000 0.142
4330.000 0.121
4335.000 0.122
4340.000 0.130
4345.000 0.133
4350.000 0.142
4355.000 0.147
4360.000 0.149
4365.000 0.155
4370.000 0.156
4375.000 0.159
4380.000 0.162
4385.000 0.162
4390.000 0.164
4395.000 0.162
4400.000 0.163
4405.000 0.165
4410.000 0.166
4415.000 0.166
4420.000 0.168
4425.000 0.177
4430.000 0.177
4435.000 0.175
4440.000 0.174
4445.000 0.173
4450.000 0.174
4455.000 0.172
4460.000 0.173
4465.000 0.174
4470.000 0.174
4475.000 0.176
4480.000 0.180
4485.000 0.181
4490.000 0.179
4495.000 0.181
4500.000 0.182
4505.000 0.180
4510.000 0.179
4515.000 0.180
4520.000 0.179
4525.000 0.182
4530.000 0.181
4535.000 0.180
4540.000 0.183
4545.000 0.183
4550.000 0.183
4555.000 0.186
4560.000 0.188
4565.000 0.192
4570.000 0.189
4575.000 0.188
4580.000 0.190
4585.000 0.193
4590.000 0.191
4595.000 0.192
4600.000 0.193
4605.000 0.190
4610.000 0.192
4615.000 0.191
4620.000 0.194
4625.000 0.196
4630.000 0.195
4635.000 0.200
4640.000 0.203
4645.000 0.211
4650.000 0.208
4655.000 0.206
4660.000 0.205
4665.000 0.204
4670.000 0.203
4675.000 0.204
4680.000 0.200
4685.000 0.200
4690.000 0.198
4695.000 0.205
4700.000 0.202
4705.000 0.201
4710.000 0.204
4715.000 0.198
4720.000 0.200
4725.000 0.199
4730.000 0.201
4735.000 0.199
4740.000 0.201
4745.000 0.197
4750.000 0.198
4755.000 0.199
4760.000 0.199
4765.000 0.199
4770.000 0.197
4775.000 0.196
4780.000 0.196
4785.000 0.198
4790.000 0.203
4795.000 0.204
4800.000 0.201
4805.000 0.199
4810.000 0.200
4815.000 0.201
4820.000 0.200
4825.000 0.200
4830.000 0.199
4835.000 0.200
4840.000 0.196
4845.000 0.193
4850.000 0.197
4855.000 0.196
4860.000 0.198
4865.000 0.198
4870.000 0.200
4875.000 0.198
4880.000 0.198
4885.000 0.200
4890.000 0.199
4895.000 0.200
4900.000 0.200
4905.000 0.203
4910.000 0.203
4915.000 0.205
4920.000 0.203
4925.000 0.204
4930.000 0.202
4935.000 0.201
4940.000 0.205
4945.000 0.204
4950.000 0.205
4955.000 0.202
4960.000 0.207
4965.000 0.210
4970.000 0.198
4975.000 0.205
4980.000 0.208
4985.000 0.207
4990.000 0.218
4995.000 0.204
5000.000 0.213
5005.000 0.202
5010.000 0.206
5015.000 0.201
5020.000 0.213
5025.000 0.205
5030.000 0.215
5035.000 0.202
5040.000 0.206
5045.000 0.206
5050.000 0.211
5055.000 0.215
5060.000 0.213
5065.000 0.202
5070.000 0.205
5075.000 0.209
5080.000 0.206
5085.000 0.206
5090.000 0.205
5095.000 0.209
5100.000 0.208
5105.000 0.207
5110.000 0.210
5115.000 0.208
5120.000 0.209
5125.000 0.206
5130.000 0.210
5135.000 0.211
5140.000 0.211
5145.000 0.209
5150.000 0.209
5155.000 0.212
5160.000 0.214
5165.000 0.212
5170.000 0.213
5175.000 0.214
5180.000 0.214
5185.000 0.216
5190.000 0.221
5195.000 0.219
5200.000 0.219
5205.000 0.217
5210.000 0.218
5215.000 0.224
5220.000 0.225
5225.000 0.224
5230.000 0.223
5235.000 0.224
5240.000 0.230
5245.000 0.230
5250.000 0.226
5255.000 0.222
5260.000 0.224
5265.000 0.225
5270.000 0.224
5275.000 0.225
5280.000 0.225
5285.000 0.219
5290.000 0.218
5295.000 0.219
5300.000 0.232
5305.000 0.236
5310.000 0.240
5315.000 0.236
5320.000 0.237
5325.000 0.232
5330.000 0.230
5335.000 0.224
5340.000 0.222
5345.000 0.224
5350.000 0.219
5355.000 0.219
5360.000 0.221
5365.000 0.218
5370.000 0.220
5375.000 0.230
5380.000 0.232
5385.000 0.228
5390.000 0.224
5395.000 0.225
5400.000 0.225
5405.000 0.225
5410.000 0.222
5415.000 0.220
5420.000 0.221
5425.000 0.223
5430.000 0.221
5435.000 0.220
5440.000 0.218
5445.000 0.221
5450.000 0.217
5455.000 0.220
5460.000 0.222
5465.000 0.221
5470.000 0.218
5475.000 0.220
5480.000 0.219
5485.000 0.218
5490.000 0.220
5495.000 0.222
5500.000 0.224
5505.000 0.222
5510.000 0.222
5515.000 0.222
5520.000 0.224
5525.000 0.226
5530.000 0.226
5535.000 0.226
5540.000 0.228
5545.000 0.223
5550.000 0.224
5555.000 0.223
5560.000 0.224
5565.000 0.227
5570.000 0.224
5575.000 0.222
5580.000 0.223
5585.000 0.223
5590.000 0.223
5595.000 0.226
5600.000 0.225
5605.000 0.225
5610.000 0.224
5615.000 0.225
5620.000 0.224
5625.000 0.226
5630.000 0.225
5635.000 0.225
5640.000 0.225
5645.000 0.225
5650.000 0.225
5655.000 0.227
5660.000 0.228
5665.000 0.225
5670.000 0.226
5675.000 0.225
5680.000 0.227
5685.000 0.227
5690.000 0.231
5695.000 0.230
5700.000 0.228
5705.000 0.230
5710.000 0.230
5715.000 0.229
5720.000 0.228
5725.000 0.226
5730.000 0.228
5735.000 0.231
5740.000 0.248
5745.000 0.256
5750.000 0.250
5755.000 0.270
5760.000 0.258
5765.000 0.253
5770.000 0.250
5775.000 0.250
5780.000 0.247
5785.000 0.241
5790.000 0.238
5795.000 0.237
5800.000 0.238
5805.000 0.236
5810.000 0.237
5815.000 0.236
5820.000 0.236
5825.000 0.237
5830.000 0.234
5835.000 0.232
5840.000 0.234
5845.000 0.237
5850.000 0.234
5855.000 0.235
5860.000 0.237
5865.000 0.235
5870.000 0.236
5875.000 0.236
5880.000 0.235
5885.000 0.236
5890.000 0.235
5895.000 0.239
5900.000 0.240
5905.000 0.238
5910.000 0.242
5915.000 0.244
5920.000 0.241
5925.000 0.239
5930.000 0.240
5935.000 0.239
5940.000 0.238
5945.000 0.244
5950.000 0.242
5955.000 0.241
5960.000 0.242
5965.000 0.244
5970.000 0.243
5975.000 0.249
5980.000 0.253
5985.000 0.247
5990.000 0.239
5995.000 0.240
6000.000 0.254
6005.000 0.244
6010.000 0.240
6015.000 0.243
6020.000 0.260
6025.000 0.242
6030.000 0.241
6035.000 0.258
6040.000 0.250
6045.000 0.257
6050.000 0.255
6055.000 0.245
6060.000 0.247
6065.000 0.246
6070.000 0.254
6075.000 0.246
6080.000 0.250
6085.000 0.250
6090.000 0.249
6095.000 0.248
6100.000 0.250
6105.000 0.253
6110.000 0.251
6115.000 0.249
6120.000 0.248
6125.000 0.251
6130.000 0.250
6135.000 0.250
6140.000 0.251
6145.000 0.250
6150.000 0.247
6155.000 0.250
6160.000 0.253
6165.000 0.256
6170.000 0.254
6175.000 0.253
6180.000 0.253
6185.000 0.254
6190.000 0.251
6195.000 0.252
6200.000 0.249
6205.000 0.251
6210.000 0.250
6215.000 0.251
6220.000 0.252
6225.000 0.253
6230.000 0.250
6235.000 0.255
6240.000 0.253
6245.000 0.251
6250.000 0.250
6255.000 0.253
6260.000 0.249
6265.000 0.254
6270.000 0.254
6275.000 0.256
6280.000 0.256
6285.000 0.254
6290.000 0.252
6295.000 0.262
6300.000 0.257
6305.000 0.261
6310.000 0.257
6315.000 0.263
6320.000 0.257
6325.000 0.257
6330.000 0.255
6335.000 0.254
6340.000 0.253
6345.000 0.258
6350.000 0.255
6355.000 0.254
6360.000 0.258
6365.000 0.258
6370.000 0.262
6375.000 0.257
6380.000 0.259
6385.000 0.257
6390.000 0.255
6395.000 0.257
6400.000 0.256
6405.000 0.255
6410.000 0.256
6415.000 0.259
6420.000 0.260
6425.000 0.255
6430.000 0.260
6435.000 0.256
6440.000 0.259
6445.000 0.257
6450.000 0.258
6455.000 0.259
6460.000 0.257
6465.000 0.256
6470.000 0.256
6475.000 0.259
6480.000 0.257
6485.000 0.260
6490.000 0.259
6495.000 0.260
6500.000 0.260
6505.000 0.264
6510.000 0.261
6515.000 0.262
6520.000 0.260
6525.000 0.259
6530.000 0.262
6535.000 0.264
6540.000 0.261
6545.000 0.259
6550.000 0.260
6555.000 0.258
6560.000 0.261
6565.000 0.257
6570.000 0.260
6575.000 0.257
6580.000 0.260
6585.000 0.257
6590.000 0.256
6595.000 0.257
6600.000 0.259
6605.000 0.258
6610.000 0.257
6615.000 0.257
6620.000 0.257
6625.000 0.260
6630.000 0.261
6635.000 0.260
6640.000 0.265
6645.000 0.260
6650.000 0.262
6655.000 0.260
6660.000 0.258
6665.000 0.260
6670.000 0.264
6675.000 0.260
6680.000 0.262
6685.000 0.260
6690.000 0.263
6695.000 0.260
6700.000 0.263
6705.000 0.262
6710.000 0.263
6715.000 0.265
6720.000 0.269
6725.000 0.270
6730.000 0.271
6735.000 0.271
6740.000 0.277
6745.000 0.286
6750.000 0.288
6755.000 0.304
6760.000 0.312
6765.000 0.340
6770.000 0.361
6775.000 0.428
6780.000 0.554
6785.000 0.656
6790.000 1.087
6795.000 1.402
6800.000 2.272
6805.000 3.311
6810.000 3.796
6815.000 4.716
6820.000 5.207
6825.000 6.258
6830.000 7.245
6835.000 7.485
6840.000 7.427
6845.000 7.290
6850.000 7.178
6855.000 7.510
6860.000 7.773
6865.000 8.522
6870.000 8.950
6875.000 9.706
6880.000 9.806
6885.000 9.415
6890.000 7.950
6895.000 7.151
6900.000 5.827
6905.000 4.885
6910.000 4.548
6915.000 4.097
6920.000 3.978
6925.000 3.935
6930.000 4.189
6935.000 4.457
6940.000 5.162
6945.000 5.487
6950.000 5.814
6955.000 5.396
6960.000 4.939
6965.000 4.002
6970.000 3.591
6975.000 2.998
6980.000 2.619
6985.000 2.488
6990.000 2.332
6995.000 2.282
7000.000 2.273
7005.000 2.413
7010.000 2.509
7015.000 2.803
7020.000 3.001
7025.000 3.550
7030.000 4.112
7035.000 4.261
7040.000 4.170
7045.000 3.901
7050.000 3.196
7055.000 2.576
7060.000 2.338
7065.000 1.992
7070.000 1.873
7075.000 1.693
7080.000 1.585
7085.000 1.551
7090.000 1.524
7095.000 1.528
7100.000 1.582
7105.000 1.685
7110.000 1.778
7115.000 2.038
7120.000 2.200
7125.000 2.556
7130.000 2.788
7135.000 2.788
7140.000 2.465
7145.000 2.246
7150.000 1.872
7155.000 1.630
7160.000 1.552
7165.000 1.436
7170.000 1.395
7175.000 1.358
7180.000 1.353
7185.000 1.366
7190.000 1.420
7195.000 1.463
7200.000 1.588
7205.000 1.766
7210.000 1.882
7215.000 2.109
7220.000 2.184
7225.000 2.178
7230.000 1.913
7235.000 1.738
7240.000 1.412
7245.000 1.277
7250.000 1.071
7255.000 0.920
7260.000 0.862
7265.000 0.783
7270.000 0.757
7275.000 0.715
7280.000 0.691
7285.000 0.689
7290.000 0.701
7295.000 0.716
7300.000 0.763
7305.000 0.811
7310.000 0.833
7315.000 0.821
7320.000 0.784
7325.000 0.711
7330.000 0.670
7335.000 0.665
7340.000 0.660
7345.000 0.664
7350.000 0.679
7355.000 0.726
7360.000 0.744
7365.000 0.791
7370.000 0.785
7375.000 0.719
7380.000 0.664
7385.000 0.538
7390.000 0.410
7395.000 0.356
7400.000 0.272
7405.000 0.231
7410.000 0.166
7415.000 0.133
7420.000 0.137
7425.000 0.166
7430.000 0.179
7435.000 0.198
7440.000 0.206
7445.000 0.206
7450.000 0.212
7455.000 0.213
7460.000 0.213
7465.000 0.213
7470.000 0.213
7475.000 0.216
7480.000 0.214
7485.000 0.216
7490.000 0.214
7495.000 0.216
7500.000 0.215
7505.000 0.216
7510.000 0.216
7515.000 0.217
7520.000 0.217
7525.000 0.215
7530.000 0.216
7535.000 0.216
7540.000 0.217
7545.000 0.216
7550.000 0.217
7555.000 0.217
7560.000 0.216
7565.000 0.217
7570.000 0.218
7575.000 0.218
7580.000 0.218
7585.000 0.215
7590.000 0.217
7595.000 0.216
7600.000 0.218
7605.000 0.217
7610.000 0.217
7615.000 0.217
7620.000 0.220
7625.000 0.218
7630.000 0.218
7635.000 0.218
7640.000 0.216
7645.000 0.218
7650.000 0.218
7655.000 0.215
7660.000 0.214
7665.000 0.218
7670.000 0.219
7675.000 0.219
7680.000 0.220
7685.000 0.217
7690.000 0.219
7695.000 0.217
7700.000 0.216
7705.000 0.218
7710.000 0.218
7715.000 0.217
7720.000 0.218
7725.000 0.220
7730.000 0.221
7735.000 0.221
7740.000 0.219
7745.000 0.220
7750.000 0.219
7755.000 0.217
7760.000 0.221
7765.000 0.223
7770.000 0.219
7775.000 0.221
7780.000 0.220
7785.000 0.221
7790.000 0.222
7795.000 0.221
7800.000 0.222
7805.000 0.222
7810.000 0.222
7815.000 0.220
7820.000 0.222
7825.000 0.220
7830.000 0.223
7835.000 0.224
7840.000 0.221
7845.000 0.221
7850.000 0.222
7855.000 0.220
7860.000 0.221
7865.000 0.223
7870.000 0.220
7875.000 0.223
7880.000 0.223
7885.000 0.223
7890.000 0.222
7895.000 0.219
7900.000 0.225
7905.000 0.223
7910.000 0.225
7915.000 0.223
7920.000 0.225
7925.000 0.222
7930.000 0.224
7935.000 0.227
7940.000 0.221
7945.000 0.221
7950.000 0.222
7955.000 0.226
7960.000 0.226
7965.000 0.225
7970.000 0.229
7975.000 0.225
7980.000 0.226
7985.000 0.232
7990.000 0.226
7995.000 0.229
8000.000 0.226
8005.000 0.231
8010.000 0.235
8015.000 0.236
8020.000 0.223
8025.000 0.225
8030.000 0.234
8035.000 0.231
8040.000 0.239
8045.000 0.236
8050.000 0.226
8055.000 0.234
8060.000 0.235
8065.000 0.230
8070.000 0.234
8075.000 0.232
8080.000 0.233
8085.000 0.232
8090.000 0.233
8095.000 0.233
8100.000 0.234
8105.000 0.235
8110.000 0.233
8115.000 0.238
8120.000 0.237
8125.000 0.238
8130.000 0.238
8135.000 0.239
8140.000 0.235
8145.000 0.239
8150.000 0.238
8155.000 0.239
8160.000 0.245
8165.000 0.247
8170.000 0.246
8175.000 0.245
8180.000 0.248
8185.000 0.243
8190.000 0.244
8195.000 0.245
8200.000 0.244
8205.000 0.244
8210.000 0.243
8215.000 0.244
8220.000 0.245
8225.000 0.245
8230.000 0.248
8235.000 0.246
8240.000 0.248
8245.000 0.248
8250.000 0.248
8255.000 0.249
8260.000 0.251
8265.000 0.253
8270.000 0.252
8275.000 0.253
8280.000 0.252
8285.000 0.251
8290.000 0.254
8295.000 0.255
8300.000 0.256
8305.000 0.253
8310.000 0.253
8315.000 0.253
8320.000 0.254
8325.000 0.255
8330.000 0.256
8335.000 0.251
8340.000 0.252
8345.000 0.255
8350.000 0.255
8355.000 0.253
8360.000 0.256
8365.000 0.258
8370.000 0.254
8375.000 0.255
8380.000 0.256
8385.000 0.254
8390.000 0.257
8395.000 0.257
8400.000 0.255
8405.000 0.255
8410.000 0.254
8415.000 0.255
8420.000 0.256
8425.000 0.255
8430.000 0.261
8435.000 0.257
8440.000 0.253
8445.000 0.254
8450.000 0.255
8455.000 0.256
8460.000 0.258
8465.000 0.256
8470.000 0.256
8475.000 0.256
8480.000 0.256
8485.000 0.256
8490.000 0.256
8495.000 0.258
8500.000 0.255
8505.000 0.256
8510.000 0.257
8515.000 0.255
8520.000 0.258
8525.000 0.256
8530.000 0.261
8535.000 0.259
8540.000 0.261
8545.000 0.259
8550.000 0.260
8555.000 0.259
8560.000 0.257
8565.000 0.256
8570.000 0.259
8575.000 0.257
8580.000 0.255
8585.000 0.261
8590.000 0.260
8595.000 0.260
8600.000 0.260
8605.000 0.260
8610.000 0.257
8615.000 0.258
8620.000 0.257
8625.000 0.256
8630.000 0.259
8635.000 0.259
8640.000 0.260
8645.000 0.259
8650.000 0.259
8655.000 0.255
8660.000 0.261
8665.000 0.261
8670.000 0.260
8675.000 0.259
8680.000 0.256
8685.000 0.259
8690.000 0.259
8695.000 0.258
8700.000 0.262
8705.000 0.259
8710.000 0.259
8715.000 0.263
8720.000 0.261
8725.000 0.260
8730.000 0.260
8735.000 0.266
8740.000 0.267
8745.000 0.263
8750.000 0.264
8755.000 0.258
8760.000 0.261
8765.000 0.260
8770.000 0.259
8775.000 0.260
8780.000 0.260
8785.000 0.263
8790.000 0.261
8795.000 0.261
8800.000 0.262
8805.000 0.263
8810.000 0.266
8815.000 0.268
8820.000 0.266
8825.000 0.278
8830.000 0.285
8835.000 0.278
8840.000 0.273
8845.000 0.266
8850.000 0.268
8855.000 0.264
8860.000 0.262
8865.000 0.262
8870.000 0.265
8875.000 0.263
8880.000 0.264
8885.000 0.265
8890.000 0.264
8895.000 0.265
8900.000 0.262
8905.000 0.264
8910.000 0.264
8915.000 0.262
8920.000 0.263
8925.000 0.264
8930.000 0.266
8935.000 0.263
8940.000 0.265
8945.000 0.264
8950.000 0.267
8955.000 0.262
8960.000 0.262
8965.000 0.263
8970.000 0.265
8975.000 0.266
8980.000 0.267
8985.000 0.269
8990.000 0.260
8995.000 0.265
9000.000 0.275
9005.000 0.262
9010.000 0.264
9015.000 0.265
9020.000 0.276
9025.000 0.270
9030.000 0.268
9035.000 0.275
9040.000 0.269
9045.000 0.269
9050.000 0.272
9055.000 0.264
9060.000 0.267
9065.000 0.265
9070.000 0.265
9075.000 0.268
9080.000 0.265
9085.000 0.268
9090.000 0.264
9095.000 0.265
9100.000 0.265
9105.000 0.261
9110.000 0.265
9115.000 0.263
9120.000 0.262
9125.000 0.262
9130.000 0.262
9135.000 0.262
9140.000 0.264
9145.000 0.264
9150.000 0.264
9155.000 0.266
9160.000 0.264
9165.000 0.264
9170.000 0.265
9175.000 0.264
9180.000 0.267
9185.000 0.266
9190.000 0.267
9195.000 0.267
9200.000 0.265
9205.000 0.263
9210.000 0.263
9215.000 0.266
9220.000 0.265
9225.000 0.268
9230.000 0.269
9235.000 0.266
9240.000 0.266
9245.000 0.267
9250.000 0.267
9255.000 0.264
9260.000 0.265
9265.000 0.262
9270.000 0.267
9275.000 0.268
9280.000 0.267
9285.000 0.267
9290.000 0.268
9295.000 0.268
9300.000 0.264
9305.000 0.264
9310.000 0.266
9315.000 0.265
9320.000 0.266
9325.000 0.266
9330.000 0.267
9335.000 0.266
9340.000 0.263
9345.000 0.265
9350.000 0.266
9355.000 0.264
9360.000 0.265
9365.000 0.266
9370.000 0.265
9375.000 0.265
9380.000 0.268
9385.000 0.264
9390.000 0.265
9395.000 0.265
9400.000 0.264
9405.000 0.265
9410.000 0.268
9415.000 0.263
9420.000 0.263
9425.000 0.264
9430.000 0.265
9435.000 0.266
9440.000 0.266
9445.000 0.265
9450.000 0.265
9455.000 0.266
9460.000 0.267
9465.000 0.264
9470.000 0.266
9475.000 0.269
9480.000 0.267
9485.000 0.267
9490.000 0.268
9495.000 0.267
9500.000 0.266
9505.000 0.267
9510.000 0.267
9515.000 0.267
9520.000 0.262
9525.000 0.265
9530.000 0.266
9535.000 0.266
9540.000 0.267
9545.000 0.265
9550.000 0.267
9555.000 0.267
9560.000 0.265
9565.000 0.266
9570.000 0.263
9575.000 0.265
9580.000 0.263
9585.000 0.266
9590.000 0.265
9595.000 0.266
9600.000 0.266
9605.000 0.266
9610.000 0.266
9615.000 0.265
9620.000 0.266
9625.000 0.271
9630.000 0.267
9635.000 0.271
9640.000 0.268
9645.000 0.265
9650.000 0.264
9655.000 0.264
9660.000 0.267
9665.000 0.266
9670.000 0.265
9675.000 0.265
9680.000 0.267
9685.000 0.265
9690.000 0.264
9695.000 0.265
9700.000 0.266
9705.000 0.264
9710.000 0.264
9715.000 0.266
9720.000 0.265
9725.000 0.264
9730.000 0.264
9735.000 0.267
9740.000 0.264
9745.000 0.268
9750.000 0.267
9755.000 0.265
9760.000 0.266
9765.000 0.265
9770.000 0.263
9775.000 0.265
9780.000 0.270
9785.000 0.266
9790.000 0.265
9795.000 0.268
9800.000 0.268
9805.000 0.267
9810.000 0.267
9815.000 0.269
9820.000 0.268
9825.000 0.269
9830.000 0.267
9835.000 0.270
9840.000 0.269
9845.000 0.268
9850.000 0.266
9855.000 0.267
9860.000 0.264
9865.000 0.266
9870.000 0.264
9875.000 0.264
9880.000 0.262
9885.000 0.261
9890.000 0.264
9895.000 0.266
9900.000 0.266
9905.000 0.265
9910.000 0.264
9915.000 0.268
9920.000 0.266
9925.000 0.261
9930.000 0.263
9935.000 0.263
9940.000 0.262
9945.000 0.262
9950.000 0.264
9955.000 0.271
9960.000 0.266
9965.000 0.262
9970.000 0.263
9975.000 0.261
9980.000 0.265
9985.000 0.265
9990.000 0.262
9995.000 0.269
10000.000 0.269
10005.000 0.263
10010.000 0.262
10015.000 0.265
10020.000 0.268
10025.000 0.264
10030.000 0.266
10035.000 0.260
10040.000 0.263
10045.000 0.264
10050.000 0.267
10055.000 0.270
10060.000 0.272
10065.000 0.273
10070.000 0.274
10075.000 0.272
10080.000 0.267
10085.000 0.262
10090.000 0.268
10095.000 0.266
10100.000 0.269
10105.000 0.269
10110.000 0.267
10115.000 0.274
10120.000 0.276
10125.000 0.273
10130.000 0.271
10135.000 0.270
10140.000 0.266
10145.000 0.262
10150.000 0.239
10155.000 0.221
10160.000 0.149
10165.000 0.041
10170.000 0.081
10175.000 0.491
10180.000 0.799
10185.000 1.334
10190.000 1.795
10195.000 1.960
10200.000 2.163
10205.000 2.256
10210.000 2.324
10215.000 2.393
10220.000 2.427
10225.000 2.529
10230.000 2.529
10235.000 2.420
10240.000 2.162
10245.000 1.999
10250.000 1.697
10255.000 1.581
10260.000 1.419
10265.000 1.389
10270.000 1.424
10275.000 1.608
10280.000 1.763
10285.000 2.130
10290.000 2.450
10295.000 2.587
10300.000 2.681
10305.000 2.637
10310.000 2.454
10315.000 2.236
10320.000 2.134
10325.000 1.961
10330.000 1.895
10335.000 1.795
10340.000 1.750
10345.000 1.743
10350.000 1.776
10355.000 1.776
10360.000 1.744
10365.000 1.613
10370.000 1.512
10375.000 1.247
10380.000 1.115
10385.000 0.881
10390.000 0.710
10395.000 0.644
10400.000 0.563
10405.000 0.540
10410.000 0.520
10415.000 0.528
10420.000 0.553
10425.000 0.632
10430.000 0.691
10435.000 0.881
10440.000 1.143
10445.000 1.274
10450.000 1.439
10455.000 1.455
10460.000 1.361
10465.000 1.219
10470.000 1.135
10475.000 1.032
10480.000 0.983
10485.000 0.917
10490.000 0.890
10495.000 0.890
10500.000 0.890
10505.000 0.893
10510.000 0.904
10515.000 0.891
10520.000 0.883
10525.000 0.810
10530.000 0.748
10535.000 0.610
10540.000 0.468
10545.000 0.404
10550.000 0.301
10555.000 0.262
10560.000 0.191
10565.000 0.155
10570.000 0.147
10575.000 0.174
10580.000 0.213
10585.000 0.354
10590.000 0.550
10595.000 0.650
10600.000 0.805
10605.000 0.851
10610.000 0.884
10615.000 0.867
10620.000 0.845
10625.000 0.787
10630.000 0.760
10635.000 0.687
10640.000 0.651
10645.000 0.575
10650.000 0.487
10655.000 0.437
10660.000 0.342
10665.000 0.297
10670.000 0.224
10675.000 0.183
10680.000 0.189
10685.000 0.197
10690.000 0.208
10695.000 0.237
10700.000 0.260
10705.000 0.264
10710.000 0.267
10715.000 0.268
10720.000 0.266
10725.000 0.267
10730.000 0.266
10735.000 0.268
10740.000 0.265
10745.000 0.264
10750.000 0.267
10755.000 0.267
10760.000 0.265
10765.000 0.265
10770.000 0.263
10775.000 0.265
10780.000 0.263
10785.000 0.263
10790.000 0.262
10795.000 0.262
10800.000 0.264
10805.000 0.261
10810.000 0.261
10815.000 0.263
10820.000 0.264
10825.000 0.263
10830.000 0.265
10835.000 0.264
10840.000 0.264
10845.000 0.265
10850.000 0.266
10855.000 0.265
10860.000 0.262
10865.000 0.266
10870.000 0.261
10875.000 0.262
10880.000 0.265
10885.000 0.262
10890.000 0.261
10895.000 0.262
10900.000 0.265
10905.000 0.266
10910.000 0.266
10915.000 0.266
10920.000 0.261
10925.000 0.268
10930.000 0.264
10935.000 0.266
10940.000 0.268
10945.000 0.266
10950.000 0.264
10955.000 0.263
10960.000 0.260
10965.000 0.257
10970.000 0.262
10975.000 0.258
10980.000 0.257
10985.000 0.262
10990.000 0.262
10995.000 0.265
11000.000 0.261
11005.000 0.264
11010.000 0.263
11015.000 0.260
11020.000 0.258
11025.000 0.264
11030.000 0.262
11035.000 0.270
11040.000 0.276
11045.000 0.271
11050.000 0.264
11055.000 0.264
11060.000 0.261
11065.000 0.260
11070.000 0.263
11075.000 0.263
11080.000 0.262
11085.000 0.259
11090.000 0.263
11095.000 0.262
11100.000 0.259
11105.000 0.259
11110.000 0.262
11115.000 0.259
11120.000 0.261
11125.000 0.257
11130.000 0.259
11135.000 0.260
11140.000 0.261
11145.000 0.256
11150.000 0.255
11155.000 0.257
11160.000 0.255
11165.000 0.256
11170.000 0.257
11175.000 0.258
11180.000 0.256
11185.000 0.259
11190.000 0.258
11195.000 0.258
11200.000 0.257
11205.000 0.259
11210.000 0.257
11215.000 0.263
11220.000 0.262
11225.000 0.258
11230.000 0.258
11235.000 0.257
11240.000 0.255
11245.000 0.254
11250.000 0.254
11255.000 0.258
11260.000 0.259
11265.000 0.255
11270.000 0.256
11275.000 0.256
11280.000 0.255
11285.000 0.254
11290.000 0.256
11295.000 0.256
11300.000 0.254
11305.000 0.254
11310.000 0.257
11315.000 0.257
11320.000 0.256
11325.000 0.257
11330.000 0.259
11335.000 0.256
11340.000 0.256
11345.000 0.252
11350.000 0.255
11355.000 0.255
11360.000 0.258
11365.000 0.256
11370.000 0.254
11375.000 0.256
11380.000 0.259
11385.000 0.256
11390.000 0.259
11395.000 0.258
11400.000 0.256
11405.000 0.256
11410.000 0.257
11415.000 0.256
11420.000 0.255
11425.000 0.255
11430.000 0.254
11435.000 0.254
11440.000 0.251
11445.000 0.254
11450.000 0.252
11455.000 0.251
11460.000 0.254
11465.000 0.253
11470.000 0.255
11475.000 0.252
11480.000 0.254
11485.000 0.252
11490.000 0.249
11495.000 0.255
11500.000 0.250
11505.000 0.252
11510.000 0.252
11515.000 0.253
11520.000 0.254
11525.000 0.254
11530.000 0.255
11535.000 0.251
11540.000 0.253
11545.000 0.251
11550.000 0.251
11555.000 0.251
11560.000 0.252
11565.000 0.252
11570.000 0.254
11575.000 0.253
11580.000 0.255
11585.000 0.251
11590.000 0.252
11595.000 0.252
11600.000 0.253
11605.000 0.250
11610.000 0.251
11615.000 0.251
11620.000 0.249
11625.000 0.249
11630.000 0.251
11635.000 0.253
11640.000 0.255
11645.000 0.249
11650.000 0.251
11655.000 0.250
11660.000 0.249
11665.000 0.253
11670.000 0.252
11675.000 0.253
11680.000 0.246
11685.000 0.250
11690.000 0.248
11695.000 0.249
11700.000 0.248
11705.000 0.249
11710.000 0.249
11715.000 0.250
11720.000 0.252
11725.000 0.252
11730.000 0.251
11735.000 0.251
11740.000 0.251
11745.000 0.241
11750.000 0.308
11755.000 0.326
11760.000 0.302
11765.000 0.292
11770.000 0.275
11775.000 0.268
11780.000 0.257
11785.000 0.250
11790.000 0.247
11795.000 0.246
11800.000 0.246
11805.000 0.249
11810.000 0.248
11815.000 0.247
11820.000 0.249
11825.000 0.246
11830.000 0.247
11835.000 0.247
11840.000 0.249
11845.000 0.247
11850.000 0.246
11855.000 0.244
11860.000 0.243
11865.000 0.248
11870.000 0.247
11875.000 0.244
11880.000 0.246
11885.000 0.247
11890.000 0.247
11895.000 0.245
11900.000 0.245
11905.000 0.247
11910.000 0.247
11915.000 0.248
11920.000 0.244
11925.000 0.245
11930.000 0.245
11935.000 0.247
11940.000 0.245
11945.000 0.244
11950.000 0.244
11955.000 0.249
11960.000 0.246
11965.000 0.246
11970.000 0.247
11975.000 0.241
11980.000 0.244
11985.000 0.247
11990.000 0.246
11995.000 0.250
12000.000 0.246
