105.000 0.071
110.000 0.679
115.000 0.934
120.000 1.327
125.000 1.387
130.000 1.680
135.000 1.862
140.000 1.902
145.000 2.043
150.000 1.979
155.000 2.042
160.000 1.984
165.000 1.989
170.000 2.158
175.000 2.186
180.000 2.478
185.000 2.852
190.000 3.064
195.000 3.705
200.000 4.235
205.000 5.929
210.000 8.824
215.000 10.741
220.000 14.901
225.000 17.018
230.000 21.389
235.000 25.957
240.000 27.716
245.000 29.032
250.000 28.230
255.000 23.844
260.000 19.882
265.000 18.178
270.000 15.438
275.000 14.353
280.000 12.739
285.000 11.477
290.000 11.066
295.000 10.222
300.000 9.947
305.000 9.513
310.000 9.212
315.000 9.133
320.000 9.142
325.000 9.092
330.000 9.228
335.000 9.555
340.000 9.705
345.000 10.203
350.000 10.539
355.000 11.280
360.000 12.337
365.000 13.002
370.000 14.667
375.000 15.706
380.000 18.072
385.000 20.851
390.000 22.229
395.000 25.334
400.000 27.043
405.000 30.779
410.000 35.206
415.000 37.555
420.000 42.510
425.000 45.287
430.000 50.793
435.000 56.537
440.000 59.367
445.000 63.468
450.000 64.003
455.000 63.873
460.000 63.411
465.000 62.825
470.000 58.350
475.000 52.975
480.000 42.055
485.000 34.131
490.000 31.011
495.000 25.498
500.000 22.803
505.000 18.497
510.000 16.702
515.000 13.605
520.000 11.221
525.000 10.248
530.000 8.663
535.000 7.998
540.000 6.892
545.000 6.008
550.000 5.665
555.000 5.062
560.000 4.817
565.000 4.385
570.000 4.065
575.000 3.925
580.000 3.696
585.000 3.593
590.000 3.441
595.000 3.326
600.000 3.287
605.000 3.233
610.000 3.237
615.000 3.268
620.000 3.343
625.000 3.398
630.000 3.579
635.000 3.696
640.000 4.035
645.000 4.615
650.000 5.009
655.000 6.148
660.000 6.814
665.000 8.729
670.000 11.730
675.000 13.654
680.000 17.338
685.000 18.202
690.000 16.084
695.000 10.780
700.000 8.729
705.000 6.063
710.000 5.183
715.000 3.921
720.000 3.089
725.000 2.774
730.000 2.306
735.000 2.112
740.000 1.819
745.000 1.576
750.000 1.490
755.000 1.336
760.000 1.273
765.000 1.163
770.000 1.092
775.000 1.057
780.000 1.008
785.000 0.995
790.000 0.969
795.000 0.958
800.000 0.940
805.000 0.924
810.000 0.920
815.000 0.924
820.000 0.926
825.000 0.935
830.000 0.960
835.000 0.980
840.000 1.038
845.000 1.070
850.000 1.171
855.000 1.328
860.000 1.429
865.000 1.703
870.000 1.895
875.000 2.454
880.000 3.319
885.000 3.783
890.000 4.045
895.000 3.639
900.000 2.576
905.000 1.836
910.000 1.573
915.000 1.216
920.000 1.078
925.000 0.889
930.000 0.747
935.000 0.693
940.000 0.609
945.000 0.574
950.000 0.520
955.000 0.474
960.000 0.451
965.000 0.417
970.000 0.409
975.000 0.383
980.000 0.372
985.000 0.364
990.000 0.347
995.000 0.348
1000.000 0.340
1005.000 0.328
1010.000 0.328
1015.000 0.330
1020.000 0.333
1025.000 0.336
1030.000 0.340
1035.000 0.353
1040.000 0.367
1045.000 0.375
1050.000 0.396
1055.000 0.428
1060.000 0.447
1065.000 0.498
1070.000 0.532
1075.000 0.619
1080.000 0.749
1085.000 0.836
1090.000 1.065
1095.000 1.200
1100.000 1.277
1105.000 1.054
1110.000 0.903
1115.000 0.664
1120.000 0.584
1125.000 0.460
1130.000 0.380
1135.000 0.354
1140.000 0.307
1145.000 0.292
1150.000 0.269
1155.000 0.250
1160.000 0.241
1165.000 0.230
1170.000 0.226
1175.000 0.219
1180.000 0.216
1185.000 0.216
1190.000 0.217
1195.000 0.218
1200.000 0.223
1205.000 0.229
1210.000 0.235
1215.000 0.247
1220.000 0.255
1225.000 0.276
1230.000 0.301
1235.000 0.317
1240.000 0.354
1245.000 0.377
1250.000 0.442
1255.000 0.531
1260.000 0.592
1265.000 0.772
1270.000 0.892
1275.000 1.201
1280.000 1.664
1285.000 1.965
1290.000 2.580
1295.000 2.813
1300.000 2.825
1305.000 2.236
1310.000 1.935
1315.000 1.491
1320.000 1.323
1325.000 1.079
1330.000 0.914
1335.000 0.853
1340.000 0.759
1345.000 0.725
1350.000 0.676
1355.000 0.647
1360.000 0.638
1365.000 0.627
1370.000 0.627
1375.000 0.629
1380.000 0.640
1385.000 0.645
1390.000 0.669
1395.000 0.683
1400.000 0.725
1405.000 0.750
1410.000 0.811
1415.000 0.896
1420.000 0.952
1425.000 1.111
1430.000 1.216
1435.000 1.521
1440.000 2.005
1445.000 2.293
1450.000 2.861
1455.000 3.016
1460.000 2.753
1465.000 2.045
1470.000 1.724
1475.000 1.268
1480.000 1.106
1485.000 0.872
1490.000 0.712
1495.000 0.653
1500.000 0.563
1505.000 0.531
1510.000 0.483
1515.000 0.445
1520.000 0.428
1525.000 0.403
1530.000 0.396
1535.000 0.379
1540.000 0.360
1545.000 0.362
1550.000 0.358
1555.000 0.356
1560.000 0.353
1565.000 0.359
1570.000 0.364
1575.000 0.379
1580.000 0.387
1585.000 0.415
1590.000 0.444
1595.000 0.468
1600.000 0.528
1605.000 0.562
1610.000 0.698
1615.000 0.929
1620.000 1.098
1625.000 1.522
1630.000 1.757
1635.000 2.131
1640.000 2.138
1645.000 1.978
1650.000 1.553
1655.000 1.374
1660.000 1.121
1665.000 0.968
1670.000 0.932
1675.000 0.899
1680.000 0.905
1685.000 0.965
1690.000 1.127
1695.000 1.231
1700.000 1.368
1705.000 1.314
1710.000 1.014
1715.000 0.700
1720.000 0.590
1725.000 0.445
1730.000 0.396
1735.000 0.316
1740.000 0.265
1745.000 0.247
1750.000 0.209
1755.000 0.199
1760.000 0.182
1765.000 0.169
1770.000 0.163
1775.000 0.157
1780.000 0.153
1785.000 0.149
1790.000 0.146
1795.000 0.148
1800.000 0.146
1805.000 0.146
1810.000 0.146
1815.000 0.150
1820.000 0.151
1825.000 0.152
1830.000 0.152
1835.000 0.155
1840.000 0.154
1845.000 0.155
1850.000 0.156
1855.000 0.154
1860.000 0.157
1865.000 0.158
1870.000 0.162
1875.000 0.158
1880.000 0.160
1885.000 0.161
1890.000 0.160
1895.000 0.162
1900.000 0.160
1905.000 0.159
1910.000 0.162
1915.000 0.160
1920.000 0.160
1925.000 0.165
1930.000 0.165
1935.000 0.164
1940.000 0.169
1945.000 0.168
1950.000 0.171
1955.000 0.172
1960.000 0.168
1965.000 0.170
1970.000 0.166
1975.000 0.174
1980.000 0.181
1985.000 0.173
1990.000 0.168
1995.000 0.171
2000.000 0.175
2005.000 0.172
2010.000 0.181
2015.000 0.179
2020.000 0.172
2025.000 0.174
2030.000 0.186
2035.000 0.180
2040.000 0.184
2045.000 0.183
2050.000 0.175
2055.000 0.179
2060.000 0.180
2065.000 0.178
2070.000 0.183
2075.000 0.181
2080.000 0.181
2085.000 0.178
2090.000 0.180
2095.000 0.182
2100.000 0.179
2105.000 0.180
2110.000 0.179
2115.000 0.180
2120.000 0.179
2125.000 0.180
2130.000 0.183
2135.000 0.181
2140.000 0.182
2145.000 0.183
2150.000 0.178
2155.000 0.179
2160.000 0.181
2165.000 0.180
2170.000 0.183
2175.000 0.182
2180.000 0.181
2185.000 0.180
2190.000 0.182
2195.000 0.183
2200.000 0.183
2205.000 0.182
2210.000 0.181
2215.000 0.184
2220.000 0.181
2225.000 0.181
2230.000 0.181
2235.000 0.184
2240.000 0.183
2245.000 0.183
2250.000 0.182
2255.000 0.182
2260.000 0.184
2265.000 0.179
2270.000 0.183
2275.000 0.184
2280.000 0.182
2285.000 0.182
2290.000 0.183
2295.000 0.181
2300.000 0.182
2305.000 0.181
2310.000 0.184
2315.000 0.182
2320.000 0.187
2325.000 0.189
2330.000 0.186
2335.000 0.188
2340.000 0.189
2345.000 0.189
2350.000 0.189
2355.000 0.187
2360.000 0.190
2365.000 0.189
2370.000 0.190
2375.000 0.185
2380.000 0.190
2385.000 0.190
2390.000 0.188
2395.000 0.193
2400.000 0.193
2405.000 0.193
2410.000 0.195
2415.000 0.191
2420.000 0.193
2425.000 0.195
2430.000 0.194
2435.000 0.194
2440.000 0.194
2445.000 0.198
2450.000 0.197
2455.000 0.198
2460.000 0.197
2465.000 0.197
2470.000 0.198
2475.000 0.199
2480.000 0.198
2485.000 0.200
2490.000 0.201
2495.000 0.203
2500.000 0.199
2505.000 0.200
2510.000 0.201
2515.000 0.199
2520.000 0.206
2525.000 0.205
2530.000 0.203
2535.000 0.200
2540.000 0.203
2545.000 0.200
2550.000 0.204
2555.000 0.201
2560.000 0.200
2565.000 0.202
2570.000 0.201
2575.000 0.201
2580.000 0.203
2585.000 0.201
2590.000 0.207
2595.000 0.203
2600.000 0.202
2605.000 0.205
2610.000 0.206
2615.000 0.207
2620.000 0.204
2625.000 0.203
2630.000 0.203
2635.000 0.202
2640.000 0.203
2645.000 0.203
2650.000 0.208
2655.000 0.204
2660.000 0.207
2665.000 0.207
2670.000 0.205
2675.000 0.208
2680.000 0.206
2685.000 0.205
2690.000 0.210
2695.000 0.211
2700.000 0.209
2705.000 0.208
2710.000 0.205
2715.000 0.205
2720.000 0.205
2725.000 0.205
2730.000 0.206
2735.000 0.206
2740.000 0.203
2745.000 0.205
2750.000 0.208
2755.000 0.208
2760.000 0.206
2765.000 0.209
2770.000 0.206
2775.000 0.203
2780.000 0.207
2785.000 0.207
2790.000 0.205
2795.000 0.205
2800.000 0.205
2805.000 0.206
2810.000 0.207
2815.000 0.204
2820.000 0.207
2825.000 0.206
2830.000 0.205
2835.000 0.209
2840.000 0.207
2845.000 0.206
2850.000 0.206
2855.000 0.204
2860.000 0.205
2865.000 0.205
2870.000 0.207
2875.000 0.206
2880.000 0.206
2885.000 0.203
2890.000 0.203
2895.000 0.205
2900.000 0.201
2905.000 0.207
2910.000 0.205
2915.000 0.207
2920.000 0.207
2925.000 0.206
2930.000 0.207
2935.000 0.205
2940.000 0.207
2945.000 0.213
2950.000 0.212
2955.000 0.203
2960.000 0.211
2965.000 0.205
2970.000 0.213
2975.000 0.208
2980.000 0.205
2985.000 0.217
2990.000 0.209
2995.000 0.216
3000.000 0.216
3005.000 0.208
3010.000 0.211
3015.000 0.211
3020.000 0.204
3025.000 0.215
3030.000 0.217
3035.000 0.205
3040.000 0.202
3045.000 0.203
3050.000 0.206
3055.000 0.211
3060.000 0.209
3065.000 0.212
3070.000 0.207
3075.000 0.203
3080.000 0.204
3085.000 0.207
3090.000 0.206
3095.000 0.206
3100.000 0.204
3105.000 0.207
3110.000 0.207
3115.000 0.206
3120.000 0.206
3125.000 0.204
3130.000 0.205
3135.000 0.206
3140.000 0.206
3145.000 0.206
3150.000 0.209
3155.000 0.213
3160.000 0.218
3165.000 0.214
3170.000 0.214
3175.000 0.210
3180.000 0.210
3185.000 0.209
3190.000 0.210
3195.000 0.212
3200.000 0.211
3205.000 0.206
3210.000 0.205
3215.000 0.206
3220.000 0.211
3225.000 0.210
3230.000 0.209
3235.000 0.208
3240.000 0.207
3245.000 0.208
3250.000 0.207
3255.000 0.208
3260.000 0.208
3265.000 0.209
3270.000 0.208
3275.000 0.211
3280.000 0.210
3285.000 0.209
3290.000 0.212
3295.000 0.206
3300.000 0.207
3305.000 0.206
3310.000 0.206
3315.000 0.209
3320.000 0.207
3325.000 0.208
3330.000 0.202
3335.000 0.206
3340.000 0.206
3345.000 0.205
3350.000 0.205
3355.000 0.207
3360.000 0.207
3365.000 0.205
3370.000 0.204
3375.000 0.199
3380.000 0.201
3385.000 0.195
3390.000 0.195
3395.000 0.196
3400.000 0.199
3405.000 0.214
3410.000 0.222
3415.000 0.267
3420.000 0.424
3425.000 0.589
3430.000 1.208
3435.000 1.690
3440.000 2.896
3445.000 4.298
3450.000 4.943
3455.000 5.795
3460.000 5.994
3465.000 6.011
3470.000 5.354
3475.000 4.832
3480.000 3.798
3485.000 3.373
3490.000 2.611
3495.000 2.025
3500.000 1.789
3505.000 1.435
3510.000 1.290
3515.000 1.084
3520.000 0.932
3525.000 0.877
3530.000 0.792
3535.000 0.772
3540.000 0.742
3545.000 0.736
3550.000 0.741
3555.000 0.769
3560.000 0.786
3565.000 0.845
3570.000 0.934
3575.000 1.003
3580.000 1.190
3585.000 1.331
3590.000 1.723
3595.000 2.330
3600.000 2.728
3605.000 3.596
3610.000 3.959
3615.000 4.308
3620.000 3.884
3625.000 3.480
3630.000 2.774
3635.000 2.491
3640.000 2.083
3645.000 1.831
3650.000 1.752
3655.000 1.654
3660.000 1.640
3665.000 1.698
3670.000 1.852
3675.000 1.973
3680.000 2.300
3685.000 2.494
3690.000 2.900
3695.000 2.999
3700.000 2.884
3705.000 2.437
3710.000 2.182
3715.000 1.746
3720.000 1.447
3725.000 1.331
3730.000 1.142
3735.000 1.074
3740.000 0.961
3745.000 0.873
3750.000 0.838
3755.000 0.778
3760.000 0.749
3765.000 0.710
3770.000 0.695
3775.000 0.677
3780.000 0.664
3785.000 0.655
3790.000 0.653
3795.000 0.658
3800.000 0.662
3805.000 0.681
3810.000 0.699
3815.000 0.733
3820.000 0.752
3825.000 0.817
3830.000 0.916
3835.000 0.976
3840.000 1.145
3845.000 1.242
3850.000 1.434
3855.000 1.483
3860.000 1.427
3865.000 1.204
3870.000 1.071
3875.000 0.848
3880.000 0.696
3885.000 0.644
3890.000 0.570
3895.000 0.541
3900.000 0.499
3905.000 0.475
3910.000 0.471
3915.000 0.470
3920.000 0.465
3925.000 0.471
3930.000 0.481
3935.000 0.492
3940.000 0.511
3945.000 0.529
3950.000 0.590
3955.000 0.652
3960.000 0.683
3965.000 0.829
3970.000 0.923
3975.000 1.133
3980.000 1.463
3985.000 1.654
3990.000 2.000
3995.000 2.108
4000.000 2.025
4005.000 1.625
4010.000 1.434
4015.000 1.122
4020.000 0.993
4025.000 0.834
4030.000 0.720
4035.000 0.695
4040.000 0.623
4045.000 0.606
4050.000 0.588
4055.000 0.559
4060.000 0.563
4065.000 0.542
4070.000 0.550
4075.000 0.558
4080.000 0.555
4085.000 0.568
4090.000 0.549
4095.000 0.534
4100.000 0.451
4105.000 0.395
4110.000 0.281
4115.000 0.186
4120.000 0.161
4125.000 0.139
4130.000 0.138
4135.000 0.145
4140.000 0.148
4145.000 0.151
4150.000 0.159
4155.000 0.164
4160.000 0.169
4165.000 0.180
4170.000 0.183
4175.000 0.188
4180.000 0.192
4185.000 0.197
4190.000 0.207
4195.000 0.214
4200.000 0.221
4205.000 0.229
4210.000 0.250
4215.000 0.280
4220.000 0.296
4225.000 0.355
4230.000 0.394
4235.000 0.519
4240.000 0.674
4245.000 0.720
4250.000 0.705
4255.000 0.650
4260.000 0.522
4265.000 0.419
4270.000 0.365
4275.000 0.268
4280.000 0.221
4285.000 0.156
4290.000 0.147
4295.000 0.159
4300.000 0.179
4305.000 0.191
4310.000 0.194
4315.000 0.200
4320.000 0.202
4325.000 0.203
4330.000 0.208
4335.000 0.207
4340.000 0.214
4345.000 0.215
4350.000 0.217
4355.000 0.225
4360.000 0.238
4365.000 0.236
4370.000 0.236
4375.000 0.228
4380.000 0.228
4385.000 0.227
4390.000 0.225
4395.000 0.220
4400.000 0.223
4405.000 0.223
4410.000 0.221
4415.000 0.220
4420.000 0.218
4425.000 0.220
4430.000 0.219
4435.000 0.218
4440.000 0.217
4445.000 0.217
4450.000 0.217
4455.000 0.221
4460.000 0.216
4465.000 0.223
4470.000 0.219
4475.000 0.219
4480.000 0.220
4485.000 0.220
4490.000 0.219
4495.000 0.221
4500.000 0.220
4505.000 0.224
4510.000 0.221
4515.000 0.222
4520.000 0.222
4525.000 0.223
4530.000 0.224
4535.000 0.222
4540.000 0.224
4545.000 0.219
4550.000 0.222
4555.000 0.221
4560.000 0.222
4565.000 0.224
4570.000 0.223
4575.000 0.224
4580.000 0.225
4585.000 0.227
4590.000 0.221
4595.000 0.224
4600.000 0.227
4605.000 0.227
4610.000 0.225
4615.000 0.224
4620.000 0.224
4625.000 0.224
4630.000 0.224
4635.000 0.222
4640.000 0.226
4645.000 0.226
4650.000 0.226
4655.000 0.226
4660.000 0.224
4665.000 0.227
4670.000 0.223
4675.000 0.224
4680.000 0.225
4685.000 0.229
4690.000 0.230
4695.000 0.228
4700.000 0.227
4705.000 0.227
4710.000 0.224
4715.000 0.224
4720.000 0.225
4725.000 0.227
4730.000 0.225
4735.000 0.227
4740.000 0.231
4745.000 0.228
4750.000 0.230
4755.000 0.230
4760.000 0.231
4765.000 0.229
4770.000 0.231
4775.000 0.236
4780.000 0.231
4785.000 0.230
4790.000 0.230
4795.000 0.229
4800.000 0.229
4805.000 0.232
4810.000 0.232
4815.000 0.231
4820.000 0.232
4825.000 0.233
4830.000 0.231
4835.000 0.231
4840.000 0.239
4845.000 0.239
4850.000 0.235
4855.000 0.238
4860.000 0.240
4865.000 0.240
4870.000 0.241
4875.000 0.237
4880.000 0.236
4885.000 0.240
4890.000 0.239
4895.000 0.237
4900.000 0.239
4905.000 0.236
4910.000 0.238
4915.000 0.237
4920.000 0.239
4925.000 0.239
4930.000 0.239
4935.000 0.232
4940.000 0.236
4945.000 0.240
4950.000 0.237
4955.000 0.243
4960.000 0.236
4965.000 0.241
4970.000 0.235
4975.000 0.242
4980.000 0.249
4985.000 0.235
4990.000 0.234
4995.000 0.236
5000.000 0.245
5005.000 0.234
5010.000 0.236
5015.000 0.233
5020.000 0.245
5025.000 0.237
5030.000 0.252
5035.000 0.239
5040.000 0.241
5045.000 0.240
5050.000 0.244
5055.000 0.249
5060.000 0.250
5065.000 0.241
5070.000 0.243
5075.000 0.246
5080.000 0.240
5085.000 0.243
5090.000 0.243
5095.000 0.247
5100.000 0.244
5105.000 0.244
5110.000 0.243
5115.000 0.241
5120.000 0.244
5125.000 0.243
5130.000 0.241
5135.000 0.241
5140.000 0.247
5145.000 0.249
5150.000 0.248
5155.000 0.247
5160.000 0.248
5165.000 0.247
5170.000 0.240
5175.000 0.243
5180.000 0.243
5185.000 0.244
5190.000 0.246
5195.000 0.248
5200.000 0.247
5205.000 0.245
5210.000 0.247
5215.000 0.246
5220.000 0.247
5225.000 0.248
5230.000 0.253
5235.000 0.260
5240.000 0.274
5245.000 0.266
5250.000 0.263
5255.000 0.257
5260.000 0.258
5265.000 0.254
5270.000 0.255
5275.000 0.255
5280.000 0.257
5285.000 0.249
5290.000 0.249
5295.000 0.243
5300.000 0.245
5305.000 0.246
5310.000 0.251
5315.000 0.253
5320.000 0.251
5325.000 0.251
5330.000 0.264
5335.000 0.262
5340.000 0.263
5345.000 0.254
5350.000 0.252
5355.000 0.257
5360.000 0.277
5365.000 0.278
5370.000 0.267
5375.000 0.262
5380.000 0.260
5385.000 0.253
5390.000 0.258
5395.000 0.252
5400.000 0.252
5405.000 0.247
5410.000 0.245
5415.000 0.244
5420.000 0.245
5425.000 0.246
5430.000 0.245
5435.000 0.245
5440.000 0.247
5445.000 0.247
5450.000 0.242
5455.000 0.261
5460.000 0.259
5465.000 0.261
5470.000 0.258
5475.000 0.255
5480.000 0.404
5485.000 0.385
5490.000 0.385
5495.000 0.382
5500.000 0.365
5505.000 0.394
5510.000 0.389
5515.000 0.380
5520.000 0.335
5525.000 0.317
5530.000 0.291
5535.000 0.269
5540.000 0.263
5545.000 0.253
5550.000 0.248
5555.000 0.244
5560.000 0.241
5565.000 0.239
5570.000 0.241
5575.000 0.428
5580.000 0.399
5585.000 0.395
5590.000 0.398
5595.000 0.381
5600.000 0.385
5605.000 0.377
5610.000 0.352
5615.000 0.334
5620.000 0.305
5625.000 0.288
5630.000 0.266
5635.000 0.257
5640.000 0.250
5645.000 0.246
5650.000 0.243
5655.000 0.246
5660.000 0.327
5665.000 0.362
5670.000 0.363
5675.000 0.358
5680.000 0.318
5685.000 0.290
5690.000 0.278
5695.000 0.263
5700.000 0.256
5705.000 0.401
5710.000 0.385
5715.000 0.387
5720.000 0.369
5725.000 0.349
5730.000 0.310
5735.000 0.280
5740.000 0.366
5745.000 0.392
5750.000 0.407
5755.000 0.388
5760.000 0.364
5765.000 0.341
5770.000 0.306
5775.000 0.292
5780.000 0.271
5785.000 0.255
5790.000 0.252
5795.000 0.244
5800.000 0.280
5805.000 0.272
5810.000 0.262
5815.000 0.262
5820.000 0.253
5825.000 0.248
5830.000 0.250
5835.000 0.247
5840.000 0.244
5845.000 0.239
5850.000 0.241
5855.000 0.241
5860.000 0.239
5865.000 0.238
5870.000 0.238
5875.000 0.236
5880.000 0.236
5885.000 0.242
5890.000 0.238
5895.000 0.238
5900.000 0.239
5905.000 0.240
5910.000 0.234
5915.000 0.232
5920.000 0.236
5925.000 0.235
5930.000 0.239
5935.000 0.240
5940.000 0.238
5945.000 0.243
5950.000 0.242
5955.000 0.234
5960.000 0.240
5965.000 0.241
5970.000 0.242
5975.000 0.261
5980.000 0.257
5985.000 0.260
5990.000 0.326
5995.000 0.370
6000.000 0.403
6005.000 0.361
6010.000 0.336
6015.000 0.300
6020.000 0.293
6025.000 0.266
6030.000 0.253
6035.000 0.263
6040.000 0.257
6045.000 0.255
6050.000 0.251
6055.000 0.243
6060.000 0.246
6065.000 0.241
6070.000 0.244
6075.000 0.248
6080.000 0.242
6085.000 0.239
6090.000 0.242
6095.000 0.238
6100.000 0.242
6105.000 0.238
6110.000 0.239
6115.000 0.239
6120.000 0.241
6125.000 0.239
6130.000 0.240
6135.000 0.241
6140.000 0.240
6145.000 0.238
6150.000 0.239
6155.000 0.240
6160.000 0.237
6165.000 0.240
6170.000 0.240
6175.000 0.244
6180.000 0.244
6185.000 0.242
6190.000 0.239
6195.000 0.240
6200.000 0.242
6205.000 0.242
6210.000 0.242
6215.000 0.246
6220.000 0.242
6225.000 0.245
6230.000 0.242
6235.000 0.243
6240.000 0.243
6245.000 0.244
6250.000 0.244
6255.000 0.244
6260.000 0.241
6265.000 0.243
6270.000 0.243
6275.000 0.241
6280.000 0.240
6285.000 0.241
6290.000 0.245
6295.000 0.244
6300.000 0.244
6305.000 0.244
6310.000 0.251
6315.000 0.244
6320.000 0.247
6325.000 0.244
6330.000 0.245
6335.000 0.249
6340.000 0.245
6345.000 0.243
6350.000 0.242
6355.000 0.247
6360.000 0.246
6365.000 0.246
6370.000 0.243
6375.000 0.246
6380.000 0.245
6385.000 0.247
6390.000 0.245
6395.000 0.245
6400.000 0.243
6405.000 0.247
6410.000 0.246
6415.000 0.247
6420.000 0.246
6425.000 0.248
6430.000 0.247
6435.000 0.247
6440.000 0.246
6445.000 0.248
6450.000 0.250
6455.000 0.245
6460.000 0.249
6465.000 0.248
6470.000 0.248
6475.000 0.245
6480.000 0.247
6485.000 0.247
6490.000 0.247
6495.000 0.246
6500.000 0.247
6505.000 0.247
6510.000 0.248
6515.000 0.246
6520.000 0.250
6525.000 0.253
6530.000 0.251
6535.000 0.249
6540.000 0.251
6545.000 0.249
6550.000 0.249
6555.000 0.365
6560.000 0.381
6565.000 0.373
6570.000 0.351
6575.000 0.317
6580.000 0.293
6585.000 0.282
6590.000 0.265
6595.000 0.261
6600.000 0.254
6605.000 0.252
6610.000 0.249
6615.000 0.249
6620.000 0.248
6625.000 0.247
6630.000 0.248
6635.000 0.251
6640.000 0.248
6645.000 0.249
6650.000 0.247
6655.000 0.245
6660.000 0.245
6665.000 0.246
6670.000 0.249
6675.000 0.247
6680.000 0.244
6685.000 0.246
6690.000 0.241
6695.000 0.246
6700.000 0.242
6705.000 0.240
6710.000 0.241
6715.000 0.239
6720.000 0.241
6725.000 0.243
6730.000 0.238
6735.000 0.237
6740.000 0.227
6745.000 0.229
6750.000 0.223
6755.000 0.217
6760.000 0.212
6765.000 0.197
6770.000 0.186
6775.000 0.158
6780.000 0.125
6785.000 0.101
6790.000 0.085
6795.000 0.147
6800.000 0.658
6805.000 1.546
6810.000 2.201
6815.000 3.857
6820.000 4.706
6825.000 5.979
6830.000 6.623
6835.000 6.693
6840.000 6.347
6845.000 6.041
6850.000 5.505
6855.000 5.261
6860.000 5.274
6865.000 5.553
6870.000 5.813
6875.000 6.424
6880.000 7.039
6885.000 7.234
6890.000 7.192
6895.000 6.931
6900.000 6.209
6905.000 5.559
6910.000 5.332
6915.000 5.077
6920.000 5.061
6925.000 5.224
6930.000 5.662
6935.000 5.916
6940.000 6.517
6945.000 6.803
6950.000 7.097
6955.000 6.902
6960.000 6.500
6965.000 5.459
6970.000 4.980
6975.000 4.183
6980.000 3.622
6985.000 3.438
6990.000 3.149
6995.000 3.077
7000.000 2.998
7005.000 3.025
7010.000 3.114
7015.000 3.399
7020.000 3.602
7025.000 3.986
7030.000 4.234
7035.000 4.256
7040.000 3.793
7045.000 3.443
7050.000 2.794
7055.000 2.522
7060.000 2.120
7065.000 1.863
7070.000 1.777
7075.000 1.652
7080.000 1.619
7085.000 1.592
7090.000 1.650
7095.000 1.696
7100.000 1.838
7105.000 1.927
7110.000 2.158
7115.000 2.416
7120.000 2.524
7125.000 2.585
7130.000 2.512
7135.000 2.194
7140.000 1.848
7145.000 1.696
7150.000 1.451
7155.000 1.350
7160.000 1.196
7165.000 1.092
7170.000 1.058
7175.000 1.011
7180.000 1.004
7185.000 1.003
7190.000 1.039
7195.000 1.070
7200.000 1.164
7205.000 1.229
7210.000 1.370
7215.000 1.489
7220.000 1.507
7225.000 1.400
7230.000 1.314
7235.000 1.162
7240.000 1.070
7245.000 1.042
7250.000 1.002
7255.000 0.996
7260.000 1.001
7265.000 1.049
7270.000 1.072
7275.000 1.144
7280.000 1.173
7285.000 1.188
7290.000 1.128
7295.000 1.052
7300.000 0.869
7305.000 0.778
7310.000 0.621
7315.000 0.506
7320.000 0.460
7325.000 0.378
7330.000 0.345
7335.000 0.288
7340.000 0.262
7345.000 0.214
7350.000 0.164
7355.000 0.139
7360.000 0.092
7365.000 0.082
7370.000 0.134
7375.000 0.222
7380.000 0.266
7385.000 0.341
7390.000 0.367
7395.000 0.377
7400.000 0.343
7405.000 0.319
7410.000 0.276
7415.000 0.261
7420.000 0.242
7425.000 0.230
7430.000 0.226
7435.000 0.217
7440.000 0.215
7445.000 0.210
7450.000 0.211
7455.000 0.211
7460.000 0.210
7465.000 0.210
7470.000 0.208
7475.000 0.208
7480.000 0.206
7485.000 0.207
7490.000 0.206
7495.000 0.207
7500.000 0.207
7505.000 0.206
7510.000 0.206
7515.000 0.206
7520.000 0.209
7525.000 0.208
7530.000 0.208
7535.000 0.208
7540.000 0.207
7545.000 0.208
7550.000 0.209
7555.000 0.209
7560.000 0.209
7565.000 0.208
7570.000 0.208
7575.000 0.208
7580.000 0.209
7585.000 0.208
7590.000 0.210
7595.000 0.207
7600.000 0.210
7605.000 0.208
7610.000 0.210
7615.000 0.211
7620.000 0.210
7625.000 0.209
7630.000 0.207
7635.000 0.211
7640.000 0.210
7645.000 0.211
7650.000 0.210
7655.000 0.213
7660.000 0.211
7665.000 0.212
7670.000 0.210
7675.000 0.212
7680.000 0.211
7685.000 0.211
7690.000 0.212
7695.000 0.212
7700.000 0.211
7705.000 0.210
7710.000 0.210
7715.000 0.212
7720.000 0.213
7725.000 0.212
7730.000 0.211
7735.000 0.210
7740.000 0.210
7745.000 0.212
7750.000 0.213
7755.000 0.210
7760.000 0.212
7765.000 0.209
7770.000 0.211
7775.000 0.212
7780.000 0.211
7785.000 0.212
7790.000 0.213
7795.000 0.213
7800.000 0.216
7805.000 0.214
7810.000 0.213
7815.000 0.213
7820.000 0.213
7825.000 0.215
7830.000 0.215
7835.000 0.214
7840.000 0.214
7845.000 0.217
7850.000 0.216
7855.000 0.218
7860.000 0.219
7865.000 0.220
7870.000 0.218
7875.000 0.218
7880.000 0.218
7885.000 0.218
7890.000 0.219
7895.000 0.218
7900.000 0.217
7905.000 0.217
7910.000 0.215
7915.000 0.220
7920.000 0.218
7925.000 0.217
7930.000 0.219
7935.000 0.218
7940.000 0.221
7945.000 0.222
7950.000 0.221
7955.000 0.219
7960.000 0.219
7965.000 0.219
7970.000 0.223
7975.000 0.224
7980.000 0.221
7985.000 0.226
7990.000 0.218
7995.000 0.224
8000.000 0.224
8005.000 0.224
8010.000 0.230
8015.000 0.231
8020.000 0.219
8025.000 0.230
8030.000 0.230
8035.000 0.223
8040.000 0.229
8045.000 0.229
8050.000 0.226
8055.000 0.229
8060.000 0.232
8065.000 0.225
8070.000 0.231
8075.000 0.232
8080.000 0.231
8085.000 0.229
8090.000 0.233
8095.000 0.232
8100.000 0.233
8105.000 0.232
8110.000 0.230
8115.000 0.233
8120.000 0.234
8125.000 0.233
8130.000 0.235
8135.000 0.240
8140.000 0.238
8145.000 0.238
8150.000 0.238
8155.000 0.238
8160.000 0.238
8165.000 0.237
8170.000 0.240
8175.000 0.240
8180.000 0.238
8185.000 0.241
8190.000 0.240
8195.000 0.242
8200.000 0.240
8205.000 0.241
8210.000 0.241
8215.000 0.242
8220.000 0.242
8225.000 0.244
8230.000 0.244
8235.000 0.244
8240.000 0.245
8245.000 0.242
8250.000 0.240
8255.000 0.243
8260.000 0.241
8265.000 0.243
8270.000 0.244
8275.000 0.246
8280.000 0.242
8285.000 0.248
8290.000 0.243
8295.000 0.245
8300.000 0.246
8305.000 0.244
8310.000 0.244
8315.000 0.244
8320.000 0.243
8325.000 0.242
8330.000 0.244
8335.000 0.240
8340.000 0.241
8345.000 0.242
8350.000 0.245
8355.000 0.245
8360.000 0.248
8365.000 0.247
8370.000 0.245
8375.000 0.245
8380.000 0.244
8385.000 0.245
8390.000 0.246
8395.000 0.248
8400.000 0.247
8405.000 0.246
8410.000 0.245
8415.000 0.247
8420.000 0.247
8425.000 0.247
8430.000 0.248
8435.000 0.248
8440.000 0.247
8445.000 0.246
8450.000 0.249
8455.000 0.245
8460.000 0.245
8465.000 0.246
8470.000 0.244
8475.000 0.249
8480.000 0.247
8485.000 0.247
8490.000 0.244
8495.000 0.243
8500.000 0.245
8505.000 0.247
8510.000 0.251
8515.000 0.249
8520.000 0.250
8525.000 0.248
8530.000 0.249
8535.000 0.252
8540.000 0.250
8545.000 0.252
8550.000 0.253
8555.000 0.251
8560.000 0.250
8565.000 0.250
8570.000 0.246
8575.000 0.248
8580.000 0.250
8585.000 0.247
8590.000 0.251
8595.000 0.254
8600.000 0.252
8605.000 0.250
8610.000 0.250
8615.000 0.249
8620.000 0.249
8625.000 0.249
8630.000 0.246
8635.000 0.248
8640.000 0.249
8645.000 0.253
8650.000 0.254
8655.000 0.253
8660.000 0.253
8665.000 0.251
8670.000 0.253
8675.000 0.252
8680.000 0.251
8685.000 0.253
8690.000 0.250
8695.000 0.253
8700.000 0.251
8705.000 0.251
8710.000 0.253
8715.000 0.254
8720.000 0.251
8725.000 0.249
8730.000 0.252
8735.000 0.253
8740.000 0.254
8745.000 0.251
8750.000 0.252
8755.000 0.252
8760.000 0.252
8765.000 0.251
8770.000 0.252
8775.000 0.252
8780.000 0.255
8785.000 0.255
8790.000 0.253
8795.000 0.251
8800.000 0.255
8805.000 0.258
8810.000 0.257
8815.000 0.254
8820.000 0.249
8825.000 0.250
8830.000 0.244
8835.000 0.262
8840.000 0.263
8845.000 0.263
8850.000 0.255
8855.000 0.259
8860.000 0.255
8865.000 0.256
8870.000 0.253
8875.000 0.256
8880.000 0.255
8885.000 0.252
8890.000 0.254
8895.000 0.253
8900.000 0.253
8905.000 0.256
8910.000 0.256
8915.000 0.256
8920.000 0.255
8925.000 0.259
8930.000 0.259
8935.000 0.257
8940.000 0.260
8945.000 0.258
8950.000 0.260
8955.000 0.256
8960.000 0.256
8965.000 0.254
8970.000 0.267
8975.000 0.260
8980.000 0.258
8985.000 0.260
8990.000 0.257
8995.000 0.259
9000.000 0.262
9005.000 0.257
9010.000 0.256
9015.000 0.255
9020.000 0.266
9025.000 0.259
9030.000 0.260
9035.000 0.267
9040.000 0.263
9045.000 0.261
9050.000 0.263
9055.000 0.255
9060.000 0.259
9065.000 0.257
9070.000 0.260
9075.000 0.261
9080.000 0.262
9085.000 0.261
9090.000 0.262
9095.000 0.258
9100.000 0.260
9105.000 0.259
9110.000 0.261
9115.000 0.260
9120.000 0.261
9125.000 0.259
9130.000 0.258
9135.000 0.258
9140.000 0.261
9145.000 0.258
9150.000 0.258
9155.000 0.258
9160.000 0.258
9165.000 0.258
9170.000 0.257
9175.000 0.260
9180.000 0.257
9185.000 0.260
9190.000 0.263
9195.000 0.261
9200.000 0.258
9205.000 0.256
9210.000 0.258
9215.000 0.259
9220.000 0.260
9225.000 0.260
9230.000 0.259
9235.000 0.257
9240.000 0.261
9245.000 0.260
9250.000 0.260
9255.000 0.260
9260.000 0.260
9265.000 0.258
9270.000 0.259
9275.000 0.258
9280.000 0.259
9285.000 0.257
9290.000 0.262
9295.000 0.260
9300.000 0.259
9305.000 0.257
9310.000 0.259
9315.000 0.261
9320.000 0.261
9325.000 0.261
9330.000 0.262
9335.000 0.263
9340.000 0.260
9345.000 0.260
9350.000 0.257
9355.000 0.259
9360.000 0.260
9365.000 0.261
9370.000 0.259
9375.000 0.259
9380.000 0.259
9385.000 0.264
9390.000 0.260
9395.000 0.259
9400.000 0.262
9405.000 0.261
9410.000 0.259
9415.000 0.258
9420.000 0.260
9425.000 0.260
9430.000 0.262
9435.000 0.260
9440.000 0.263
9445.000 0.261
9450.000 0.259
9455.000 0.260
9460.000 0.259
9465.000 0.260
9470.000 0.261
9475.000 0.259
9480.000 0.258
9485.000 0.258
9490.000 0.263
9495.000 0.260
9500.000 0.260
9505.000 0.261
9510.000 0.262
9515.000 0.262
9520.000 0.258
9525.000 0.261
9530.000 0.264
9535.000 0.262
9540.000 0.259
9545.000 0.264
9550.000 0.262
9555.000 0.261
9560.000 0.259
9565.000 0.262
9570.000 0.259
9575.000 0.264
9580.000 0.260
9585.000 0.262
9590.000 0.261
9595.000 0.261
9600.000 0.264
9605.000 0.262
9610.000 0.262
9615.000 0.264
9620.000 0.263
9625.000 0.263
9630.000 0.259
9635.000 0.260
9640.000 0.261
9645.000 0.260
9650.000 0.262
9655.000 0.260
9660.000 0.261
9665.000 0.260
9670.000 0.260
9675.000 0.260
9680.000 0.260
9685.000 0.261
9690.000 0.261
9695.000 0.259
9700.000 0.261
9705.000 0.259
9710.000 0.262
9715.000 0.259
9720.000 0.260
9725.000 0.258
9730.000 0.261
9735.000 0.264
9740.000 0.265
9745.000 0.263
9750.000 0.262
9755.000 0.262
9760.000 0.262
9765.000 0.259
9770.000 0.260
9775.000 0.260
9780.000 0.261
9785.000 0.261
9790.000 0.264
9795.000 0.265
9800.000 0.262
9805.000 0.261
9810.000 0.262
9815.000 0.264
9820.000 0.264
9825.000 0.262
9830.000 0.263
9835.000 0.260
9840.000 0.264
9845.000 0.263
9850.000 0.260
9855.000 0.261
9860.000 0.261
9865.000 0.263
9870.000 0.263
9875.000 0.261
9880.000 0.261
9885.000 0.262
9890.000 0.263
9895.000 0.260
9900.000 0.263
9905.000 0.263
9910.000 0.261
9915.000 0.262
9920.000 0.263
9925.000 0.258
9930.000 0.262
9935.000 0.261
9940.000 0.259
9945.000 0.261
9950.000 0.261
9955.000 0.261
9960.000 0.264
9965.000 0.261
9970.000 0.265
9975.000 0.260
9980.000 0.261
9985.000 0.262
9990.000 0.254
9995.000 0.264
10000.000 0.267
10005.000 0.264
10010.000 0.260
10015.000 0.264
10020.000 0.274
10025.000 0.268
10030.000 0.264
10035.000 0.269
10040.000 0.266
10045.000 0.265
10050.000 0.266
10055.000 0.269
10060.000 0.267
10065.000 0.264
10070.000 0.265
10075.000 0.263
10080.000 0.265
10085.000 0.263
10090.000 0.262
10095.000 0.265
10100.000 0.263
10105.000 0.260
10110.000 0.262
10115.000 0.263
10120.000 0.261
10125.000 0.260
10130.000 0.261
10135.000 0.259
10140.000 0.263
10145.000 0.262
10150.000 0.265
10155.000 0.262
10160.000 0.257
10165.000 0.253
10170.000 0.248
10175.000 0.227
10180.000 0.211
10185.000 0.173
10190.000 0.163
10200.000 0.294
10210.000 0.631
10215.000 0.660
10220.000 0.661
10225.000 0.654
10230.000 0.649
10235.000 0.636
10240.000 0.634
10245.000 0.630
10250.000 0.632
10255.000 0.638
10260.000 0.642
10265.000 0.635
10270.000 0.629
10275.000 0.594
10280.000 0.565
10285.000 0.458
10290.000 0.324
10295.000 0.275
10300.000 0.258
10305.000 0.288
10310.000 0.407
10315.000 0.528
10320.000 0.557
10325.000 0.577
10330.000 0.569
10335.000 0.537
10340.000 0.498
10345.000 0.477
10350.000 0.444
10355.000 0.432
10360.000 0.413
10365.000 0.403
10370.000 0.400
10375.000 0.407
10380.000 0.410
10385.000 0.413
10390.000 0.420
10395.000 0.418
10400.000 0.433
10405.000 0.433
10410.000 0.431
10415.000 0.409
10420.000 0.388
10425.000 0.327
10430.000 0.289
10435.000 0.208
10440.000 0.139
10445.000 0.105
10450.000 0.060
10455.000 0.044
10460.000 0.041
10465.000 0.059
10470.000 0.134
10475.000 0.272
10480.000 0.357
10485.000 0.525
10490.000 0.600
10495.000 0.705
10500.000 0.749
10505.000 0.749
10510.000 0.738
10515.000 0.727
10520.000 0.696
10525.000 0.668
10530.000 0.654
10535.000 0.624
10540.000 0.609
10545.000 0.569
10550.000 0.510
10555.000 0.475
10560.000 0.398
10565.000 0.360
10570.000 0.295
10575.000 0.255
10580.000 0.238
10585.000 0.221
10590.000 0.214
10595.000 0.210
10600.000 0.206
10605.000 0.206
10610.000 0.210
10615.000 0.208
10620.000 0.211
10625.000 0.218
10630.000 0.227
10635.000 0.240
10640.000 0.252
10645.000 0.275
10650.000 0.290
10655.000 0.293
10660.000 0.289
10665.000 0.284
10670.000 0.275
10675.000 0.259
10680.000 0.262
10685.000 0.261
10690.000 0.263
10695.000 0.257
10700.000 0.255
10705.000 0.258
10710.000 0.259
10715.000 0.258
10720.000 0.257
10725.000 0.259
10730.000 0.260
10735.000 0.260
10740.000 0.261
10745.000 0.259
10750.000 0.256
10755.000 0.257
10760.000 0.255
10765.000 0.258
10770.000 0.255
10775.000 0.255
10780.000 0.255
10790.000 0.262
10795.000 0.260
10800.000 0.263
10805.000 0.260
10810.000 0.260
10815.000 0.261
10820.000 0.262
10825.000 0.258
10830.000 0.258
10835.000 0.261
10840.000 0.259
10845.000 0.260
10850.000 0.259
10855.000 0.256
10860.000 0.257
10865.000 0.254
10870.000 0.256
10875.000 0.255
10880.000 0.252
10885.000 0.255
10890.000 0.255
10895.000 0.253
10900.000 0.257
10905.000 0.263
10910.000 0.260
10915.000 0.260
10920.000 0.261
10925.000 0.259
10930.000 0.262
10935.000 0.260
10940.000 0.261
10945.000 0.258
10950.000 0.255
10955.000 0.257
10960.000 0.259
10965.000 0.259
10970.000 0.259
10975.000 0.252
10980.000 0.257
10985.000 0.255
10990.000 0.261
10995.000 0.256
11000.000 0.255
11005.000 0.259
11010.000 0.264
11015.000 0.259
11020.000 0.257
11025.000 0.263
11030.000 0.260
11035.000 0.263
11040.000 0.259
11045.000 0.261
11050.000 0.262
11055.000 0.256
11060.000 0.259
11065.000 0.256
11070.000 0.257
11075.000 0.259
11080.000 0.256
11085.000 0.257
11090.000 0.254
11095.000 0.257
11100.000 0.256
11105.000 0.254
11110.000 0.253
11115.000 0.254
11120.000 0.255
11125.000 0.255
11130.000 0.256
11135.000 0.257
11140.000 0.259
11145.000 0.260
11150.000 0.255
11155.000 0.255
11160.000 0.252
11165.000 0.253
11170.000 0.255
11175.000 0.258
11180.000 0.255
11185.000 0.256
11190.000 0.253
11195.000 0.252
11200.000 0.250
11205.000 0.254
11210.000 0.252
11215.000 0.250
11220.000 0.252
11225.000 0.254
11230.000 0.253
11235.000 0.252
11240.000 0.251
11245.000 0.254
11250.000 0.251
11255.000 0.252
11260.000 0.252
11265.000 0.251
11270.000 0.253
11275.000 0.253
11280.000 0.254
11285.000 0.251
11290.000 0.251
11295.000 0.250
11300.000 0.250
11305.000 0.251
11310.000 0.250
11315.000 0.252
11320.000 0.252
11325.000 0.252
11330.000 0.251
11335.000 0.251
11340.000 0.252
11345.000 0.253
11350.000 0.251
11355.000 0.249
11360.000 0.252
11365.000 0.255
11370.000 0.254
11375.000 0.253
11380.000 0.255
11385.000 0.253
11390.000 0.251
11395.000 0.253
11400.000 0.254
11405.000 0.253
11410.000 0.254
11415.000 0.252
11420.000 0.249
11425.000 0.255
11430.000 0.252
11435.000 0.251
11440.000 0.251
11445.000 0.250
11450.000 0.253
11455.000 0.248
11460.000 0.250
11465.000 0.251
11470.000 0.251
11475.000 0.252
11480.000 0.251
11485.000 0.248
11490.000 0.250
11495.000 0.250
11500.000 0.250
11505.000 0.249
11510.000 0.250
11515.000 0.249
11520.000 0.247
11525.000 0.253
11530.000 0.252
11535.000 0.249
11540.000 0.249
11545.000 0.247
11550.000 0.250
11555.000 0.249
11560.000 0.249
11565.000 0.249
11570.000 0.248
11575.000 0.247
11580.000 0.247
11585.000 0.248
11590.000 0.246
11595.000 0.248
11600.000 0.249
11605.000 0.249
11610.000 0.245
11615.000 0.246
11620.000 0.246
11625.000 0.248
11630.000 0.246
11635.000 0.249
11640.000 0.248
11645.000 0.247
11650.000 0.247
11655.000 0.243
11660.000 0.251
11665.000 0.249
11670.000 0.249
11675.000 0.247
11680.000 0.250
11685.000 0.249
11690.000 0.250
11695.000 0.249
11700.000 0.250
11705.000 0.247
11710.000 0.248
11715.000 0.245
11720.000 0.247
11725.000 0.249
11730.000 0.248
11735.000 0.247
11740.000 0.244
11745.000 0.246
11750.000 0.249
11755.000 0.245
11760.000 0.249
11765.000 0.247
11770.000 0.247
11775.000 0.243
11780.000 0.247
11785.000 0.247
11790.000 0.245
11795.000 0.247
11800.000 0.245
11805.000 0.243
11810.000 0.244
11815.000 0.243
11820.000 0.241
11825.000 0.242
11830.000 0.244
11835.000 0.244
11840.000 0.243
11845.000 0.244
11850.000 0.243
11855.000 0.247
11860.000 0.244
11865.000 0.243
11870.000 0.243
11875.000 0.244
11880.000 0.242
11885.000 0.242
11890.000 0.244
11895.000 0.242
11900.000 0.242
11905.000 0.244
11910.000 0.242
11915.000 0.245
11920.000 0.242
11925.000 0.244
11930.000 0.242
11935.000 0.244
11940.000 0.243
11945.000 0.245
11950.000 0.242
11955.000 0.243
11960.000 0.244
11965.000 0.243
11970.000 0.240
11975.000 0.243
11980.000 0.242
11985.000 0.245
11990.000 0.242
11995.000 0.248
12000.000 0.242
