105.000 0.091
110.000 0.589
115.000 10.753
120.000 12.125
125.000 14.484
130.000 15.704
135.000 17.031
140.000 17.518
145.000 17.797
150.000 18.330
155.000 18.591
160.000 18.610
165.000 18.374
170.000 18.222
175.000 17.890
180.000 17.866
185.000 17.581
190.000 17.686
195.000 17.644
200.000 17.661
205.000 17.743
210.000 18.025
215.000 18.064
220.000 18.158
225.000 18.305
230.000 18.429
235.000 18.446
240.000 18.501
245.000 18.422
250.000 18.524
255.000 18.532
260.000 18.683
265.000 18.839
270.000 18.942
275.000 19.348
280.000 19.441
285.000 19.707
290.000 19.806
295.000 20.136
300.000 20.497
305.000 20.821
310.000 21.239
315.000 21.897
320.000 22.185
325.000 22.781
330.000 22.944
335.000 23.619
340.000 24.214
345.000 24.571
350.000 25.301
355.000 25.730
360.000 26.456
365.000 27.327
370.000 27.930
375.000 28.936
380.000 29.534
385.000 30.606
390.000 31.878
395.000 32.710
400.000 33.995
405.000 34.459
410.000 35.480
415.000 36.599
420.000 37.084
425.000 37.903
430.000 38.249
435.000 38.940
440.000 39.294
445.000 39.321
450.000 39.116
455.000 38.793
460.000 37.805
465.000 36.428
470.000 35.549
475.000 33.776
480.000 32.851
485.000 30.943
490.000 28.973
495.000 27.922
500.000 25.857
505.000 24.717
510.000 22.411
515.000 20.213
520.000 19.232
525.000 17.445
530.000 16.619
535.000 15.150
540.000 13.967
545.000 13.403
550.000 12.398
555.000 11.895
560.000 11.047
565.000 10.185
570.000 9.772
575.000 8.860
580.000 8.481
585.000 7.713
590.000 7.007
595.000 6.669
600.000 6.035
605.000 5.765
610.000 5.258
615.000 4.883
620.000 4.757
625.000 4.516
630.000 4.402
635.000 4.214
640.000 4.025
645.000 3.932
650.000 3.760
655.000 3.678
660.000 3.520
665.000 3.460
670.000 3.319
675.000 3.221
680.000 3.147
685.000 3.043
690.000 3.002
695.000 2.897
700.000 2.809
705.000 2.764
710.000 2.685
715.000 2.643
720.000 2.577
725.000 2.507
730.000 2.475
735.000 2.395
740.000 2.367
745.000 2.308
750.000 2.262
755.000 2.235
760.000 2.176
765.000 2.184
770.000 2.115
775.000 2.071
780.000 2.061
785.000 2.022
790.000 2.004
795.000 2.004
800.000 1.974
805.000 1.957
810.000 1.944
815.000 1.913
820.000 1.846
825.000 1.787
830.000 1.767
835.000 1.718
840.000 1.696
845.000 1.652
850.000 1.626
855.000 1.614
860.000 1.585
865.000 1.569
870.000 1.551
875.000 1.519
880.000 1.520
885.000 1.481
890.000 1.475
895.000 1.438
900.000 1.423
905.000 1.403
910.000 1.376
915.000 1.365
920.000 1.344
925.000 1.330
930.000 1.316
935.000 1.313
940.000 1.308
945.000 1.289
950.000 1.281
955.000 1.277
960.000 1.272
965.000 1.271
970.000 1.261
975.000 1.270
980.000 1.259
985.000 1.250
990.000 1.247
995.000 1.265
1000.000 1.323
1005.000 1.325
1010.000 1.337
1015.000 1.342
1020.000 1.401
1025.000 1.443
1030.000 1.470
1035.000 1.518
1040.000 1.543
1045.000 1.603
1050.000 1.681
1055.000 1.715
1060.000 1.815
1065.000 1.880
1070.000 2.003
1075.000 2.198
1080.000 2.297
1085.000 2.575
1090.000 2.751
1095.000 3.212
1100.000 3.846
1105.000 4.260
1110.000 5.326
1115.000 5.976
1120.000 7.469
1125.000 9.020
1130.000 9.682
1135.000 10.379
1140.000 10.287
1145.000 9.153
1150.000 7.509
1155.000 6.717
1160.000 5.375
1165.000 4.832
1170.000 3.979
1175.000 3.364
1180.000 3.117
1185.000 2.760
1190.000 2.623
1195.000 2.417
1200.000 2.247
1205.000 2.170
1210.000 2.053
1215.000 1.996
1220.000 1.904
1225.000 1.800
1230.000 1.767
1235.000 1.675
1240.000 1.649
1245.000 1.594
1250.000 1.529
1255.000 1.502
1260.000 1.450
1265.000 1.417
1270.000 1.362
1275.000 1.349
1280.000 1.298
1285.000 1.256
1290.000 1.232
1295.000 1.189
1300.000 1.167
1305.000 1.144
1310.000 1.116
1315.000 1.106
1320.000 1.078
1325.000 1.062
1330.000 1.033
1335.000 1.006
1340.000 0.996
1345.000 0.974
1350.000 0.966
1355.000 0.948
1360.000 0.930
1365.000 0.925
1370.000 0.910
1375.000 0.903
1380.000 0.894
1385.000 0.881
1390.000 0.874
1395.000 0.862
1400.000 0.854
1405.000 0.847
1410.000 0.837
1415.000 0.830
1420.000 0.825
1425.000 0.820
1430.000 0.811
1435.000 0.806
1440.000 0.805
1445.000 0.796
1450.000 0.794
1455.000 0.783
1460.000 0.781
1465.000 0.779
1470.000 0.774
1475.000 0.769
1480.000 0.763
1485.000 0.760
1490.000 0.755
1495.000 0.749
1500.000 0.745
1505.000 0.740
1510.000 0.731
1515.000 0.728
1520.000 0.723
1525.000 0.721
1530.000 0.715
1535.000 0.713
1540.000 0.709
1545.000 0.701
1550.000 0.694
1555.000 0.689
1560.000 0.681
1565.000 0.676
1570.000 0.669
1575.000 0.663
1580.000 0.654
1585.000 0.642
1590.000 0.635
1595.000 0.623
1600.000 0.617
1605.000 0.603
1610.000 0.592
1615.000 0.584
1620.000 0.571
1625.000 0.562
1630.000 0.547
1635.000 0.534
1640.000 0.528
1645.000 0.519
1650.000 0.515
1655.000 0.515
1660.000 0.523
1665.000 0.524
1670.000 0.546
1675.000 0.557
1680.000 0.587
1685.000 0.620
1690.000 0.645
1695.000 0.682
1700.000 0.704
1705.000 0.744
1710.000 0.779
1715.000 0.795
1720.000 0.827
1725.000 0.836
1730.000 0.868
1735.000 0.887
1740.000 0.899
1745.000 0.918
1750.000 0.931
1755.000 0.952
1760.000 0.965
1765.000 0.967
1770.000 0.981
1775.000 0.982
1780.000 0.986
1785.000 0.995
1790.000 1.001
1795.000 1.012
1800.000 1.013
1805.000 1.016
1810.000 1.016
1815.000 1.024
1820.000 1.037
1825.000 1.035
1830.000 1.037
1835.000 1.040
1840.000 1.044
1845.000 1.046
1850.000 1.048
1855.000 1.052
1860.000 1.052
1865.000 1.051
1870.000 1.055
1875.000 1.060
1880.000 1.057
1885.000 1.058
1890.000 1.061
1895.000 1.067
1900.000 1.067
1905.000 1.070
1910.000 1.068
1915.000 1.067
1920.000 1.073
1925.000 1.076
1930.000 1.077
1935.000 1.074
1940.000 1.083
1945.000 1.082
1950.000 1.081
1955.000 1.076
1960.000 1.080
1965.000 1.081
1970.000 1.085
1975.000 1.088
1980.000 1.091
1985.000 1.090
1990.000 1.081
1995.000 1.074
2000.000 1.075
2005.000 1.081
2010.000 1.075
2015.000 1.083
2020.000 1.070
2025.000 1.073
2030.000 1.071
2035.000 1.059
2040.000 1.063
2045.000 1.056
2050.000 1.052
2055.000 1.078
2060.000 1.062
2065.000 1.072
2070.000 1.055
2075.000 1.050
2080.000 1.045
2085.000 1.048
2090.000 1.041
2095.000 1.029
2100.000 1.025
2105.000 1.015
2110.000 1.008
2115.000 1.001
2120.000 0.988
2125.000 0.984
2130.000 0.977
2135.000 0.973
2140.000 0.967
2145.000 0.960
2150.000 0.955
2155.000 0.944
2160.000 0.936
2165.000 0.925
2170.000 0.918
2175.000 0.910
2180.000 0.902
2185.000 0.895
2190.000 0.882
2195.000 0.873
2200.000 0.870
2205.000 0.860
2210.000 0.854
2215.000 0.845
2220.000 0.854
2225.000 0.845
2230.000 0.831
2235.000 0.820
2240.000 0.811
2245.000 0.803
2250.000 0.797
2255.000 0.786
2260.000 0.780
2265.000 0.770
2270.000 0.761
2275.000 0.760
2280.000 0.746
2285.000 0.745
2290.000 0.738
2295.000 0.730
2300.000 0.725
2305.000 0.717
2310.000 0.713
2315.000 0.704
2320.000 0.700
2325.000 0.694
2330.000 0.689
2335.000 0.692
2340.000 0.678
2345.000 0.674
2350.000 0.667
2355.000 0.659
2360.000 0.658
2365.000 0.653
2370.000 0.645
2375.000 0.643
2380.000 0.638
2385.000 0.629
2390.000 0.626
2395.000 0.620
2400.000 0.620
2405.000 0.616
2410.000 0.610
2415.000 0.607
2420.000 0.601
2425.000 0.598
2430.000 0.594
2435.000 0.593
2440.000 0.589
2445.000 0.584
2450.000 0.581
2455.000 0.576
2460.000 0.574
2465.000 0.571
2470.000 0.573
2475.000 0.571
2480.000 0.565
2485.000 0.563
2490.000 0.564
2495.000 0.562
2500.000 0.557
2505.000 0.555
2510.000 0.553
2515.000 0.550
2520.000 0.553
2525.000 0.548
2530.000 0.545
2535.000 0.548
2540.000 0.544
2545.000 0.544
2550.000 0.539
2555.000 0.537
2560.000 0.532
2565.000 0.538
2570.000 0.535
2575.000 0.530
2580.000 0.532
2585.000 0.531
2590.000 0.526
2595.000 0.524
2600.000 0.522
2605.000 0.526
2610.000 0.522
2615.000 0.524
2620.000 0.521
2625.000 0.515
2630.000 0.516
2635.000 0.516
2640.000 0.518
2645.000 0.516
2650.000 0.556
2655.000 0.551
2660.000 0.542
2665.000 0.536
2670.000 0.531
2675.000 0.528
2680.000 0.530
2685.000 0.527
2690.000 0.533
2695.000 0.526
2700.000 0.518
2705.000 0.518
2710.000 0.516
2715.000 0.515
2720.000 0.513
2725.000 0.510
2730.000 0.511
2735.000 0.512
2740.000 0.514
2745.000 0.516
2750.000 0.519
2755.000 0.518
2760.000 0.516
2765.000 0.517
2770.000 0.516
2775.000 0.523
2780.000 0.520
2785.000 0.519
2790.000 0.520
2795.000 0.522
2800.000 0.521
2805.000 0.523
2810.000 0.527
2815.000 0.527
2820.000 0.529
2825.000 0.528
2830.000 0.541
2835.000 0.541
2840.000 0.542
2845.000 0.542
2850.000 0.542
2855.000 0.543
2860.000 0.542
2865.000 0.549
2870.000 0.548
2875.000 0.552
2880.000 0.553
2885.000 0.553
2890.000 0.558
2895.000 0.562
2900.000 0.565
2905.000 0.568
2910.000 0.569
2915.000 0.573
2920.000 0.577
2925.000 0.582
2930.000 0.585
2935.000 0.595
2940.000 0.610
2945.000 0.621
2950.000 0.624
2955.000 0.618
2960.000 0.629
2965.000 0.630
2970.000 0.623
2975.000 0.628
2980.000 0.630
2985.000 0.631
2990.000 0.652
2995.000 0.643
3000.000 0.661
3005.000 0.669
3010.000 0.669
3015.000 0.676
3020.000 0.691
3025.000 0.683
3030.000 0.697
3035.000 0.692
3040.000 0.698
3045.000 0.702
3050.000 0.719
3055.000 0.723
3060.000 0.731
3065.000 0.734
3070.000 0.745
3075.000 0.766
3080.000 0.791
3085.000 0.803
3090.000 0.810
3095.000 0.808
3100.000 0.820
3105.000 0.827
3110.000 0.849
3115.000 0.859
3120.000 0.871
3125.000 0.884
3130.000 0.891
3135.000 0.907
3140.000 0.926
3145.000 0.933
3150.000 0.944
3155.000 0.954
3160.000 0.974
3165.000 1.029
3170.000 1.043
3175.000 1.053
3180.000 1.061
3185.000 1.078
3190.000 1.101
3195.000 1.113
3200.000 1.137
3205.000 1.151
3210.000 1.177
3215.000 1.207
3220.000 1.223
3225.000 1.252
3230.000 1.271
3235.000 1.306
3240.000 1.345
3245.000 1.370
3250.000 1.408
3255.000 1.430
3260.000 1.484
3265.000 1.535
3270.000 1.567
3275.000 1.625
3280.000 1.659
3285.000 1.730
3290.000 1.810
3295.000 1.853
3300.000 1.937
3305.000 1.979
3310.000 2.076
3315.000 2.180
3320.000 2.239
3325.000 2.368
3330.000 2.435
3335.000 2.583
3340.000 2.659
3345.000 2.829
3350.000 3.011
3355.000 3.122
3360.000 3.363
3365.000 3.506
3370.000 3.822
3375.000 4.217
3380.000 4.452
3385.000 5.005
3390.000 5.332
3395.000 6.146
3400.000 7.202
3405.000 7.848
3410.000 9.464
3415.000 10.453
3420.000 12.794
3425.000 15.558
3430.000 17.004
3435.000 19.650
3440.000 20.628
3445.000 21.456
3450.000 20.066
3455.000 18.575
3460.000 15.291
3465.000 13.717
3470.000 10.992
3475.000 8.957
3480.000 8.162
3485.000 6.899
3490.000 6.402
3495.000 5.652
3500.000 5.175
3505.000 4.988
3510.000 4.648
3515.000 4.499
3520.000 4.218
3525.000 3.994
3530.000 3.883
3535.000 3.684
3540.000 3.593
3545.000 3.431
3550.000 3.281
3555.000 3.212
3560.000 3.083
3565.000 3.025
3570.000 2.916
3575.000 2.818
3580.000 2.772
3585.000 2.684
3590.000 2.646
3595.000 2.574
3600.000 2.507
3605.000 2.478
3610.000 2.420
3615.000 2.395
3620.000 2.344
3625.000 2.298
3630.000 2.271
3635.000 2.223
3640.000 2.194
3645.000 2.152
3650.000 2.111
3655.000 2.090
3660.000 2.055
3665.000 2.041
3670.000 2.015
3675.000 1.988
3680.000 1.975
3685.000 1.957
3690.000 1.947
3695.000 1.945
3700.000 1.923
3705.000 1.921
3710.000 1.906
3715.000 1.904
3720.000 1.903
3725.000 1.906
3730.000 1.904
3735.000 1.911
3740.000 1.915
3745.000 1.925
3750.000 1.935
3755.000 1.942
3760.000 1.966
3765.000 1.976
3770.000 2.002
3775.000 2.033
3780.000 2.047
3785.000 2.085
3790.000 2.105
3795.000 2.147
3800.000 2.192
3805.000 2.212
3810.000 2.253
3815.000 2.278
3820.000 2.336
3825.000 2.393
3830.000 2.423
3835.000 2.496
3840.000 2.538
3845.000 2.621
3850.000 2.718
3855.000 2.774
3860.000 2.894
3865.000 2.957
3870.000 3.099
3875.000 3.263
3880.000 3.356
3885.000 3.563
3890.000 3.689
3895.000 3.971
3900.000 4.328
3905.000 4.561
3910.000 5.106
3915.000 5.440
3920.000 6.240
3925.000 7.238
3930.000 7.869
3935.000 9.049
3940.000 9.562
3945.000 10.096
3950.000 10.015
3955.000 9.099
3960.000 7.732
3965.000 7.050
3970.000 5.795
3975.000 5.305
3980.000 4.553
3985.000 3.952
3990.000 3.708
3995.000 3.266
4000.000 3.088
4005.000 2.761
4010.000 2.481
4015.000 2.374
4020.000 2.163
4025.000 2.065
4030.000 1.880
4035.000 1.711
4040.000 1.631
4045.000 1.485
4050.000 1.413
4055.000 1.291
4060.000 1.193
4065.000 1.131
4070.000 1.030
4075.000 0.981
4080.000 0.892
4085.000 0.817
4090.000 0.780
4095.000 0.719
4100.000 0.695
4105.000 0.647
4110.000 0.602
4115.000 0.582
4120.000 0.547
4125.000 0.530
4130.000 0.501
4135.000 0.474
4140.000 0.461
4145.000 0.438
4150.000 0.427
4155.000 0.407
4160.000 0.389
4165.000 0.380
4170.000 0.366
4175.000 0.356
4180.000 0.344
4185.000 0.328
4190.000 0.324
4195.000 0.311
4200.000 0.305
4205.000 0.294
4210.000 0.284
4215.000 0.278
4220.000 0.271
4225.000 0.264
4230.000 0.258
4235.000 0.248
4240.000 0.246
4245.000 0.238
4250.000 0.234
4255.000 0.227
4260.000 0.221
4265.000 0.217
4270.000 0.209
4275.000 0.203
4280.000 0.198
4285.000 0.188
4290.000 0.186
4295.000 0.182
4300.000 0.176
4305.000 0.170
4310.000 0.166
4315.000 0.164
4320.000 0.162
4325.000 0.158
4330.000 0.156
4335.000 0.153
4340.000 0.150
4345.000 0.151
4350.000 0.147
4355.000 0.145
4360.000 0.145
4365.000 0.142
4370.000 0.140
4375.000 0.139
4380.000 0.137
4385.000 0.135
4390.000 0.133
4395.000 0.132
4400.000 0.130
4405.000 0.129
4410.000 0.127
4415.000 0.125
4420.000 0.127
4425.000 0.127
4430.000 0.125
4435.000 0.124
4440.000 0.123
4445.000 0.121
4450.000 0.121
4455.000 0.121
4460.000 0.119
4465.000 0.120
4470.000 0.118
4475.000 0.118
4480.000 0.117
4485.000 0.117
4490.000 0.117
4495.000 0.115
4500.000 0.114
4505.000 0.116
4510.000 0.112
4515.000 0.113
4520.000 0.113
4525.000 0.112
4530.000 0.111
4535.000 0.112
4540.000 0.110
4545.000 0.112
4550.000 0.110
4555.000 0.110
4560.000 0.108
4565.000 0.108
4570.000 0.108
4575.000 0.110
4580.000 0.108
4585.000 0.106
4590.000 0.107
4595.000 0.106
4600.000 0.108
4605.000 0.106
4610.000 0.107
4615.000 0.107
4620.000 0.106
4625.000 0.106
4630.000 0.108
4635.000 0.107
4640.000 0.107
4645.000 0.108
4650.000 0.107
4655.000 0.107
4660.000 0.107
4665.000 0.108
4670.000 0.110
4675.000 0.111
4680.000 0.111
4685.000 0.110
4690.000 0.112
4695.000 0.115
4700.000 0.113
4705.000 0.115
4710.000 0.119
4715.000 0.118
4720.000 0.122
4725.000 0.121
4730.000 0.123
4735.000 0.123
4740.000 0.124
4745.000 0.125
4750.000 0.126
4755.000 0.128
4760.000 0.128
4765.000 0.127
4770.000 0.127
4775.000 0.129
4780.000 0.130
4785.000 0.127
4790.000 0.129
4795.000 0.127
4800.000 0.127
4805.000 0.127
4810.000 0.127
4815.000 0.126
4820.000 0.125
4825.000 0.124
4830.000 0.123
4835.000 0.123
4840.000 0.120
4845.000 0.117
4850.000 0.117
4855.000 0.116
4860.000 0.118
4865.000 0.114
4870.000 0.112
4875.000 0.112
4880.000 0.110
4885.000 0.110
4890.000 0.107
4895.000 0.106
4900.000 0.106
4905.000 0.103
4910.000 0.103
4915.000 0.101
4920.000 0.100
4925.000 0.098
4930.000 0.093
4935.000 0.095
4940.000 0.091
4945.000 0.090
4950.000 0.085
4955.000 0.090
4960.000 0.083
4965.000 0.083
4970.000 0.081
4975.000 0.076
4980.000 0.073
4985.000 0.077
4990.000 0.072
4995.000 0.069
5000.000 0.075
5005.000 0.060
5010.000 0.061
5015.000 0.058
5020.000 0.064
5025.000 0.055
5030.000 0.057
5035.000 0.053
5040.000 0.060
5045.000 0.055
5050.000 0.051
5055.000 0.056
5060.000 0.053
5065.000 0.059
5070.000 0.054
5075.000 0.057
5080.000 0.060
5085.000 0.061
5090.000 0.065
5095.000 0.069
5100.000 0.069
5105.000 0.073
5110.000 0.077
5115.000 0.079
5120.000 0.082
5125.000 0.087
5130.000 0.092
5135.000 0.093
5140.000 0.098
5145.000 0.100
5150.000 0.106
5155.000 0.112
5160.000 0.114
5165.000 0.119
5170.000 0.121
5175.000 0.124
5180.000 0.130
5185.000 0.132
5190.000 0.136
5195.000 0.139
5200.000 0.143
5205.000 0.146
5210.000 0.149
5215.000 0.153
5220.000 0.155
5225.000 0.158
5230.000 0.163
5235.000 0.164
5240.000 0.167
5245.000 0.169
5250.000 0.173
5255.000 0.177
5260.000 0.178
5265.000 0.181
5270.000 0.183
5275.000 0.188
5280.000 0.191
5285.000 0.192
5290.000 0.196
5295.000 0.196
5300.000 0.201
5305.000 0.204
5310.000 0.205
5315.000 0.209
5320.000 0.211
5325.000 0.212
5330.000 0.215
5335.000 0.217
5340.000 0.218
5345.000 0.221
5350.000 0.221
5355.000 0.223
5360.000 0.226
5365.000 0.227
5370.000 0.229
5375.000 0.232
5380.000 0.236
5385.000 0.235
5390.000 0.238
5395.000 0.240
5400.000 0.243
5405.000 0.243
5410.000 0.245
5415.000 0.250
5420.000 0.248
5425.000 0.249
5430.000 0.248
5435.000 0.250
5440.000 0.249
5445.000 0.248
5450.000 0.253
5455.000 0.254
5460.000 0.251
5465.000 0.251
5470.000 0.252
5475.000 0.251
5480.000 0.252
5485.000 0.251
5490.000 0.254
5495.000 0.254
5500.000 0.255
5505.000 0.256
5510.000 0.254
5515.000 0.253
5520.000 0.259
5525.000 0.264
5530.000 0.265
5535.000 0.262
5540.000 0.260
5545.000 0.260
5550.000 0.261
5555.000 0.257
5560.000 0.258
5565.000 0.260
5570.000 0.257
5575.000 0.258
5580.000 0.259
5585.000 0.260
5590.000 0.261
5595.000 0.261
5600.000 0.261
5605.000 0.261
5610.000 0.262
5615.000 0.262
5620.000 0.260
5625.000 0.260
5630.000 0.260
5635.000 0.260
5640.000 0.262
5645.000 0.265
5650.000 0.265
5655.000 0.264
5660.000 0.266
5665.000 0.262
5670.000 0.263
5675.000 0.265
5680.000 0.268
5685.000 0.268
5690.000 0.270
5695.000 0.269
5700.000 0.271
5705.000 0.268
5710.000 0.268
5715.000 0.269
5720.000 0.267
5725.000 0.270
5730.000 0.269
5735.000 0.272
5740.000 0.275
5745.000 0.274
5750.000 0.274
5755.000 0.273
5760.000 0.272
5765.000 0.274
5770.000 0.276
5775.000 0.276
5780.000 0.281
5785.000 0.291
5790.000 0.289
5795.000 0.288
5800.000 0.288
5805.000 0.285
5810.000 0.286
5815.000 0.285
5820.000 0.281
5825.000 0.283
5830.000 0.282
5835.000 0.284
5840.000 0.281
5845.000 0.279
5850.000 0.281
5855.000 0.281
5860.000 0.283
5865.000 0.281
5870.000 0.279
5875.000 0.281
5880.000 0.283
5885.000 0.280
5890.000 0.284
5895.000 0.286
5900.000 0.283
5905.000 0.285
5910.000 0.285
5915.000 0.285
5920.000 0.285
5925.000 0.288
5930.000 0.297
5935.000 0.329
5940.000 0.336
5945.000 0.336
5950.000 0.330
5955.000 0.324
5960.000 0.322
5965.000 0.314
5970.000 0.324
5975.000 0.317
5980.000 0.320
5985.000 0.328
5990.000 0.321
5995.000 0.324
6000.000 0.323
6005.000 0.322
6010.000 0.308
6015.000 0.317
6020.000 0.314
6025.000 0.316
6030.000 0.306
6035.000 0.314
6040.000 0.305
6045.000 0.310
6050.000 0.310
6055.000 0.302
6060.000 0.305
6065.000 0.310
6070.000 0.306
6075.000 0.307
6080.000 0.309
6085.000 0.310
6090.000 0.312
6095.000 0.315
6100.000 0.312
6105.000 0.311
6110.000 0.314
6115.000 0.314
6120.000 0.315
6125.000 0.314
6130.000 0.316
6135.000 0.317
6140.000 0.318
6145.000 0.318
6150.000 0.332
6155.000 0.333
6160.000 0.330
6165.000 0.330
6170.000 0.332
6175.000 0.351
6180.000 0.351
6185.000 0.540
6190.000 0.524
6195.000 0.524
6200.000 0.463
6205.000 0.436
6210.000 0.401
6215.000 0.369
6220.000 0.360
6225.000 0.349
6230.000 0.347
6235.000 0.343
6240.000 0.345
6245.000 0.344
6250.000 0.345
6255.000 0.344
6260.000 0.346
6265.000 0.350
6270.000 0.352
6275.000 0.351
6280.000 0.352
6285.000 0.355
6290.000 0.357
6295.000 0.360
6300.000 0.365
6305.000 0.365
6310.000 0.374
6315.000 0.372
6320.000 0.380
6325.000 0.373
6330.000 0.374
6335.000 0.374
6340.000 0.377
6345.000 0.380
6350.000 0.383
6355.000 0.385
6360.000 0.389
6365.000 0.392
6370.000 0.399
6375.000 0.397
6380.000 0.400
6385.000 0.405
6390.000 0.405
6395.000 0.412
6400.000 0.416
6405.000 0.420
6410.000 0.416
6415.000 0.420
6420.000 0.428
6425.000 0.436
6430.000 0.438
6435.000 0.443
6440.000 0.446
6445.000 0.455
6450.000 0.461
6455.000 0.464
6460.000 0.468
6465.000 0.472
6470.000 0.479
6475.000 0.484
6480.000 0.489
6485.000 0.499
6490.000 0.500
6495.000 0.513
6500.000 0.519
6505.000 0.524
6510.000 0.533
6515.000 0.541
6520.000 0.548
6525.000 0.562
6530.000 0.562
6535.000 0.577
6540.000 0.579
6545.000 0.595
6550.000 0.604
6555.000 0.608
6560.000 0.627
6565.000 0.629
6570.000 0.644
6575.000 0.659
6580.000 0.669
6585.000 0.687
6590.000 0.696
6595.000 0.709
6600.000 0.728
6605.000 0.744
6610.000 0.761
6615.000 0.777
6620.000 0.802
6625.000 0.814
6630.000 0.838
6635.000 0.868
6640.000 0.884
6645.000 0.917
6650.000 0.933
6655.000 0.967
6660.000 1.009
6665.000 1.029
6670.000 1.069
6675.000 1.093
6680.000 1.145
6685.000 1.196
6690.000 1.225
6695.000 1.292
6700.000 1.322
6705.000 1.393
6710.000 1.469
6715.000 1.508
6720.000 1.588
6725.000 1.636
6730.000 1.738
6735.000 1.848
6740.000 1.914
6745.000 2.057
6750.000 2.136
6755.000 2.310
6760.000 2.515
6765.000 2.643
6770.000 2.934
6775.000 3.105
6780.000 3.520
6785.000 4.067
6790.000 4.395
6795.000 5.216
6800.000 5.720
6805.000 6.989
6810.000 11.363
6815.000 12.374
6820.000 14.379
6825.000 15.378
6830.000 17.143
6835.000 17.826
6840.000 17.599
6845.000 16.336
6850.000 15.283
6855.000 12.677
6860.000 12.921
6865.000 11.348
6870.000 9.242
6875.000 8.504
6880.000 7.065
6885.000 7.113
6890.000 6.843
6895.000 5.935
6900.000 5.349
6905.000 4.534
6910.000 3.938
6915.000 3.703
6920.000 3.321
6925.000 3.167
6930.000 2.976
6935.000 2.856
6940.000 2.804
6945.000 2.717
6950.000 2.671
6955.000 2.594
6960.000 2.537
6965.000 2.507
6970.000 2.465
6975.000 2.441
6980.000 2.408
6985.000 2.378
6990.000 2.356
6995.000 2.337
7000.000 2.344
7005.000 2.325
7010.000 2.325
7015.000 2.331
7020.000 2.351
7025.000 2.344
7030.000 2.341
7035.000 2.391
7040.000 2.403
7045.000 2.448
7050.000 2.469
7055.000 2.520
7060.000 2.586
7065.000 2.614
7070.000 2.691
7075.000 2.737
7080.000 2.830
7085.000 2.949
7090.000 3.027
7095.000 3.182
7100.000 3.272
7105.000 3.484
7110.000 3.742
7115.000 3.889
7120.000 4.240
7125.000 4.462
7130.000 4.994
7135.000 5.673
7140.000 6.046
7145.000 6.932
7150.000 7.420
7155.000 8.278
7160.000 8.787
7165.000 8.749
7170.000 8.083
7175.000 7.554
7180.000 6.403
7185.000 5.395
7190.000 4.989
7195.000 4.294
7200.000 4.008
7205.000 3.522
7210.000 3.310
7215.000 2.939
7220.000 2.640
7225.000 2.514
7230.000 2.276
7235.000 2.176
7240.000 1.991
7245.000 1.834
7250.000 1.764
7255.000 1.638
7260.000 1.580
7265.000 1.467
7270.000 1.376
7275.000 1.471
7280.000 1.898
7285.000 1.838
7290.000 1.681
7295.000 1.516
7300.000 1.400
7305.000 1.207
7310.000 1.129
7315.000 0.999
7320.000 0.899
7325.000 0.858
7330.000 0.797
7335.000 0.771
7340.000 0.726
7345.000 0.685
7350.000 0.666
7355.000 0.632
7360.000 0.619
7365.000 0.588
7370.000 0.562
7375.000 0.550
7380.000 0.529
7385.000 0.521
7390.000 0.501
7395.000 0.485
7400.000 0.476
7405.000 0.462
7410.000 0.457
7415.000 0.444
7420.000 0.433
7425.000 0.420
7430.000 0.412
7435.000 0.409
7440.000 0.401
7445.000 0.393
7450.000 0.388
7455.000 0.383
7460.000 0.379
7465.000 0.372
7470.000 0.365
7475.000 0.362
7480.000 0.356
7485.000 0.352
7490.000 0.345
7495.000 0.339
7500.000 0.338
7505.000 0.334
7510.000 0.332
7515.000 0.328
7520.000 0.323
7525.000 0.322
7530.000 0.318
7535.000 0.315
7540.000 0.311
7545.000 0.308
7550.000 0.306
7555.000 0.302
7560.000 0.301
7565.000 0.298
7570.000 0.296
7575.000 0.294
7580.000 0.292
7585.000 0.292
7590.000 0.288
7595.000 0.286
7600.000 0.284
7605.000 0.283
7610.000 0.281
7615.000 0.280
7620.000 0.277
7625.000 0.278
7630.000 0.275
7635.000 0.275
7640.000 0.273
7645.000 0.272
7650.000 0.272
7655.000 0.269
7660.000 0.268
7665.000 0.265
7670.000 0.263
7675.000 0.262
7680.000 0.262
7685.000 0.263
7690.000 0.261
7695.000 0.260
7700.000 0.259
7705.000 0.258
7710.000 0.257
7715.000 0.256
7720.000 0.256
7725.000 0.256
7730.000 0.253
7735.000 0.251
7740.000 0.253
7745.000 0.253
7750.000 0.251
7755.000 0.253
7760.000 0.250
7765.000 0.249
7770.000 0.250
7775.000 0.252
7780.000 0.250
7785.000 0.250
7790.000 0.250
7795.000 0.250
7800.000 0.248
7805.000 0.248
7810.000 0.248
7815.000 0.247
7820.000 0.248
7825.000 0.245
7830.000 0.244
7835.000 0.245
7840.000 0.243
7845.000 0.244
7850.000 0.243
7855.000 0.243
7860.000 0.245
7865.000 0.244
7870.000 0.248
7875.000 0.245
7880.000 0.243
7885.000 0.243
7890.000 0.240
7895.000 0.243
7900.000 0.241
7905.000 0.240
7910.000 0.235
7915.000 0.236
7920.000 0.235
7925.000 0.239
7930.000 0.240
7935.000 0.239
7940.000 0.241
7945.000 0.239
7950.000 0.240
7955.000 0.233
7960.000 0.237
7965.000 0.235
7970.000 0.230
7975.000 0.236
7980.000 0.234
7985.000 0.230
7990.000 0.240
7995.000 0.236
8000.000 0.235
8005.000 0.246
8010.000 0.246
8015.000 0.242
8020.000 0.236
8025.000 0.243
8030.000 0.236
8035.000 0.246
8040.000 0.240
8045.000 0.240
8050.000 0.241
8055.000 0.238
8060.000 0.237
8065.000 0.235
8070.000 0.236
8075.000 0.239
8080.000 0.239
8085.000 0.241
8090.000 0.240
8095.000 0.235
8100.000 0.236
8105.000 0.237
8110.000 0.237
8115.000 0.236
8120.000 0.236
8125.000 0.234
8130.000 0.237
8135.000 0.237
8140.000 0.235
8145.000 0.235
8150.000 0.238
8155.000 0.237
8160.000 0.238
8165.000 0.238
8170.000 0.236
8175.000 0.237
8180.000 0.236
8185.000 0.237
8190.000 0.237
8195.000 0.238
8200.000 0.237
8205.000 0.238
8210.000 0.238
8215.000 0.239
8220.000 0.239
8225.000 0.238
8230.000 0.239
8235.000 0.239
8240.000 0.239
8245.000 0.238
8250.000 0.236
8255.000 0.238
8260.000 0.240
8265.000 0.239
8270.000 0.240
8275.000 0.240
8280.000 0.241
8285.000 0.243
8290.000 0.242
8295.000 0.240
8300.000 0.240
8305.000 0.241
8310.000 0.242
8315.000 0.242
8320.000 0.242
8325.000 0.242
8330.000 0.242
8335.000 0.241
8340.000 0.241
8345.000 0.243
8350.000 0.243
8355.000 0.242
8360.000 0.242
8365.000 0.241
8370.000 0.239
8375.000 0.240
8380.000 0.240
8385.000 0.240
8390.000 0.240
8395.000 0.243
8400.000 0.242
8405.000 0.243
8410.000 0.242
8415.000 0.242
8420.000 0.242
8425.000 0.243
8430.000 0.244
8435.000 0.243
8440.000 0.243
8445.000 0.244
8450.000 0.245
8455.000 0.243
8460.000 0.242
8465.000 0.244
8470.000 0.246
8475.000 0.245
8480.000 0.245
8485.000 0.247
8490.000 0.244
8495.000 0.246
8500.000 0.247
8505.000 0.246
8510.000 0.245
8515.000 0.247
8520.000 0.245
8525.000 0.246
8530.000 0.249
8535.000 0.249
8540.000 0.249
8545.000 0.248
8550.000 0.249
8555.000 0.250
8560.000 0.250
8565.000 0.249
8570.000 0.248
8575.000 0.249
8580.000 0.248
8585.000 0.251
8590.000 0.250
8595.000 0.249
8600.000 0.249
8605.000 0.252
8610.000 0.255
8615.000 0.256
8620.000 0.256
8625.000 0.255
8630.000 0.253
8635.000 0.255
8640.000 0.256
8645.000 0.255
8650.000 0.342
8655.000 0.346
8660.000 0.347
8665.000 0.321
8670.000 0.310
8675.000 0.434
8680.000 0.420
8685.000 0.399
8690.000 0.379
8695.000 0.363
8700.000 0.330
8705.000 0.317
8710.000 0.296
8715.000 0.282
8720.000 0.277
8725.000 0.271
8730.000 0.271
8735.000 0.273
8740.000 0.271
8745.000 0.272
8750.000 0.270
8755.000 0.270
8760.000 0.268
8765.000 0.268
8770.000 0.266
8775.000 0.264
8780.000 0.262
8785.000 0.261
8790.000 0.260
8795.000 0.261
8800.000 0.260
8805.000 0.260
8810.000 0.261
8815.000 0.260
8820.000 0.255
8825.000 0.265
8830.000 0.273
8835.000 0.254
8840.000 0.266
8845.000 0.263
8850.000 0.266
8855.000 0.263
8860.000 0.265
8865.000 0.266
8870.000 0.267
8875.000 0.263
8880.000 0.267
8885.000 0.268
8890.000 0.266
8895.000 0.270
8900.000 0.269
8905.000 0.267
8910.000 0.269
8915.000 0.271
8920.000 0.270
8925.000 0.269
8930.000 0.272
8935.000 0.274
8940.000 0.272
8945.000 0.271
8950.000 0.270
8955.000 0.274
8960.000 0.271
8965.000 0.275
8970.000 0.276
8975.000 0.281
8980.000 0.279
8985.000 0.289
8990.000 0.457
8995.000 0.445
9000.000 0.422
9005.000 0.410
9010.000 0.398
9015.000 0.386
9020.000 0.355
9025.000 0.324
9030.000 0.317
9035.000 0.295
9040.000 0.290
9045.000 0.280
9050.000 0.278
9055.000 0.276
9060.000 0.274
9065.000 0.274
9070.000 0.268
9075.000 0.267
9080.000 0.267
9085.000 0.270
9090.000 0.267
9095.000 0.268
9100.000 0.269
9105.000 0.270
9110.000 0.270
9115.000 0.271
9120.000 0.274
9125.000 0.271
9130.000 0.271
9135.000 0.272
9140.000 0.273
9145.000 0.272
9150.000 0.274
9155.000 0.272
9160.000 0.275
9165.000 0.273
9170.000 0.274
9175.000 0.274
9180.000 0.275
9185.000 0.275
9190.000 0.275
9195.000 0.279
9200.000 0.279
9205.000 0.278
9210.000 0.278
9215.000 0.280
9220.000 0.279
9225.000 0.280
9230.000 0.280
9235.000 0.281
9240.000 0.281
9245.000 0.280
9250.000 0.283
9255.000 0.284
9260.000 0.283
9265.000 0.286
9270.000 0.284
9275.000 0.285
9280.000 0.285
9285.000 0.286
9290.000 0.287
9295.000 0.285
9300.000 0.289
9305.000 0.289
9310.000 0.292
9315.000 0.291
9320.000 0.290
9325.000 0.294
9330.000 0.292
9335.000 0.295
9340.000 0.294
9345.000 0.294
9350.000 0.297
9355.000 0.296
9360.000 0.297
9365.000 0.297
9370.000 0.297
9375.000 0.298
9380.000 0.297
9385.000 0.300
9390.000 0.299
9395.000 0.301
9400.000 0.303
9405.000 0.303
9410.000 0.300
9415.000 0.305
9420.000 0.307
9425.000 0.306
9430.000 0.308
9435.000 0.308
9440.000 0.311
9445.000 0.310
9450.000 0.310
9455.000 0.310
9460.000 0.314
9465.000 0.314
9470.000 0.313
9475.000 0.315
9480.000 0.316
9485.000 0.315
9490.000 0.320
9495.000 0.317
9500.000 0.320
9505.000 0.321
9510.000 0.318
9515.000 0.321
9520.000 0.322
9525.000 0.321
9530.000 0.320
9535.000 0.324
9540.000 0.323
9545.000 0.323
9550.000 0.327
9555.000 0.327
9560.000 0.322
9565.000 0.324
9570.000 0.323
9575.000 0.328
9580.000 0.325
9585.000 0.328
9590.000 0.327
9595.000 0.327
9600.000 0.329
9605.000 0.333
9610.000 0.331
9615.000 0.335
9620.000 0.335
9625.000 0.335
9630.000 0.337
9635.000 0.336
9640.000 0.335
9645.000 0.337
9650.000 0.340
9655.000 0.341
9660.000 0.341
9665.000 0.340
9670.000 0.343
9675.000 0.344
9680.000 0.344
9685.000 0.346
9690.000 0.345
9695.000 0.348
9700.000 0.350
9705.000 0.349
9710.000 0.348
9715.000 0.350
9720.000 0.351
9725.000 0.352
9730.000 0.353
9735.000 0.356
9740.000 0.355
9745.000 0.358
9750.000 0.360
9755.000 0.364
9760.000 0.365
9765.000 0.367
9770.000 0.367
9775.000 0.366
9780.000 0.370
9785.000 0.371
9790.000 0.374
9795.000 0.380
9800.000 0.381
9805.000 0.382
9810.000 0.385
9815.000 0.386
9820.000 0.390
9825.000 0.387
9830.000 0.389
9835.000 0.393
9840.000 0.393
9845.000 0.391
9850.000 0.395
9855.000 0.397
9860.000 0.401
9865.000 0.404
9870.000 0.407
9875.000 0.414
9880.000 0.414
9885.000 0.412
9890.000 0.413
9895.000 0.419
9900.000 0.420
9905.000 0.427
9910.000 0.428
9915.000 0.434
9920.000 0.440
9925.000 0.444
9930.000 0.446
9935.000 0.447
9940.000 0.457
9945.000 0.462
9950.000 0.467
9955.000 0.472
9960.000 0.474
9965.000 0.481
9970.000 0.495
9975.000 0.494
9980.000 0.505
9985.000 0.509
9990.000 0.510
9995.000 0.520
10000.000 0.529
10005.000 0.534
10010.000 0.540
10015.000 0.553
10020.000 0.574
10025.000 0.572
10030.000 0.590
10035.000 0.597
10040.000 0.621
10045.000 0.637
10050.000 0.645
10055.000 0.662
10060.000 0.669
10065.000 0.685
10070.000 0.707
10075.000 0.719
10080.000 0.740
10085.000 0.754
10090.000 0.786
10095.000 0.818
10100.000 0.834
10105.000 0.871
10110.000 0.889
10115.000 0.932
10120.000 0.978
10125.000 1.006
10130.000 1.062
10135.000 1.094
10140.000 1.187
10145.000 1.279
10150.000 1.327
10155.000 1.450
10160.000 1.521
10165.000 1.690
10170.000 1.912
10175.000 2.046
10180.000 2.352
10185.000 2.528
10190.000 2.977
10195.000 3.483
10200.000 3.754
10205.000 4.272
10210.000 4.484
10215.000 4.702
10220.000 4.532
10225.000 4.318
10230.000 3.788
10235.000 3.505
10240.000 2.991
10245.000 2.560
10250.000 2.380
10255.000 2.108
10260.000 1.999
10265.000 1.820
10270.000 1.679
10275.000 1.616
10280.000 1.505
10285.000 1.462
10290.000 1.371
10295.000 1.296
10300.000 1.267
10305.000 1.204
10310.000 1.178
10315.000 1.131
10320.000 1.092
10325.000 1.074
10330.000 1.048
10335.000 1.037
10340.000 1.019
10345.000 0.998
10350.000 0.994
10355.000 0.985
10360.000 0.982
10365.000 0.980
10370.000 0.980
10375.000 0.979
10380.000 0.998
10385.000 0.999
10390.000 1.015
10395.000 1.033
10400.000 1.044
10405.000 1.073
10410.000 1.091
10415.000 1.134
10420.000 1.187
10425.000 1.215
10430.000 1.281
10435.000 1.317
10440.000 1.390
10445.000 1.483
10450.000 1.539
10455.000 1.676
10460.000 1.758
10465.000 1.958
10470.000 2.075
10475.000 2.340
10480.000 2.630
10485.000 2.778
10490.000 3.032
10495.000 3.125
10500.000 3.172
10505.000 3.026
10510.000 2.905
10515.000 2.627
10520.000 2.496
10525.000 2.265
10530.000 2.042
10535.000 1.941
10540.000 1.753
10545.000 1.673
10550.000 1.531
10555.000 1.397
10560.000 1.344
10565.000 1.243
10570.000 1.193
10575.000 1.106
10580.000 1.036
10585.000 1.004
10590.000 0.951
10595.000 0.925
10600.000 0.879
10605.000 0.836
10610.000 0.817
10615.000 0.789
10620.000 0.769
10625.000 0.736
10630.000 0.709
10635.000 0.695
10640.000 0.670
10645.000 0.656
10650.000 0.633
10655.000 0.616
10660.000 0.608
10665.000 0.587
10670.000 0.577
10675.000 0.565
10680.000 0.547
10685.000 0.539
10690.000 0.527
10695.000 0.522
10700.000 0.513
10705.000 0.499
10710.000 0.498
10715.000 0.491
10720.000 0.485
10725.000 0.473
10730.000 0.466
10735.000 0.460
10740.000 0.450
10745.000 0.446
10750.000 0.440
10755.000 0.431
10760.000 0.429
10765.000 0.423
10770.000 0.421
10775.000 0.409
10780.000 0.402
10785.000 0.398
10790.000 0.396
10795.000 0.394
10800.000 0.394
10805.000 0.386
10810.000 0.384
10815.000 0.383
10820.000 0.378
10825.000 0.374
10830.000 0.373
10835.000 0.371
10840.000 0.366
10845.000 0.363
10850.000 0.359
10855.000 0.361
10860.000 0.355
10865.000 0.351
10870.000 0.349
10875.000 0.347
10880.000 0.345
10885.000 0.347
10890.000 0.343
10895.000 0.341
10900.000 0.341
10905.000 0.341
10910.000 0.341
10915.000 0.342
10920.000 0.339
10925.000 0.339
10930.000 0.337
10935.000 0.336
10940.000 0.335
10945.000 0.331
10950.000 0.323
10955.000 0.324
10960.000 0.318
10965.000 0.319
10970.000 0.325
10975.000 0.321
10980.000 0.317
10985.000 0.318
10990.000 0.314
10995.000 0.321
11000.000 0.316
11005.000 0.316
11010.000 0.314
11015.000 0.318
11020.000 0.316
11025.000 0.317
11030.000 0.322
11035.000 0.318
11040.000 0.330
11045.000 0.331
11050.000 0.329
11055.000 0.317
11060.000 0.312
11065.000 0.308
11070.000 0.305
11075.000 0.300
11080.000 0.304
11085.000 0.303
11090.000 0.304
11095.000 0.301
11100.000 0.303
11105.000 0.302
11110.000 0.301
11115.000 0.298
11120.000 0.301
11125.000 0.298
11130.000 0.301
11135.000 0.298
11140.000 0.299
11145.000 0.297
11150.000 0.293
11155.000 0.292
11160.000 0.294
11165.000 0.293
11170.000 0.294
11175.000 0.292
11180.000 0.294
11185.000 0.293
11190.000 0.292
11195.000 0.292
11200.000 0.287
11205.000 0.289
11210.000 0.292
11215.000 0.289
11220.000 0.290
11225.000 0.288
11230.000 0.290
11235.000 0.288
11240.000 0.287
11245.000 0.286
11250.000 0.288
11255.000 0.287
11260.000 0.285
11265.000 0.285
11270.000 0.285
11275.000 0.279
11280.000 0.279
11285.000 0.286
11290.000 0.289
11295.000 0.286
11300.000 0.283
11305.000 0.283
11310.000 0.281
11315.000 0.283
11320.000 0.282
11325.000 0.278
11330.000 0.283
11335.000 0.281
11340.000 0.284
11345.000 0.281
11350.000 0.281
11355.000 0.279
11360.000 0.278
11365.000 0.276
11370.000 0.276
11375.000 0.281
11380.000 0.281
11385.000 0.284
11390.000 0.276
11395.000 0.276
11400.000 0.279
11405.000 0.276
11410.000 0.277
11415.000 0.277
11420.000 0.276
11425.000 0.273
11430.000 0.275
11435.000 0.272
11440.000 0.275
11445.000 0.277
11450.000 0.275
11455.000 0.275
11460.000 0.273
11465.000 0.272
11470.000 0.273
11475.000 0.271
11480.000 0.271
11485.000 0.271
11490.000 0.275
11495.000 0.277
11500.000 0.275
11505.000 0.274
11510.000 0.276
11515.000 0.276
11520.000 0.274
11525.000 0.271
11530.000 0.271
11535.000 0.270
11540.000 0.270
11545.000 0.272
11550.000 0.270
11555.000 0.271
11560.000 0.269
11565.000 0.270
11570.000 0.271
11575.000 0.268
11580.000 0.268
11585.000 0.272
11590.000 0.266
11595.000 0.269
11600.000 0.267
11605.000 0.267
11610.000 0.269
11615.000 0.267
11620.000 0.263
11625.000 0.264
11630.000 0.267
11635.000 0.269
11640.000 0.267
11645.000 0.267
11650.000 0.265
11655.000 0.268
11660.000 0.266
11665.000 0.266
11670.000 0.264
11675.000 0.268
11680.000 0.265
11685.000 0.268
11690.000 0.267
11695.000 0.269
11700.000 0.265
11705.000 0.265
11710.000 0.266
11715.000 0.265
11720.000 0.265
11725.000 0.267
11730.000 0.265
11735.000 0.265
11740.000 0.264
11745.000 0.268
11750.000 0.266
11755.000 0.265
11760.000 0.264
11765.000 0.261
11770.000 0.262
11775.000 0.262
11780.000 0.262
11785.000 0.262
11790.000 0.260
11795.000 0.263
11800.000 0.265
11805.000 0.261
11810.000 0.260
11815.000 0.262
11820.000 0.260
11825.000 0.260
11830.000 0.259
11835.000 0.257
11840.000 0.258
11845.000 0.259
11850.000 0.257
11855.000 0.258
11860.000 0.256
11865.000 0.255
11870.000 0.256
11875.000 0.256
11880.000 0.258
11885.000 0.257
11890.000 0.258
11895.000 0.257
11900.000 0.256
11905.000 0.257
11910.000 0.260
11915.000 0.258
11920.000 0.259
11925.000 0.257
11930.000 0.256
11935.000 0.256
11940.000 0.256
11945.000 0.258
11950.000 0.259
11955.000 0.261
11960.000 0.260
11965.000 0.329
11970.000 0.353
11975.000 0.327
11980.000 0.316
11985.000 0.294
11990.000 0.287
11995.000 0.273
12000.000 0.261
