105.000 0.040
110.000 0.484
115.000 1.575
120.000 2.768
125.000 3.946
130.000 4.326
135.000 4.587
140.000 4.738
145.000 4.773
150.000 4.729
155.000 4.535
160.000 4.379
165.000 4.418
170.000 4.463
175.000 4.778
180.000 4.876
185.000 5.365
190.000 5.744
195.000 6.853
200.000 7.751
205.000 10.001
210.000 12.852
215.000 14.309
220.000 17.501
225.000 19.163
230.000 23.493
235.000 28.472
240.000 31.382
245.000 36.628
250.000 39.581
255.000 38.617
260.000 36.123
265.000 28.513
270.000 23.191
275.000 19.990
280.000 18.543
285.000 15.784
290.000 14.565
295.000 12.900
300.000 11.572
305.000 11.125
310.000 10.498
315.000 10.299
320.000 10.060
325.000 10.074
330.000 10.100
335.000 10.377
340.000 10.573
345.000 11.163
350.000 11.792
355.000 12.252
360.000 13.115
365.000 13.646
370.000 14.658
375.000 15.887
380.000 16.610
385.000 18.243
390.000 19.189
395.000 21.358
400.000 23.681
405.000 25.033
410.000 27.970
415.000 29.529
420.000 32.845
425.000 36.713
430.000 38.580
435.000 42.660
440.000 44.615
445.000 48.351
450.000 50.142
455.000 53.823
460.000 55.650
465.000 59.767
470.000 64.527
475.000 66.724
480.000 66.562
485.000 64.292
490.000 63.562
495.000 62.678
500.000 60.744
505.000 47.149
510.000 34.999
515.000 31.038
520.000 24.667
525.000 22.091
530.000 17.821
535.000 14.430
540.000 13.061
545.000 10.769
550.000 9.864
555.000 8.308
560.000 7.685
565.000 6.649
570.000 5.767
575.000 5.485
580.000 4.934
585.000 4.468
590.000 4.282
595.000 3.958
600.000 3.827
605.000 3.592
610.000 3.415
615.000 3.334
620.000 3.210
625.000 3.157
630.000 3.082
635.000 3.040
640.000 3.032
645.000 3.063
650.000 3.090
655.000 3.200
660.000 3.369
665.000 3.490
670.000 3.831
675.000 4.042
680.000 4.708
685.000 5.156
690.000 6.916
695.000 10.026
700.000 12.389
705.000 17.971
710.000 22.122
715.000 21.891
720.000 15.073
725.000 11.525
730.000 7.300
735.000 5.108
740.000 4.395
745.000 3.346
750.000 2.961
755.000 2.390
760.000 1.981
765.000 1.822
770.000 1.580
775.000 1.487
780.000 1.317
785.000 1.197
790.000 1.147
795.000 1.043
800.000 0.987
805.000 0.920
810.000 0.888
815.000 0.838
820.000 0.791
825.000 0.765
830.000 0.731
835.000 0.700
840.000 0.689
845.000 0.674
850.000 0.671
855.000 0.673
860.000 0.668
865.000 0.678
870.000 0.690
875.000 0.700
880.000 0.728
885.000 0.747
890.000 0.791
895.000 0.868
900.000 0.905
905.000 1.013
910.000 1.169
915.000 1.281
920.000 1.403
925.000 1.764
930.000 2.302
935.000 3.076
940.000 3.385
945.000 3.424
950.000 2.587
955.000 1.780
960.000 1.318
965.000 1.163
970.000 0.939
975.000 0.855
980.000 0.734
985.000 0.637
990.000 0.599
995.000 0.537
1000.000 0.520
1005.000 0.476
1010.000 0.447
1015.000 0.432
1020.000 0.426
1025.000 0.404
1030.000 0.397
1035.000 0.388
1040.000 0.389
1045.000 0.386
1050.000 0.379
1055.000 0.380
1060.000 0.377
1065.000 0.363
1070.000 0.368
1075.000 0.381
1080.000 0.387
1085.000 0.398
1090.000 0.412
1095.000 0.444
1100.000 0.461
1105.000 0.505
1110.000 0.513
1115.000 0.581
1120.000 0.621
1125.000 0.726
1130.000 0.882
1135.000 0.992
1140.000 1.298
1145.000 1.804
1150.000 2.087
1155.000 2.292
1160.000 2.066
1165.000 1.447
1170.000 1.058
1175.000 0.921
1180.000 0.727
1185.000 0.663
1190.000 0.563
1195.000 0.493
1200.000 0.471
1205.000 0.421
1210.000 0.406
1215.000 0.385
1220.000 0.358
1225.000 0.353
1230.000 0.341
1235.000 0.337
1240.000 0.331
1245.000 0.331
1250.000 0.332
1255.000 0.336
1260.000 0.340
1265.000 0.349
1270.000 0.368
1275.000 0.375
1280.000 0.402
1285.000 0.413
1290.000 0.453
1295.000 0.501
1300.000 0.532
1305.000 0.611
1310.000 0.664
1315.000 0.805
1320.000 1.036
1325.000 1.228
1330.000 1.743
1335.000 2.089
1340.000 2.932
1345.000 3.772
1350.000 4.023
1355.000 3.698
1360.000 3.187
1365.000 2.284
1370.000 1.708
1375.000 1.510
1380.000 1.348
1385.000 1.114
1390.000 0.956
1395.000 0.843
1400.000 0.804
1405.000 0.741
1410.000 0.722
1415.000 0.687
1420.000 0.658
1425.000 0.646
1430.000 0.639
1435.000 0.629
1440.000 0.631
1445.000 0.636
1450.000 0.641
1455.000 0.660
1460.000 0.675
1465.000 0.704
1470.000 0.722
1475.000 0.763
1480.000 0.813
1485.000 0.841
1490.000 0.912
1495.000 1.010
1500.000 1.074
1505.000 1.254
1510.000 1.369
1515.000 1.721
1520.000 1.969
1525.000 2.635
1530.000 3.592
1535.000 4.131
1540.000 5.107
1545.000 5.365
1550.000 4.877
1555.000 3.591
1560.000 3.032
1565.000 2.230
1570.000 1.947
1575.000 1.550
1580.000 1.282
1585.000 1.182
1590.000 1.032
1595.000 0.932
1600.000 0.904
1605.000 0.890
1610.000 0.850
1615.000 0.835
1620.000 0.839
1625.000 0.859
1630.000 0.903
1635.000 0.932
1640.000 0.987
1645.000 1.126
1650.000 1.382
1655.000 1.592
1660.000 1.726
1665.000 1.791
1670.000 1.583
1675.000 1.174
1680.000 0.875
1685.000 0.772
1690.000 0.642
1695.000 0.597
1700.000 0.532
1705.000 0.487
1710.000 0.471
1715.000 0.435
1720.000 0.419
1725.000 0.393
1730.000 0.375
1735.000 0.369
1740.000 0.356
1745.000 0.349
1750.000 0.340
1755.000 0.343
1760.000 0.343
1765.000 0.347
1770.000 0.350
1775.000 0.358
1780.000 0.363
1785.000 0.380
1790.000 0.402
1795.000 0.422
1800.000 0.460
1805.000 0.498
1810.000 0.525
1815.000 0.590
1820.000 0.635
1825.000 0.726
1830.000 0.770
1835.000 0.746
1840.000 0.590
1845.000 0.486
1850.000 0.350
1855.000 0.295
1860.000 0.221
1865.000 0.191
1870.000 0.171
1875.000 0.160
1880.000 0.149
1885.000 0.150
1890.000 0.144
1895.000 0.144
1900.000 0.144
1905.000 0.143
1910.000 0.143
1915.000 0.142
1920.000 0.146
1925.000 0.150
1930.000 0.147
1935.000 0.148
1940.000 0.154
1945.000 0.154
1950.000 0.159
1955.000 0.158
1960.000 0.157
1965.000 0.160
1970.000 0.153
1975.000 0.164
1980.000 0.165
1985.000 0.157
1990.000 0.167
1995.000 0.157
2000.000 0.160
2005.000 0.160
2010.000 0.170
2015.000 0.163
2020.000 0.159
2025.000 0.162
2030.000 0.173
2035.000 0.173
2040.000 0.175
2045.000 0.177
2050.000 0.170
2055.000 0.166
2060.000 0.166
2065.000 0.176
2070.000 0.170
2075.000 0.169
2080.000 0.168
2085.000 0.175
2090.000 0.174
2095.000 0.172
2100.000 0.174
2105.000 0.173
2110.000 0.172
2115.000 0.171
2120.000 0.171
2125.000 0.170
2130.000 0.170
2135.000 0.168
2140.000 0.170
2145.000 0.171
2150.000 0.172
2155.000 0.169
2160.000 0.170
2165.000 0.170
2170.000 0.171
2175.000 0.165
2180.000 0.168
2185.000 0.166
2190.000 0.168
2195.000 0.169
2200.000 0.167
2205.000 0.166
2210.000 0.166
2215.000 0.167
2220.000 0.169
2225.000 0.167
2230.000 0.169
2235.000 0.169
2240.000 0.167
2245.000 0.168
2250.000 0.174
2255.000 0.171
2260.000 0.173
2265.000 0.176
2270.000 0.176
2275.000 0.175
2280.000 0.173
2285.000 0.174
2290.000 0.174
2295.000 0.173
2300.000 0.177
2305.000 0.177
2310.000 0.178
2315.000 0.175
2320.000 0.177
2325.000 0.178
2330.000 0.179
2335.000 0.178
2340.000 0.177
2345.000 0.178
2350.000 0.178
2355.000 0.178
2360.000 0.174
2365.000 0.178
2370.000 0.177
2375.000 0.175
2380.000 0.178
2385.000 0.180
2390.000 0.177
2395.000 0.180
2400.000 0.177
2405.000 0.182
2410.000 0.179
2415.000 0.181
2420.000 0.179
2425.000 0.181
2430.000 0.180
2435.000 0.179
2440.000 0.180
2445.000 0.182
2450.000 0.183
2455.000 0.183
2460.000 0.183
2465.000 0.184
2470.000 0.184
2475.000 0.186
2480.000 0.182
2485.000 0.186
2490.000 0.186
2495.000 0.187
2500.000 0.187
2505.000 0.190
2510.000 0.191
2515.000 0.188
2520.000 0.190
2525.000 0.195
2530.000 0.193
2535.000 0.192
2540.000 0.196
2545.000 0.193
2550.000 0.191
2555.000 0.191
2560.000 0.192
2565.000 0.194
2570.000 0.194
2575.000 0.199
2580.000 0.195
2585.000 0.197
2590.000 0.196
2595.000 0.196
2600.000 0.196
2605.000 0.200
2610.000 0.199
2615.000 0.195
2620.000 0.196
2625.000 0.198
2630.000 0.198
2635.000 0.201
2640.000 0.203
2645.000 0.200
2650.000 0.201
2655.000 0.202
2660.000 0.202
2665.000 0.205
2670.000 0.203
2675.000 0.206
2680.000 0.203
2685.000 0.205
2690.000 0.207
2695.000 0.207
2700.000 0.203
2705.000 0.204
2710.000 0.206
2715.000 0.205
2720.000 0.205
2725.000 0.207
2730.000 0.208
2735.000 0.206
2740.000 0.204
2745.000 0.200
2750.000 0.208
2755.000 0.206
2760.000 0.203
2765.000 0.206
2770.000 0.206
2775.000 0.206
2780.000 0.202
2785.000 0.196
2790.000 0.197
2795.000 0.203
2800.000 0.202
2805.000 0.199
2810.000 0.200
2815.000 0.199
2820.000 0.204
2825.000 0.203
2830.000 0.204
2835.000 0.200
2840.000 0.204
2845.000 0.200
2850.000 0.197
2855.000 0.198
2860.000 0.205
2865.000 0.203
2870.000 0.201
2875.000 0.200
2880.000 0.203
2885.000 0.203
2890.000 0.205
2895.000 0.202
2900.000 0.200
2905.000 0.202
2910.000 0.202
2915.000 0.204
2920.000 0.202
2925.000 0.204
2930.000 0.205
2935.000 0.204
2940.000 0.198
2945.000 0.204
2950.000 0.201
2955.000 0.200
2960.000 0.204
2965.000 0.208
2970.000 0.211
2975.000 0.210
2980.000 0.209
2985.000 0.213
2990.000 0.200
2995.000 0.205
3000.000 0.200
3005.000 0.201
3010.000 0.211
3015.000 0.203
3020.000 0.205
3025.000 0.199
3030.000 0.218
3035.000 0.198
3040.000 0.204
3045.000 0.204
3050.000 0.207
3055.000 0.212
3060.000 0.210
3065.000 0.201
3070.000 0.205
3075.000 0.206
3080.000 0.202
3085.000 0.204
3090.000 0.201
3095.000 0.201
3100.000 0.206
3105.000 0.202
3110.000 0.200
3115.000 0.200
3120.000 0.200
3125.000 0.200
3130.000 0.202
3135.000 0.201
3140.000 0.198
3145.000 0.198
3150.000 0.201
3155.000 0.199
3160.000 0.197
3165.000 0.201
3170.000 0.200
3175.000 0.199
3180.000 0.202
3185.000 0.202
3190.000 0.198
3195.000 0.200
3200.000 0.198
3205.000 0.199
3210.000 0.202
3215.000 0.202
3220.000 0.204
3225.000 0.199
3230.000 0.200
3235.000 0.201
3240.000 0.200
3245.000 0.200
3250.000 0.201
3255.000 0.200
3260.000 0.204
3265.000 0.201
3270.000 0.201
3275.000 0.201
3280.000 0.202
3285.000 0.205
3290.000 0.199
3295.000 0.198
3300.000 0.199
3305.000 0.204
3310.000 0.201
3315.000 0.202
3320.000 0.202
3325.000 0.199
3330.000 0.202
3335.000 0.205
3340.000 0.204
3345.000 0.207
3350.000 0.206
3355.000 0.209
3360.000 0.211
3365.000 0.215
3370.000 0.220
3375.000 0.225
3380.000 0.242
3385.000 0.262
3390.000 0.278
3395.000 0.324
3400.000 0.366
3405.000 0.517
3410.000 0.827
3415.000 1.098
3420.000 1.900
3425.000 2.479
3430.000 4.027
3435.000 6.051
3440.000 7.089
3445.000 8.247
3450.000 8.162
3455.000 7.548
3460.000 6.670
3465.000 6.059
3470.000 4.620
3475.000 3.943
3480.000 2.808
3485.000 2.032
3490.000 1.762
3495.000 1.364
3500.000 1.226
3505.000 1.035
3510.000 0.915
3515.000 0.874
3520.000 0.821
3525.000 0.807
3530.000 0.817
3535.000 0.854
3540.000 0.886
3545.000 0.963
3550.000 1.023
3555.000 1.195
3560.000 1.312
3565.000 1.678
3570.000 2.297
3575.000 2.760
3580.000 4.070
3585.000 5.920
3590.000 6.946
3595.000 8.679
3600.000 9.035
3605.000 8.236
3610.000 6.157
3615.000 5.276
3620.000 4.561
3625.000 3.530
3630.000 2.876
3635.000 2.481
3640.000 2.352
3645.000 2.187
3650.000 2.145
3655.000 2.132
3660.000 2.257
3665.000 2.368
3670.000 2.675
3675.000 2.834
3680.000 2.980
3685.000 2.768
3690.000 2.572
3695.000 2.084
3700.000 1.797
3705.000 1.448
3710.000 1.310
3715.000 1.097
3720.000 1.016
3725.000 0.886
3730.000 0.798
3735.000 0.764
3740.000 0.710
3745.000 0.665
3750.000 0.648
3755.000 0.619
3760.000 0.613
3765.000 0.601
3770.000 0.606
3775.000 0.612
3780.000 0.640
3785.000 0.655
3790.000 0.703
3795.000 0.772
3800.000 0.808
3805.000 0.922
3810.000 1.000
3815.000 1.223
3820.000 1.386
3825.000 1.859
3830.000 2.601
3835.000 3.074
3840.000 3.986
3845.000 4.316
3850.000 4.076
3855.000 3.050
3860.000 2.569
3865.000 1.852
3870.000 1.605
3875.000 1.255
3880.000 1.031
3885.000 0.953
3890.000 0.830
3895.000 0.759
3900.000 0.732
3905.000 0.697
3910.000 0.686
3915.000 0.665
3920.000 0.667
3925.000 0.666
3930.000 0.673
3935.000 0.682
3940.000 0.705
3945.000 0.741
3950.000 0.771
3955.000 0.844
3960.000 0.893
3965.000 1.018
3970.000 1.177
3975.000 1.266
3980.000 1.361
3985.000 1.331
3990.000 1.171
3995.000 0.926
4000.000 0.820
4005.000 0.747
4010.000 0.616
4015.000 0.543
4020.000 0.490
4025.000 0.466
4030.000 0.445
4035.000 0.431
4040.000 0.438
4045.000 0.438
4050.000 0.444
4055.000 0.481
4060.000 0.491
4065.000 0.566
4070.000 0.673
4075.000 0.749
4080.000 0.945
4085.000 1.058
4090.000 1.220
4095.000 1.257
4100.000 1.127
4105.000 1.006
4110.000 0.773
4115.000 0.609
4120.000 0.504
4125.000 0.473
4130.000 0.417
4135.000 0.393
4140.000 0.359
4145.000 0.334
4150.000 0.324
4155.000 0.314
4160.000 0.295
4165.000 0.285
4170.000 0.276
4175.000 0.274
4180.000 0.270
4185.000 0.264
4190.000 0.261
4195.000 0.260
4200.000 0.258
4205.000 0.255
4210.000 0.254
4215.000 0.247
4220.000 0.239
4225.000 0.222
4230.000 0.212
4235.000 0.173
4240.000 0.122
4245.000 0.107
4250.000 0.121
4255.000 0.159
4260.000 0.183
4265.000 0.235
4270.000 0.282
4275.000 0.308
4280.000 0.326
4285.000 0.340
4290.000 0.302
4295.000 0.261
4300.000 0.245
4305.000 0.226
4310.000 0.218
4315.000 0.211
4320.000 0.210
4325.000 0.207
4330.000 0.203
4335.000 0.201
4340.000 0.198
4345.000 0.197
4350.000 0.200
4355.000 0.200
4360.000 0.200
4365.000 0.199
4370.000 0.199
4375.000 0.198
4380.000 0.197
4385.000 0.200
4390.000 0.199
4395.000 0.197
4400.000 0.196
4405.000 0.196
4410.000 0.197
4415.000 0.196
4420.000 0.199
4425.000 0.201
4430.000 0.200
4435.000 0.198
4440.000 0.200
4445.000 0.195
4450.000 0.200
4455.000 0.199
4460.000 0.199
4465.000 0.203
4470.000 0.202
4475.000 0.199
4480.000 0.200
4485.000 0.200
4490.000 0.202
4495.000 0.203
4500.000 0.202
4505.000 0.204
4510.000 0.203
4515.000 0.202
4520.000 0.201
4525.000 0.206
4530.000 0.234
4535.000 0.230
4540.000 0.227
4545.000 0.223
4550.000 0.219
4555.000 0.215
4560.000 0.211
4565.000 0.210
4570.000 0.209
4575.000 0.207
4580.000 0.208
4585.000 0.205
4590.000 0.203
4595.000 0.203
4600.000 0.206
4605.000 0.205
4610.000 0.201
4615.000 0.202
4620.000 0.206
4625.000 0.203
4630.000 0.204
4635.000 0.203
4640.000 0.203
4645.000 0.204
4650.000 0.205
4655.000 0.203
4660.000 0.203
4665.000 0.206
4670.000 0.205
4675.000 0.207
4680.000 0.209
4685.000 0.209
4690.000 0.205
4695.000 0.208
4700.000 0.206
4705.000 0.203
4710.000 0.206
4715.000 0.205
4720.000 0.206
4725.000 0.206
4730.000 0.205
4735.000 0.206
4740.000 0.205
4745.000 0.210
4750.000 0.209
4755.000 0.207
4760.000 0.207
4765.000 0.208
4770.000 0.209
4775.000 0.208
4780.000 0.209
4785.000 0.209
4790.000 0.209
4795.000 0.210
4800.000 0.209
4805.000 0.213
4810.000 0.210
4815.000 0.213
4820.000 0.210
4825.000 0.210
4830.000 0.208
4835.000 0.210
4840.000 0.210
4845.000 0.211
4850.000 0.209
4855.000 0.213
4860.000 0.215
4865.000 0.216
4870.000 0.215
4875.000 0.212
4880.000 0.214
4885.000 0.217
4890.000 0.214
4895.000 0.214
4900.000 0.214
4905.000 0.215
4910.000 0.216
4915.000 0.217
4920.000 0.215
4925.000 0.216
4930.000 0.216
4935.000 0.214
4940.000 0.219
4945.000 0.218
4950.000 0.220
4955.000 0.217
4960.000 0.219
4965.000 0.221
4970.000 0.217
4975.000 0.214
4980.000 0.216
4985.000 0.214
4990.000 0.225
4995.000 0.217
5000.000 0.220
5005.000 0.214
5010.000 0.211
5015.000 0.211
5020.000 0.222
5025.000 0.217
5030.000 0.224
5035.000 0.212
5040.000 0.218
5045.000 0.218
5050.000 0.218
5055.000 0.226
5060.000 0.225
5065.000 0.219
5070.000 0.221
5075.000 0.221
5080.000 0.219
5085.000 0.217
5090.000 0.220
5095.000 0.219
5100.000 0.214
5105.000 0.215
5110.000 0.215
5115.000 0.216
5120.000 0.216
5125.000 0.221
5130.000 0.219
5135.000 0.230
5140.000 0.231
5145.000 0.227
5150.000 0.224
5155.000 0.224
5160.000 0.223
5165.000 0.224
5170.000 0.225
5175.000 0.224
5180.000 0.225
5185.000 0.224
5190.000 0.226
5195.000 0.223
5200.000 0.226
5205.000 0.230
5210.000 0.230
5215.000 0.228
5220.000 0.223
5225.000 0.225
5230.000 0.227
5235.000 0.221
5240.000 0.222
5245.000 0.224
5250.000 0.226
5255.000 0.230
5260.000 0.229
5265.000 0.225
5270.000 0.226
5275.000 0.231
5280.000 0.240
5285.000 0.233
5290.000 0.230
5295.000 0.232
5300.000 0.234
5305.000 0.233
5310.000 0.229
5315.000 0.231
5320.000 0.232
5325.000 0.232
5330.000 0.244
5335.000 0.247
5340.000 0.249
5345.000 0.245
5350.000 0.246
5355.000 0.245
5360.000 0.243
5365.000 0.240
5370.000 0.235
5375.000 0.231
5380.000 0.232
5385.000 0.230
5390.000 0.232
5395.000 0.228
5400.000 0.231
5405.000 0.232
5410.000 0.227
5415.000 0.227
5420.000 0.227
5425.000 0.229
5430.000 0.229
5435.000 0.226
5440.000 0.227
5445.000 0.228
5450.000 0.229
5455.000 0.230
5460.000 0.229
5465.000 0.226
5470.000 0.227
5475.000 0.229
5480.000 0.226
5485.000 0.230
5490.000 0.229
5495.000 0.228
5500.000 0.230
5505.000 0.230
5510.000 0.234
5515.000 0.233
5520.000 0.237
5525.000 0.238
5530.000 0.237
5535.000 0.238
5540.000 0.238
5545.000 0.234
5550.000 0.232
5555.000 0.234
5560.000 0.233
5565.000 0.233
5570.000 0.232
5575.000 0.233
5580.000 0.231
5585.000 0.232
5590.000 0.230
5595.000 0.233
5600.000 0.233
5605.000 0.236
5610.000 0.237
5615.000 0.236
5620.000 0.234
5625.000 0.238
5630.000 0.237
5635.000 0.234
5640.000 0.238
5645.000 0.234
5650.000 0.239
5655.000 0.240
5660.000 0.240
5665.000 0.238
5670.000 0.239
5675.000 0.236
5680.000 0.237
5685.000 0.238
5690.000 0.239
5695.000 0.238
5700.000 0.240
5705.000 0.239
5710.000 0.244
5715.000 0.237
5720.000 0.238
5725.000 0.236
5730.000 0.235
5735.000 0.235
5740.000 0.236
5745.000 0.239
5750.000 0.237
5755.000 0.240
5760.000 0.238
5765.000 0.242
5770.000 0.238
5775.000 0.239
5780.000 0.239
5785.000 0.240
5790.000 0.237
5795.000 0.238
5800.000 0.238
5805.000 0.243
5810.000 0.243
5815.000 0.244
5820.000 0.244
5825.000 0.247
5830.000 0.246
5835.000 0.245
5840.000 0.241
5845.000 0.238
5850.000 0.239
5855.000 0.241
5860.000 0.242
5865.000 0.241
5870.000 0.245
5875.000 0.244
5880.000 0.243
5885.000 0.254
5890.000 0.253
5895.000 0.252
5900.000 0.251
5905.000 0.248
5910.000 0.248
5915.000 0.250
5920.000 0.256
5925.000 0.258
5930.000 0.273
5935.000 0.270
5940.000 0.262
5945.000 0.251
5950.000 0.251
5955.000 0.251
5960.000 0.246
5965.000 0.252
5970.000 0.240
5975.000 0.244
5980.000 0.249
5985.000 0.240
5990.000 0.253
5995.000 0.245
6000.000 0.247
6005.000 0.249
6010.000 0.244
6015.000 0.249
6020.000 0.259
6025.000 0.242
6030.000 0.241
6035.000 0.257
6040.000 0.251
6045.000 0.252
6050.000 0.256
6055.000 0.244
6060.000 0.241
6065.000 0.246
6070.000 0.255
6075.000 0.249
6080.000 0.249
6085.000 0.245
6090.000 0.249
6095.000 0.245
6100.000 0.248
6105.000 0.245
6110.000 0.243
6115.000 0.245
6120.000 0.245
6125.000 0.246
6130.000 0.245
6135.000 0.248
6140.000 0.250
6145.000 0.246
6150.000 0.248
6155.000 0.248
6160.000 0.247
6165.000 0.247
6170.000 0.245
6175.000 0.250
6180.000 0.247
6185.000 0.246
6190.000 0.246
6195.000 0.249
6200.000 0.247
6205.000 0.248
6210.000 0.244
6215.000 0.246
6220.000 0.247
6225.000 0.247
6230.000 0.248
6235.000 0.250
6240.000 0.250
6245.000 0.247
6250.000 0.246
6255.000 0.242
6260.000 0.246
6265.000 0.247
6270.000 0.252
6275.000 0.258
6280.000 0.254
6285.000 0.250
6290.000 0.249
6295.000 0.256
6300.000 0.251
6305.000 0.259
6310.000 0.258
6315.000 0.256
6320.000 0.253
6325.000 0.255
6330.000 0.252
6335.000 0.250
6340.000 0.247
6345.000 0.248
6350.000 0.252
6355.000 0.252
6360.000 0.253
6365.000 0.251
6370.000 0.249
6375.000 0.250
6380.000 0.252
6385.000 0.251
6390.000 0.248
6395.000 0.248
6400.000 0.250
6405.000 0.251
6410.000 0.252
6415.000 0.250
6420.000 0.250
6425.000 0.253
6430.000 0.252
6435.000 0.251
6440.000 0.251
6445.000 0.248
6450.000 0.248
6455.000 0.247
6460.000 0.248
6465.000 0.249
6470.000 0.247
6475.000 0.249
6480.000 0.252
6485.000 0.249
6490.000 0.251
6495.000 0.250
6500.000 0.253
6505.000 0.252
6510.000 0.252
6515.000 0.253
6520.000 0.254
6525.000 0.255
6530.000 0.252
6535.000 0.251
6540.000 0.252
6545.000 0.248
6550.000 0.247
6555.000 0.250
6560.000 0.253
6565.000 0.250
6570.000 0.248
6575.000 0.249
6580.000 0.251
6585.000 0.250
6590.000 0.251
6595.000 0.251
6600.000 0.250
6605.000 0.249
6610.000 0.246
6615.000 0.246
6620.000 0.249
6625.000 0.250
6630.000 0.247
6635.000 0.251
6640.000 0.248
6645.000 0.251
6650.000 0.252
6655.000 0.251
6660.000 0.248
6665.000 0.258
6670.000 0.256
6675.000 0.256
6680.000 0.255
6685.000 0.255
6690.000 0.250
6695.000 0.252
6700.000 0.248
6705.000 0.251
6710.000 0.248
6715.000 0.249
6720.000 0.251
6725.000 0.251
6730.000 0.250
6735.000 0.251
6740.000 0.254
6745.000 0.253
6750.000 0.254
6755.000 0.255
6760.000 0.255
6765.000 0.258
6770.000 0.264
6775.000 0.268
6780.000 0.272
6785.000 0.281
6790.000 0.295
6795.000 0.314
6800.000 0.329
6805.000 0.372
6810.000 0.408
6815.000 0.509
6820.000 0.643
6825.000 0.692
6830.000 0.680
6835.000 0.645
6840.000 0.564
6845.000 0.520
6850.000 0.500
6855.000 0.475
6860.000 0.476
6865.000 0.484
6870.000 0.487
6875.000 0.500
6880.000 0.528
6885.000 0.546
6890.000 0.587
6895.000 0.654
6900.000 0.700
6905.000 0.841
6910.000 0.937
6915.000 1.203
6920.000 1.400
6925.000 1.806
6930.000 2.243
6935.000 2.364
6940.000 2.316
6945.000 1.920
6950.000 1.744
6955.000 1.454
6960.000 1.353
6965.000 1.226
6970.000 1.194
6975.000 1.119
6980.000 1.082
6985.000 0.971
6990.000 0.838
6995.000 0.755
7000.000 0.653
7005.000 0.602
7010.000 0.583
7015.000 0.554
7020.000 0.532
7025.000 0.542
7030.000 0.535
7035.000 0.533
7040.000 0.533
7045.000 0.541
7050.000 0.569
7055.000 0.598
7060.000 0.630
7065.000 0.710
7070.000 0.756
7075.000 0.857
7080.000 1.001
7085.000 1.083
7090.000 1.206
7095.000 1.221
7100.000 1.127
7105.000 0.914
7110.000 0.811
7115.000 0.653
7120.000 0.590
7125.000 0.502
7130.000 0.443
7135.000 0.417
7140.000 0.381
7145.000 0.370
7150.000 0.343
7155.000 0.331
7160.000 0.324
7165.000 0.327
7170.000 0.333
7175.000 0.366
7180.000 0.435
7185.000 0.491
7190.000 0.579
7195.000 0.599
7200.000 0.573
7205.000 0.532
7210.000 0.515
7215.000 0.494
7220.000 0.496
7225.000 0.503
7230.000 0.522
7235.000 0.532
7240.000 0.571
7245.000 0.592
7250.000 0.634
7255.000 0.644
7260.000 0.635
7265.000 0.583
7270.000 0.533
7275.000 0.438
7280.000 0.364
7285.000 0.338
7290.000 0.301
7295.000 0.285
7300.000 0.260
7305.000 0.247
7310.000 0.243
7315.000 0.223
7320.000 0.227
7325.000 0.213
7330.000 0.194
7335.000 0.185
7340.000 0.176
7345.000 0.149
7350.000 0.119
7355.000 0.111
7360.000 0.126
7365.000 0.191
7370.000 0.255
7375.000 0.372
7380.000 0.451
7385.000 0.459
7390.000 0.448
7395.000 0.416
7400.000 0.363
7405.000 0.323
7410.000 0.309
7415.000 0.283
7420.000 0.277
7425.000 0.264
7430.000 0.254
7435.000 0.254
7440.000 0.247
7445.000 0.246
7450.000 0.246
7455.000 0.246
7460.000 0.244
7465.000 0.245
7470.000 0.248
7475.000 0.248
7480.000 0.250
7485.000 0.250
7490.000 0.246
7495.000 0.247
7500.000 0.245
7505.000 0.246
7510.000 0.250
7515.000 0.252
7520.000 0.253
7525.000 0.254
7530.000 0.251
7535.000 0.248
7540.000 0.249
7545.000 0.249
7550.000 0.246
7555.000 0.249
7560.000 0.247
7565.000 0.249
7570.000 0.249
7575.000 0.247
7580.000 0.246
7585.000 0.247
7590.000 0.247
7595.000 0.245
7600.000 0.243
7605.000 0.249
7610.000 0.243
7615.000 0.243
7620.000 0.243
7625.000 0.243
7630.000 0.246
7635.000 0.241
7640.000 0.246
7645.000 0.242
7650.000 0.242
7655.000 0.243
7660.000 0.244
7665.000 0.251
7670.000 0.253
7675.000 0.254
7680.000 0.253
7685.000 0.253
7690.000 0.251
7695.000 0.249
7700.000 0.248
7705.000 0.245
7710.000 0.246
7715.000 0.244
7720.000 0.242
7725.000 0.242
7730.000 0.241
7735.000 0.244
7740.000 0.243
7745.000 0.244
7750.000 0.243
7755.000 0.243
7760.000 0.246
7765.000 0.245
7770.000 0.244
7775.000 0.242
7780.000 0.244
7785.000 0.243
7790.000 0.246
7795.000 0.248
7800.000 0.246
7805.000 0.245
7810.000 0.242
7815.000 0.245
7820.000 0.247
7825.000 0.245
7830.000 0.245
7835.000 0.243
7840.000 0.245
7845.000 0.240
7850.000 0.243
7855.000 0.244
7860.000 0.244
7865.000 0.243
7870.000 0.240
7875.000 0.243
7880.000 0.243
7885.000 0.240
7890.000 0.244
7895.000 0.243
7900.000 0.243
7905.000 0.244
7910.000 0.242
7915.000 0.241
7920.000 0.245
7925.000 0.241
7930.000 0.241
7935.000 0.243
7940.000 0.238
7945.000 0.240
7950.000 0.243
7955.000 0.246
7960.000 0.239
7965.000 0.238
7970.000 0.242
7975.000 0.245
7980.000 0.250
7985.000 0.250
7990.000 0.239
7995.000 0.244
8000.000 0.246
8005.000 0.246
8010.000 0.254
8015.000 0.247
8020.000 0.239
8025.000 0.246
8030.000 0.254
8035.000 0.250
8040.000 0.251
8045.000 0.252
8050.000 0.245
8055.000 0.244
8060.000 0.244
8065.000 0.246
8070.000 0.245
8075.000 0.243
8080.000 0.247
8085.000 0.241
8090.000 0.245
8095.000 0.246
8100.000 0.245
8105.000 0.243
8110.000 0.243
8115.000 0.242
8120.000 0.241
8125.000 0.242
8130.000 0.243
8135.000 0.248
8140.000 0.246
8145.000 0.249
8150.000 0.246
8155.000 0.248
8160.000 0.245
8165.000 0.248
8170.000 0.254
8175.000 0.252
8180.000 0.248
8185.000 0.249
8190.000 0.248
8195.000 0.249
8200.000 0.247
8205.000 0.246
8210.000 0.247
8215.000 0.248
8220.000 0.246
8225.000 0.250
8230.000 0.250
8235.000 0.246
8240.000 0.246
8245.000 0.243
8250.000 0.242
8255.000 0.250
8260.000 0.252
8265.000 0.250
8270.000 0.248
8275.000 0.246
8280.000 0.248
8285.000 0.250
8290.000 0.252
8295.000 0.249
8300.000 0.250
8305.000 0.246
8310.000 0.252
8315.000 0.252
8320.000 0.250
8325.000 0.251
8330.000 0.250
8335.000 0.258
8340.000 0.258
8345.000 0.256
8350.000 0.255
8355.000 0.252
8360.000 0.251
8365.000 0.253
8370.000 0.255
8375.000 0.249
8380.000 0.250
8385.000 0.248
8390.000 0.248
8395.000 0.248
8400.000 0.246
8405.000 0.246
8410.000 0.241
8415.000 0.248
8420.000 0.247
8425.000 0.247
8430.000 0.248
8435.000 0.249
8440.000 0.248
8445.000 0.248
8450.000 0.251
8455.000 0.253
8460.000 0.252
8465.000 0.249
8470.000 0.250
8475.000 0.250
8480.000 0.249
8485.000 0.250
8490.000 0.248
8495.000 0.250
8500.000 0.248
8505.000 0.248
8510.000 0.252
8515.000 0.251
8520.000 0.249
8525.000 0.251
8530.000 0.253
8535.000 0.253
8540.000 0.256
8545.000 0.252
8550.000 0.253
8555.000 0.249
8560.000 0.252
8565.000 0.251
8570.000 0.252
8575.000 0.250
8580.000 0.253
8585.000 0.252
8590.000 0.249
8595.000 0.251
8600.000 0.251
8605.000 0.254
8610.000 0.253
8615.000 0.252
8620.000 0.256
8625.000 0.253
8630.000 0.255
8635.000 0.253
8640.000 0.253
8645.000 0.252
8650.000 0.253
8655.000 0.253
8660.000 0.250
8665.000 0.251
8670.000 0.252
8675.000 0.253
8680.000 0.253
8685.000 0.252
8690.000 0.251
8695.000 0.250
8700.000 0.255
8705.000 0.254
8710.000 0.253
8715.000 0.255
8720.000 0.254
8725.000 0.254
8730.000 0.253
8735.000 0.257
8740.000 0.257
8745.000 0.249
8750.000 0.254
8755.000 0.258
8760.000 0.257
8765.000 0.254
8770.000 0.259
8775.000 0.259
8780.000 0.258
8785.000 0.257
8790.000 0.257
8795.000 0.259
8800.000 0.257
8805.000 0.253
8810.000 0.255
8815.000 0.256
8820.000 0.263
8825.000 0.278
8830.000 0.283
8835.000 0.279
8840.000 0.272
8845.000 0.266
8850.000 0.264
8855.000 0.263
8860.000 0.259
8865.000 0.259
8870.000 0.263
8875.000 0.263
8880.000 0.262
8885.000 0.261
8890.000 0.259
8895.000 0.257
8900.000 0.255
8905.000 0.258
8910.000 0.258
8915.000 0.256
8920.000 0.262
8925.000 0.265
8930.000 0.266
8935.000 0.262
8940.000 0.261
8945.000 0.265
8950.000 0.264
8955.000 0.259
8960.000 0.262
8965.000 0.258
8970.000 0.262
8975.000 0.259
8980.000 0.268
8985.000 0.269
8990.000 0.261
8995.000 0.261
9000.000 0.269
9005.000 0.257
9010.000 0.262
9015.000 0.258
9020.000 0.268
9025.000 0.266
9030.000 0.266
9035.000 0.262
9040.000 0.258
9045.000 0.257
9050.000 0.261
9055.000 0.261
9060.000 0.263
9065.000 0.258
9070.000 0.262
9075.000 0.260
9080.000 0.259
9085.000 0.263
9090.000 0.264
9095.000 0.265
9100.000 0.263
9105.000 0.260
9110.000 0.259
9115.000 0.265
9120.000 0.264
9125.000 0.261
9130.000 0.259
9135.000 0.263
9140.000 0.259
9145.000 0.264
9150.000 0.267
9155.000 0.263
9160.000 0.264
9165.000 0.260
9170.000 0.261
9175.000 0.260
9180.000 0.261
9185.000 0.260
9190.000 0.261
9195.000 0.256
9200.000 0.257
9205.000 0.258
9210.000 0.259
9215.000 0.257
9220.000 0.263
9225.000 0.262
9230.000 0.263
9235.000 0.263
9240.000 0.265
9245.000 0.264
9250.000 0.265
9255.000 0.261
9260.000 0.263
9265.000 0.265
9270.000 0.260
9275.000 0.261
9280.000 0.262
9285.000 0.262
9290.000 0.262
9295.000 0.261
9300.000 0.261
9305.000 0.263
9310.000 0.261
9315.000 0.260
9320.000 0.258
9325.000 0.261
9330.000 0.261
9335.000 0.262
9340.000 0.262
9345.000 0.262
9350.000 0.264
9355.000 0.265
9360.000 0.262
9365.000 0.263
9370.000 0.266
9375.000 0.267
9380.000 0.267
9385.000 0.264
9390.000 0.265
9395.000 0.264
9400.000 0.263
9405.000 0.264
9410.000 0.263
9415.000 0.265
9420.000 0.266
9425.000 0.264
9430.000 0.264
9435.000 0.263
9440.000 0.262
9445.000 0.264
9450.000 0.263
9455.000 0.266
9460.000 0.261
9465.000 0.263
9470.000 0.260
9475.000 0.260
9480.000 0.263
9485.000 0.263
9490.000 0.261
9495.000 0.261
9500.000 0.260
9505.000 0.262
9510.000 0.259
9515.000 0.262
9520.000 0.259
9525.000 0.262
9530.000 0.262
9535.000 0.262
9540.000 0.264
9545.000 0.264
9550.000 0.265
9555.000 0.262
9560.000 0.263
9565.000 0.267
9570.000 0.262
9575.000 0.264
9580.000 0.267
9585.000 0.266
9590.000 0.261
9595.000 0.264
9600.000 0.263
9605.000 0.262
9610.000 0.261
9615.000 0.263
9620.000 0.260
9625.000 0.259
9630.000 0.260
9635.000 0.262
9640.000 0.265
9645.000 0.263
9650.000 0.262
9655.000 0.262
9660.000 0.263
9665.000 0.260
9670.000 0.262
9675.000 0.264
9680.000 0.267
9685.000 0.266
9690.000 0.264
9695.000 0.263
9700.000 0.262
9705.000 0.263
9710.000 0.262
9715.000 0.262
9720.000 0.260
9725.000 0.262
9730.000 0.264
9735.000 0.263
9740.000 0.261
9745.000 0.263
9750.000 0.261
9755.000 0.260
9760.000 0.263
9765.000 0.265
9770.000 0.262
9775.000 0.262
9780.000 0.262
9785.000 0.265
9790.000 0.264
9795.000 0.266
9800.000 0.267
9805.000 0.264
9810.000 0.267
9815.000 0.269
9820.000 0.267
9825.000 0.265
9830.000 0.262
9835.000 0.262
9840.000 0.263
9845.000 0.262
9850.000 0.261
9855.000 0.261
9860.000 0.262
9865.000 0.260
9870.000 0.262
9875.000 0.261
9880.000 0.262
9885.000 0.261
9890.000 0.261
9895.000 0.260
9900.000 0.263
9905.000 0.260
9910.000 0.261
9915.000 0.263
9920.000 0.265
9925.000 0.264
9930.000 0.263
9935.000 0.258
9940.000 0.263
9945.000 0.262
9950.000 0.258
9955.000 0.264
9960.000 0.259
9965.000 0.257
9970.000 0.264
9975.000 0.261
9980.000 0.260
9985.000 0.263
9990.000 0.265
9995.000 0.269
10000.000 0.269
10005.000 0.260
10010.000 0.263
10015.000 0.263
10020.000 0.271
10025.000 0.263
10030.000 0.268
10035.000 0.262
10040.000 0.264
10045.000 0.268
10050.000 0.264
10055.000 0.267
10060.000 0.266
10065.000 0.265
10070.000 0.263
10075.000 0.264
10080.000 0.265
10085.000 0.264
10090.000 0.266
10095.000 0.263
10100.000 0.265
10105.000 0.266
10110.000 0.266
10115.000 0.263
10120.000 0.265
10125.000 0.273
10130.000 0.270
10135.000 0.270
10140.000 0.267
10145.000 0.267
10150.000 0.268
10155.000 0.266
10160.000 0.265
10165.000 0.262
10170.000 0.258
10175.000 0.236
10180.000 0.189
10185.000 0.156
10190.000 0.110
10195.000 0.133
10200.000 0.331
10205.000 0.577
10210.000 0.643
10215.000 0.686
10220.000 0.690
10225.000 0.669
10230.000 0.641
10235.000 0.628
10240.000 0.620
10245.000 0.596
10250.000 0.582
10255.000 0.580
10260.000 0.581
10265.000 0.584
10270.000 0.593
10275.000 0.605
10280.000 0.606
10285.000 0.589
10290.000 0.524
10295.000 0.483
10300.000 0.416
10305.000 0.402
10310.000 0.429
10315.000 0.517
10320.000 0.566
10325.000 0.602
10330.000 0.595
10335.000 0.559
10340.000 0.539
10345.000 0.513
10350.000 0.491
10355.000 0.482
10360.000 0.473
10365.000 0.467
10370.000 0.468
10375.000 0.464
10380.000 0.463
10385.000 0.473
10390.000 0.472
10395.000 0.485
10400.000 0.495
10405.000 0.504
10410.000 0.519
10415.000 0.526
10420.000 0.520
10425.000 0.494
10430.000 0.462
10435.000 0.381
10440.000 0.284
10445.000 0.233
10450.000 0.149
10455.000 0.117
10460.000 0.057
10465.000 0.036
10470.000 0.053
10475.000 0.131
10480.000 0.205
10485.000 0.389
10490.000 0.590
10495.000 0.681
10500.000 0.836
10505.000 0.881
10510.000 0.909
10515.000 0.893
10520.000 0.879
10525.000 0.845
10530.000 0.833
10535.000 0.799
10540.000 0.775
10545.000 0.756
10550.000 0.739
10555.000 0.692
10560.000 0.616
10565.000 0.509
10570.000 0.453
10575.000 0.350
10580.000 0.307
10585.000 0.252
10590.000 0.222
10595.000 0.210
10600.000 0.195
10605.000 0.196
10610.000 0.189
10615.000 0.191
10620.000 0.193
10625.000 0.201
10630.000 0.204
10635.000 0.222
10640.000 0.243
10645.000 0.257
10650.000 0.295
10655.000 0.310
10660.000 0.320
10665.000 0.311
10670.000 0.305
10675.000 0.285
10680.000 0.282
10685.000 0.267
10690.000 0.263
10695.000 0.261
10700.000 0.262
10705.000 0.259
10710.000 0.262
10715.000 0.260
10720.000 0.260
10725.000 0.261
10730.000 0.256
10735.000 0.263
10740.000 0.265
10745.000 0.263
10750.000 0.260
10755.000 0.259
10760.000 0.261
10765.000 0.262
10770.000 0.263
10775.000 0.260
10780.000 0.258
10785.000 0.256
10790.000 0.258
10795.000 0.261
10800.000 0.262
10805.000 0.262
10810.000 0.261
10815.000 0.266
10820.000 0.265
10825.000 0.264
10830.000 0.261
10835.000 0.259
10840.000 0.260
10845.000 0.263
10850.000 0.261
10855.000 0.259
10860.000 0.258
10865.000 0.257
10870.000 0.255
10875.000 0.258
10880.000 0.258
10885.000 0.258
10890.000 0.260
10895.000 0.259
10900.000 0.258
10905.000 0.261
10910.000 0.260
10915.000 0.259
10920.000 0.255
10925.000 0.260
10930.000 0.258
10935.000 0.260
10940.000 0.259
10945.000 0.264
10950.000 0.263
10955.000 0.261
10960.000 0.263
10965.000 0.260
10970.000 0.264
10975.000 0.262
10980.000 0.263
10985.000 0.266
10990.000 0.267
10995.000 0.269
11000.000 0.263
11005.000 0.268
11010.000 0.263
11015.000 0.262
11020.000 0.259
11025.000 0.264
11030.000 0.258
11035.000 0.266
11040.000 0.266
11045.000 0.262
11050.000 0.260
11055.000 0.258
11060.000 0.256
11065.000 0.260
11070.000 0.267
11075.000 0.261
11080.000 0.260
11085.000 0.258
11090.000 0.259
11095.000 0.259
11100.000 0.261
11105.000 0.259
11110.000 0.260
11115.000 0.257
11120.000 0.260
11125.000 0.259
11130.000 0.262
11135.000 0.261
11140.000 0.261
11145.000 0.257
11150.000 0.256
11155.000 0.256
11160.000 0.257
11165.000 0.260
11170.000 0.256
11175.000 0.256
11180.000 0.252
11185.000 0.255
11190.000 0.255
11195.000 0.257
11200.000 0.254
11205.000 0.254
11210.000 0.258
11215.000 0.256
11220.000 0.255
11225.000 0.256
11230.000 0.259
11235.000 0.256
11245.000 0.263
11250.000 0.261
11260.000 0.254
11265.000 0.258
11270.000 0.253
11275.000 0.253
11280.000 0.254
11285.000 0.254
11290.000 0.252
11295.000 0.254
11300.000 0.257
11305.000 0.257
11310.000 0.256
11315.000 0.260
11320.000 0.256
11325.000 0.256
11330.000 0.254
11335.000 0.253
11340.000 0.251
11345.000 0.254
11350.000 0.254
11355.000 0.256
11360.000 0.254
11365.000 0.255
11370.000 0.251
11375.000 0.253
11380.000 0.253
11385.000 0.253
11390.000 0.251
11395.000 0.252
11400.000 0.252
11405.000 0.252
11410.000 0.255
11415.000 0.254
11420.000 0.255
11425.000 0.250
11430.000 0.250
11435.000 0.252
11440.000 0.253
11445.000 0.252
11450.000 0.250
11455.000 0.250
11460.000 0.253
11465.000 0.253
11470.000 0.252
11475.000 0.251
11480.000 0.255
11485.000 0.252
11490.000 0.254
11495.000 0.254
11500.000 0.253
11505.000 0.253
11510.000 0.252
11515.000 0.252
11520.000 0.251
11525.000 0.248
11530.000 0.248
11535.000 0.254
11540.000 0.255
11545.000 0.252
11550.000 0.249
11555.000 0.250
11560.000 0.251
11565.000 0.249
11570.000 0.251
11575.000 0.248
11580.000 0.248
11585.000 0.248
11590.000 0.247
11595.000 0.250
11600.000 0.250
11605.000 0.249
11610.000 0.249
11615.000 0.249
11620.000 0.249
11625.000 0.249
11630.000 0.247
11635.000 0.245
11640.000 0.246
11645.000 0.248
11650.000 0.247
11655.000 0.247
11660.000 0.253
11665.000 0.246
11670.000 0.248
11675.000 0.246
11680.000 0.248
11685.000 0.249
11690.000 0.249
11695.000 0.246
11700.000 0.249
11705.000 0.249
11710.000 0.249
11715.000 0.248
11720.000 0.248
11725.000 0.247
11730.000 0.250
11735.000 0.246
11740.000 0.249
11745.000 0.246
11750.000 0.248
11755.000 0.248
11760.000 0.247
11765.000 0.246
11770.000 0.248
11775.000 0.249
11780.000 0.246
11785.000 0.247
11790.000 0.249
11795.000 0.251
11800.000 0.250
11805.000 0.248
11810.000 0.249
11815.000 0.249
11820.000 0.247
11825.000 0.250
11830.000 0.245
11835.000 0.246
11840.000 0.247
11845.000 0.244
11850.000 0.244
11855.000 0.244
11860.000 0.245
11865.000 0.246
11870.000 0.244
11875.000 0.242
11880.000 0.243
11885.000 0.246
11890.000 0.248
11895.000 0.248
11900.000 0.245
11905.000 0.246
11910.000 0.244
11915.000 0.244
11920.000 0.246
11925.000 0.243
11930.000 0.242
11935.000 0.244
11940.000 0.245
11945.000 0.245
11950.000 0.244
11955.000 0.246
11960.000 0.243
11965.000 0.245
11970.000 0.245
11975.000 0.244
11980.000 0.246
11985.000 0.241
11990.000 0.247
11995.000 0.246
12000.000 0.243
