105.000 0.031
110.000 0.994
115.000 3.192
120.000 3.930
125.000 5.064
130.000 5.064
135.000 5.243
140.000 6.023
145.000 6.397
150.000 6.605
155.000 6.495
160.000 6.480
165.000 6.766
170.000 7.095
175.000 7.324
180.000 7.906
185.000 8.319
190.000 9.152
195.000 10.347
200.000 11.104
205.000 12.871
210.000 13.917
215.000 16.645
220.000 20.502
225.000 23.496
230.000 29.832
235.000 33.511
240.000 40.738
245.000 45.687
250.000 45.841
255.000 39.048
260.000 34.624
265.000 28.508
270.000 24.525
275.000 23.112
280.000 20.694
285.000 19.445
290.000 17.576
295.000 16.227
300.000 15.786
305.000 14.974
310.000 14.702
315.000 14.345
320.000 14.300
325.000 14.317
330.000 14.618
335.000 14.843
340.000 15.330
345.000 16.136
350.000 16.524
355.000 17.568
360.000 18.051
365.000 19.345
370.000 20.835
375.000 21.706
380.000 23.712
385.000 24.850
390.000 27.458
395.000 30.596
400.000 32.405
405.000 36.134
410.000 38.426
415.000 42.975
420.000 45.362
425.000 50.369
430.000 55.662
435.000 58.311
440.000 63.650
445.000 66.252
450.000 71.364
455.000 72.295
460.000 71.641
465.000 69.609
470.000 68.992
475.000 68.414
480.000 64.293
485.000 59.032
490.000 44.130
495.000 35.116
500.000 31.738
505.000 25.973
510.000 23.604
515.000 19.434
520.000 16.063
525.000 14.634
530.000 12.259
535.000 11.279
540.000 9.655
545.000 8.382
550.000 7.865
555.000 6.956
560.000 6.594
565.000 5.953
570.000 5.445
575.000 5.230
580.000 4.879
585.000 4.720
590.000 4.461
595.000 4.255
600.000 4.168
605.000 4.038
610.000 3.983
615.000 3.905
620.000 3.865
625.000 3.860
630.000 3.932
635.000 3.972
640.000 4.139
645.000 4.404
650.000 4.585
655.000 5.112
660.000 5.502
665.000 6.668
670.000 8.812
675.000 10.561
680.000 15.407
685.000 18.353
690.000 24.275
695.000 25.389
700.000 22.069
705.000 12.658
710.000 10.004
715.000 6.841
720.000 5.925
725.000 4.313
730.000 3.434
735.000 3.097
740.000 2.506
745.000 2.300
750.000 1.962
755.000 1.714
760.000 1.625
765.000 1.459
770.000 1.392
775.000 1.276
780.000 1.198
785.000 1.158
790.000 1.108
795.000 1.081
800.000 1.033
805.000 0.992
810.000 0.979
815.000 0.957
820.000 0.948
825.000 0.932
830.000 0.928
835.000 0.930
840.000 0.951
845.000 0.961
850.000 0.999
855.000 1.060
860.000 1.101
865.000 1.197
870.000 1.263
875.000 1.430
880.000 1.687
885.000 1.870
890.000 2.344
895.000 2.700
900.000 3.640
905.000 4.289
910.000 4.006
915.000 2.747
920.000 2.253
925.000 1.624
930.000 1.255
935.000 1.123
940.000 0.929
945.000 0.857
950.000 0.738
955.000 0.647
960.000 0.608
965.000 0.550
970.000 0.529
975.000 0.489
980.000 0.458
985.000 0.447
990.000 0.420
995.000 0.417
1000.000 0.401
1005.000 0.390
1010.000 0.378
1015.000 0.371
1020.000 0.375
1025.000 0.368
1030.000 0.380
1035.000 0.377
1040.000 0.387
1045.000 0.393
1050.000 0.403
1055.000 0.412
1060.000 0.429
1065.000 0.461
1070.000 0.482
1075.000 0.528
1080.000 0.558
1085.000 0.635
1090.000 0.747
1095.000 0.824
1100.000 1.038
1105.000 1.185
1110.000 1.598
1115.000 1.907
1120.000 1.852
1125.000 1.353
1130.000 1.120
1135.000 0.808
1140.000 0.640
1145.000 0.576
1150.000 0.483
1155.000 0.447
1160.000 0.392
1165.000 0.353
1170.000 0.339
1175.000 0.326
1180.000 0.306
1185.000 0.293
1190.000 0.281
1195.000 0.279
1200.000 0.276
1205.000 0.274
1210.000 0.275
1215.000 0.278
1220.000 0.287
1225.000 0.292
1230.000 0.308
1235.000 0.316
1240.000 0.333
1245.000 0.360
1250.000 0.374
1255.000 0.414
1260.000 0.437
1265.000 0.499
1270.000 0.583
1275.000 0.636
1280.000 0.794
1285.000 0.903
1290.000 1.236
1295.000 1.825
1300.000 2.283
1305.000 3.187
1310.000 3.582
1315.000 3.932
1320.000 3.695
1325.000 2.750
1330.000 2.031
1335.000 1.775
1340.000 1.410
1345.000 1.274
1350.000 1.082
1355.000 0.951
1360.000 0.893
1365.000 0.818
1370.000 0.791
1375.000 0.758
1380.000 0.738
1385.000 0.731
1390.000 0.728
1395.000 0.727
1400.000 0.737
1405.000 0.755
1410.000 0.770
1415.000 0.805
1420.000 0.822
1425.000 0.875
1430.000 0.946
1435.000 0.995
1440.000 1.127
1445.000 1.216
1450.000 1.455
1455.000 1.866
1460.000 2.167
1465.000 2.977
1470.000 3.456
1475.000 4.303
1480.000 4.344
1485.000 3.853
1490.000 2.653
1495.000 2.197
1500.000 1.585
1505.000 1.208
1510.000 1.075
1515.000 0.878
1520.000 0.801
1525.000 0.688
1530.000 0.615
1535.000 0.587
1540.000 0.546
1545.000 0.526
1550.000 0.499
1555.000 0.472
1560.000 0.464
1565.000 0.442
1570.000 0.440
1575.000 0.437
1580.000 0.442
1585.000 0.451
1590.000 0.475
1595.000 0.490
1600.000 0.532
1605.000 0.586
1610.000 0.623
1615.000 0.723
1620.000 0.802
1625.000 1.034
1630.000 1.426
1635.000 1.661
1640.000 2.149
1645.000 2.317
1650.000 2.260
1655.000 1.776
1660.000 1.540
1665.000 1.208
1670.000 1.097
1675.000 0.956
1680.000 0.890
1685.000 0.877
1690.000 0.893
1695.000 0.936
1700.000 1.046
1705.000 1.251
1710.000 1.379
1715.000 1.593
1720.000 1.574
1725.000 1.222
1730.000 0.815
1735.000 0.668
1740.000 0.477
1745.000 0.414
1750.000 0.317
1755.000 0.253
1760.000 0.231
1765.000 0.197
1770.000 0.184
1775.000 0.165
1780.000 0.153
1785.000 0.149
1790.000 0.139
1795.000 0.139
1800.000 0.135
1805.000 0.134
1810.000 0.134
1815.000 0.130
1820.000 0.135
1825.000 0.132
1830.000 0.133
1835.000 0.135
1840.000 0.135
1845.000 0.135
1850.000 0.135
1855.000 0.136
1860.000 0.135
1865.000 0.135
1870.000 0.136
1875.000 0.137
1880.000 0.135
1885.000 0.139
1890.000 0.138
1895.000 0.139
1900.000 0.141
1905.000 0.139
1910.000 0.141
1915.000 0.142
1920.000 0.140
1925.000 0.140
1930.000 0.143
1935.000 0.142
1940.000 0.143
1945.000 0.143
1950.000 0.143
1955.000 0.146
1960.000 0.141
1965.000 0.147
1970.000 0.141
1975.000 0.150
1980.000 0.150
1985.000 0.145
1990.000 0.151
1995.000 0.143
2000.000 0.143
2005.000 0.143
2010.000 0.150
2015.000 0.146
2020.000 0.141
2025.000 0.146
2030.000 0.154
2035.000 0.153
2040.000 0.156
2045.000 0.158
2050.000 0.150
2055.000 0.152
2060.000 0.152
2065.000 0.156
2070.000 0.151
2075.000 0.150
2080.000 0.156
2085.000 0.156
2090.000 0.155
2095.000 0.154
2100.000 0.154
2105.000 0.157
2110.000 0.155
2115.000 0.154
2120.000 0.157
2125.000 0.155
2130.000 0.155
2135.000 0.155
2140.000 0.155
2145.000 0.153
2150.000 0.154
2155.000 0.155
2160.000 0.156
2165.000 0.152
2170.000 0.153
2175.000 0.151
2180.000 0.152
2185.000 0.148
2190.000 0.150
2195.000 0.150
2200.000 0.151
2205.000 0.150
2210.000 0.149
2215.000 0.152
2220.000 0.154
2225.000 0.155
2230.000 0.157
2235.000 0.157
2240.000 0.156
2245.000 0.155
2250.000 0.158
2255.000 0.156
2260.000 0.158
2265.000 0.158
2270.000 0.159
2275.000 0.158
2280.000 0.157
2285.000 0.157
2290.000 0.159
2295.000 0.159
2300.000 0.162
2305.000 0.162
2310.000 0.161
2315.000 0.163
2320.000 0.160
2325.000 0.163
2330.000 0.164
2335.000 0.162
2340.000 0.164
2345.000 0.163
2350.000 0.164
2355.000 0.165
2360.000 0.166
2365.000 0.168
2370.000 0.165
2375.000 0.169
2380.000 0.168
2385.000 0.170
2390.000 0.170
2395.000 0.169
2400.000 0.169
2405.000 0.171
2410.000 0.171
2415.000 0.172
2420.000 0.170
2425.000 0.173
2430.000 0.173
2435.000 0.174
2440.000 0.174
2445.000 0.173
2450.000 0.175
2455.000 0.176
2460.000 0.176
2465.000 0.175
2470.000 0.177
2475.000 0.176
2480.000 0.179
2485.000 0.178
2490.000 0.181
2495.000 0.181
2500.000 0.181
2505.000 0.183
2510.000 0.182
2515.000 0.181
2520.000 0.183
2525.000 0.184
2530.000 0.182
2535.000 0.188
2540.000 0.189
2545.000 0.188
2550.000 0.188
2555.000 0.187
2560.000 0.190
2565.000 0.188
2570.000 0.189
2575.000 0.187
2580.000 0.189
2585.000 0.190
2590.000 0.190
2595.000 0.191
2600.000 0.194
2605.000 0.193
2610.000 0.192
2615.000 0.193
2620.000 0.194
2625.000 0.197
2630.000 0.193
2635.000 0.193
2640.000 0.195
2645.000 0.195
2650.000 0.194
2655.000 0.196
2660.000 0.195
2665.000 0.194
2670.000 0.194
2675.000 0.199
2680.000 0.195
2685.000 0.195
2690.000 0.196
2695.000 0.194
2700.000 0.196
2705.000 0.196
2710.000 0.198
2715.000 0.197
2720.000 0.196
2725.000 0.195
2730.000 0.194
2735.000 0.196
2740.000 0.195
2745.000 0.193
2750.000 0.196
2755.000 0.197
2760.000 0.198
2765.000 0.196
2770.000 0.198
2775.000 0.193
2780.000 0.197
2785.000 0.196
2790.000 0.197
2795.000 0.193
2800.000 0.197
2805.000 0.195
2810.000 0.196
2815.000 0.197
2820.000 0.195
2825.000 0.197
2830.000 0.196
2835.000 0.196
2840.000 0.195
2845.000 0.198
2850.000 0.196
2855.000 0.195
2860.000 0.195
2865.000 0.199
2870.000 0.195
2875.000 0.200
2880.000 0.198
2885.000 0.196
2890.000 0.199
2895.000 0.198
2900.000 0.194
2905.000 0.193
2910.000 0.196
2915.000 0.197
2920.000 0.196
2925.000 0.194
2930.000 0.193
2935.000 0.195
2940.000 0.201
2945.000 0.202
2950.000 0.202
2955.000 0.195
2960.000 0.202
2965.000 0.194
2970.000 0.205
2975.000 0.199
2980.000 0.201
2985.000 0.208
2990.000 0.196
2995.000 0.202
3000.000 0.192
3005.000 0.196
3010.000 0.206
3015.000 0.202
3020.000 0.196
3025.000 0.193
3030.000 0.211
3035.000 0.195
3040.000 0.198
3045.000 0.202
3050.000 0.202
3055.000 0.208
3060.000 0.209
3065.000 0.205
3070.000 0.211
3075.000 0.221
3080.000 0.224
3085.000 0.223
3090.000 0.215
3095.000 0.212
3100.000 0.205
3105.000 0.204
3110.000 0.203
3115.000 0.205
3120.000 0.200
3125.000 0.203
3130.000 0.202
3135.000 0.199
3140.000 0.202
3145.000 0.202
3150.000 0.203
3155.000 0.198
3160.000 0.196
3165.000 0.198
3170.000 0.197
3175.000 0.198
3180.000 0.199
3185.000 0.197
3190.000 0.199
3195.000 0.197
3200.000 0.199
3205.000 0.201
3210.000 0.200
3215.000 0.197
3220.000 0.200
3225.000 0.199
3230.000 0.199
3235.000 0.198
3240.000 0.198
3245.000 0.198
3250.000 0.199
3255.000 0.197
3260.000 0.202
3265.000 0.200
3270.000 0.199
3275.000 0.200
3280.000 0.198
3285.000 0.198
3290.000 0.199
3295.000 0.200
3300.000 0.197
3305.000 0.200
3310.000 0.198
3315.000 0.199
3320.000 0.203
3325.000 0.203
3330.000 0.200
3335.000 0.202
3340.000 0.203
3345.000 0.206
3350.000 0.202
3355.000 0.205
3360.000 0.207
3365.000 0.208
3370.000 0.208
3375.000 0.211
3380.000 0.217
3385.000 0.230
3390.000 0.237
3395.000 0.259
3400.000 0.279
3405.000 0.344
3410.000 0.490
3415.000 0.627
3420.000 1.134
3425.000 1.536
3430.000 2.643
3435.000 4.325
3440.000 5.411
3445.000 7.774
3450.000 8.671
3455.000 9.073
3460.000 8.839
3465.000 8.752
3470.000 8.354
3475.000 7.918
3480.000 6.560
3485.000 5.122
3490.000 4.507
3495.000 3.459
3500.000 3.017
3505.000 2.322
3510.000 1.832
3515.000 1.642
3520.000 1.359
3525.000 1.254
3530.000 1.092
3535.000 1.001
3540.000 0.961
3545.000 0.923
3550.000 0.913
3555.000 0.920
3560.000 0.941
3565.000 0.967
3570.000 1.029
3575.000 1.076
3580.000 1.193
3585.000 1.405
3590.000 1.554
3595.000 2.016
3600.000 2.357
3605.000 3.402
3610.000 4.960
3615.000 5.865
3620.000 7.354
3625.000 7.618
3630.000 6.641
3635.000 4.766
3640.000 4.038
3645.000 3.014
3650.000 2.672
3655.000 2.201
3660.000 1.921
3665.000 1.829
3670.000 1.713
3675.000 1.695
3680.000 1.740
3685.000 1.808
3690.000 2.004
3695.000 2.318
3700.000 2.538
3705.000 3.068
3710.000 3.340
3715.000 3.653
3720.000 3.382
3725.000 3.072
3730.000 2.399
3735.000 2.106
3740.000 1.675
3745.000 1.402
3750.000 1.305
3755.000 1.142
3760.000 1.075
3765.000 0.973
3770.000 0.894
3775.000 0.860
3780.000 0.818
3785.000 0.799
3790.000 0.765
3795.000 0.744
3800.000 0.734
3805.000 0.733
3810.000 0.730
3815.000 0.741
3820.000 0.759
3825.000 0.777
3830.000 0.819
3835.000 0.851
3840.000 0.930
3845.000 1.059
3850.000 1.151
3855.000 1.432
3860.000 1.614
3865.000 2.049
3870.000 2.345
3875.000 2.333
3880.000 1.940
3885.000 1.656
3890.000 1.187
3895.000 0.895
3900.000 0.792
3905.000 0.653
3910.000 0.612
3915.000 0.543
3920.000 0.497
3925.000 0.480
3930.000 0.456
3935.000 0.443
3940.000 0.443
3945.000 0.440
3950.000 0.442
3955.000 0.458
3960.000 0.465
3965.000 0.495
3970.000 0.562
3975.000 0.593
3980.000 0.697
3985.000 0.770
3990.000 0.937
3995.000 1.211
4000.000 1.410
4005.000 1.785
4010.000 1.994
4015.000 2.199
4020.000 1.977
4025.000 1.760
4030.000 1.345
4035.000 1.198
4040.000 0.948
4045.000 0.796
4050.000 0.744
4055.000 0.661
4060.000 0.640
4065.000 0.597
4070.000 0.585
4075.000 0.576
4080.000 0.571
4085.000 0.572
4090.000 0.584
4095.000 0.596
4100.000 0.599
4105.000 0.592
4110.000 0.570
4115.000 0.476
4120.000 0.339
4125.000 0.279
4130.000 0.192
4135.000 0.164
4140.000 0.137
4145.000 0.131
4150.000 0.131
4155.000 0.132
4160.000 0.134
4165.000 0.136
4170.000 0.146
4175.000 0.148
4180.000 0.153
4185.000 0.155
4190.000 0.162
4195.000 0.169
4200.000 0.175
4205.000 0.184
4210.000 0.189
4215.000 0.205
4220.000 0.229
4225.000 0.244
4230.000 0.284
4235.000 0.309
4240.000 0.388
4245.000 0.494
4250.000 0.548
4255.000 0.595
4260.000 0.568
4265.000 0.465
4270.000 0.364
4275.000 0.310
4280.000 0.225
4285.000 0.185
4290.000 0.139
4295.000 0.135
4300.000 0.151
4305.000 0.167
4310.000 0.175
4315.000 0.185
4320.000 0.185
4325.000 0.190
4330.000 0.189
4335.000 0.192
4340.000 0.194
4345.000 0.195
4350.000 0.197
4355.000 0.198
4360.000 0.197
4365.000 0.199
4370.000 0.196
4375.000 0.199
4380.000 0.198
4385.000 0.198
4390.000 0.199
4395.000 0.202
4400.000 0.200
4405.000 0.198
4410.000 0.200
4415.000 0.200
4420.000 0.200
4425.000 0.204
4430.000 0.202
4435.000 0.203
4440.000 0.201
4445.000 0.203
4450.000 0.203
4455.000 0.202
4460.000 0.202
4465.000 0.203
4470.000 0.202
4475.000 0.201
4480.000 0.201
4485.000 0.205
4490.000 0.208
4495.000 0.204
4500.000 0.206
4505.000 0.207
4510.000 0.209
4515.000 0.208
4520.000 0.207
4525.000 0.208
4530.000 0.207
4535.000 0.205
4540.000 0.205
4545.000 0.207
4550.000 0.205
4555.000 0.206
4560.000 0.207
4565.000 0.206
4570.000 0.206
4575.000 0.206
4580.000 0.205
4585.000 0.207
4590.000 0.207
4595.000 0.207
4600.000 0.209
4605.000 0.209
4610.000 0.206
4615.000 0.204
4620.000 0.205
4625.000 0.210
4630.000 0.207
4635.000 0.207
4640.000 0.206
4645.000 0.207
4650.000 0.210
4655.000 0.208
4660.000 0.206
4665.000 0.209
4670.000 0.207
4675.000 0.208
4680.000 0.210
4685.000 0.215
4690.000 0.217
4695.000 0.216
4700.000 0.214
4705.000 0.214
4710.000 0.211
4715.000 0.210
4720.000 0.210
4725.000 0.211
4730.000 0.210
4735.000 0.217
4740.000 0.218
4745.000 0.216
4750.000 0.215
4755.000 0.214
4760.000 0.215
4765.000 0.212
4770.000 0.212
4775.000 0.215
4780.000 0.215
4785.000 0.213
4790.000 0.214
4795.000 0.216
4800.000 0.215
4805.000 0.216
4810.000 0.216
4815.000 0.220
4820.000 0.218
4825.000 0.216
4830.000 0.216
4835.000 0.218
4840.000 0.219
4845.000 0.220
4850.000 0.214
4855.000 0.217
4860.000 0.218
4865.000 0.214
4870.000 0.215
4875.000 0.215
4880.000 0.216
4885.000 0.216
4890.000 0.217
4895.000 0.218
4900.000 0.220
4905.000 0.222
4910.000 0.219
4915.000 0.222
4920.000 0.220
4925.000 0.225
4930.000 0.221
4935.000 0.222
4940.000 0.221
4945.000 0.222
4950.000 0.221
4955.000 0.225
4960.000 0.220
4965.000 0.226
4970.000 0.222
4975.000 0.230
4980.000 0.232
4985.000 0.221
4990.000 0.234
4995.000 0.220
5000.000 0.226
5005.000 0.217
5010.000 0.227
5015.000 0.222
5020.000 0.231
5025.000 0.224
5030.000 0.238
5035.000 0.223
5040.000 0.231
5045.000 0.231
5050.000 0.228
5055.000 0.233
5060.000 0.231
5065.000 0.231
5070.000 0.232
5075.000 0.232
5080.000 0.227
5085.000 0.223
5090.000 0.224
5095.000 0.226
5100.000 0.227
5105.000 0.229
5110.000 0.228
5115.000 0.226
5120.000 0.226
5125.000 0.224
5130.000 0.226
5135.000 0.227
5140.000 0.225
5145.000 0.225
5150.000 0.229
5155.000 0.230
5160.000 0.235
5165.000 0.232
5170.000 0.236
5175.000 0.231
5180.000 0.234
5185.000 0.231
5190.000 0.233
5195.000 0.229
5200.000 0.230
5205.000 0.230
5210.000 0.229
5215.000 0.227
5220.000 0.226
5225.000 0.225
5230.000 0.228
5235.000 0.231
5240.000 0.235
5245.000 0.232
5250.000 0.231
5255.000 0.230
5260.000 0.230
5265.000 0.235
5270.000 0.235
5275.000 0.235
5280.000 0.232
5285.000 0.228
5290.000 0.230
5295.000 0.228
5300.000 0.231
5305.000 0.233
5310.000 0.236
5315.000 0.236
5320.000 0.238
5325.000 0.235
5330.000 0.235
5335.000 0.235
5340.000 0.236
5345.000 0.239
5350.000 0.235
5355.000 0.237
5360.000 0.236
5365.000 0.242
5370.000 0.239
5375.000 0.236
5380.000 0.237
5385.000 0.235
5390.000 0.234
5395.000 0.238
5400.000 0.236
5405.000 0.235
5410.000 0.235
5415.000 0.235
5420.000 0.236
5425.000 0.233
5430.000 0.234
5435.000 0.236
5440.000 0.237
5445.000 0.239
5450.000 0.243
5455.000 0.243
5460.000 0.240
5465.000 0.239
5470.000 0.241
5475.000 0.245
5480.000 0.246
5485.000 0.248
5490.000 0.247
5495.000 0.246
5500.000 0.242
5505.000 0.243
5510.000 0.240
5515.000 0.242
5520.000 0.243
5525.000 0.250
5530.000 0.250
5535.000 0.248
5540.000 0.243
5545.000 0.240
5550.000 0.241
5555.000 0.239
5560.000 0.241
5565.000 0.240
5570.000 0.241
5575.000 0.242
5580.000 0.241
5585.000 0.241
5590.000 0.243
5595.000 0.244
5600.000 0.246
5605.000 0.243
5610.000 0.242
5615.000 0.243
5620.000 0.244
5625.000 0.245
5630.000 0.245
5635.000 0.244
5640.000 0.243
5645.000 0.242
5650.000 0.250
5655.000 0.246
5660.000 0.245
5665.000 0.246
5670.000 0.245
5675.000 0.245
5680.000 0.245
5685.000 0.243
5690.000 0.245
5695.000 0.247
5700.000 0.246
5705.000 0.246
5710.000 0.243
5715.000 0.246
5720.000 0.244
5725.000 0.243
5730.000 0.245
5735.000 0.255
5740.000 0.256
5745.000 0.253
5750.000 0.250
5755.000 0.248
5760.000 0.251
5765.000 0.247
5770.000 0.247
5775.000 0.244
5780.000 0.245
5785.000 0.250
5790.000 0.249
5795.000 0.246
5800.000 0.249
5805.000 0.246
5810.000 0.249
5815.000 0.246
5820.000 0.247
5825.000 0.247
5830.000 0.251
5835.000 0.252
5840.000 0.253
5845.000 0.248
5850.000 0.251
5855.000 0.249
5860.000 0.255
5865.000 0.253
5870.000 0.258
5875.000 0.253
5880.000 0.256
5885.000 0.258
5890.000 0.255
5895.000 0.254
5900.000 0.253
5905.000 0.251
5910.000 0.249
5915.000 0.249
5920.000 0.253
5925.000 0.251
5930.000 0.249
5935.000 0.253
5940.000 0.252
5945.000 0.252
5950.000 0.253
5955.000 0.249
5960.000 0.252
5965.000 0.261
5970.000 0.255
5975.000 0.265
5980.000 0.263
5985.000 0.248
5990.000 0.253
5995.000 0.248
6000.000 0.264
6005.000 0.252
6010.000 0.254
6015.000 0.252
6020.000 0.269
6025.000 0.252
6030.000 0.255
6035.000 0.267
6040.000 0.263
6045.000 0.267
6050.000 0.265
6055.000 0.262
6060.000 0.263
6065.000 0.255
6070.000 0.259
6075.000 0.261
6080.000 0.255
6085.000 0.255
6090.000 0.257
6095.000 0.254
6100.000 0.256
6105.000 0.257
6110.000 0.258
6115.000 0.255
6120.000 0.250
6125.000 0.252
6130.000 0.254
6135.000 0.254
6140.000 0.256
6145.000 0.254
6150.000 0.257
6155.000 0.256
6160.000 0.257
6165.000 0.258
6170.000 0.255
6175.000 0.258
6180.000 0.257
6185.000 0.257
6190.000 0.261
6195.000 0.257
6200.000 0.261
6205.000 0.255
6210.000 0.258
6215.000 0.257
6220.000 0.259
6225.000 0.259
6230.000 0.261
6235.000 0.257
6240.000 0.260
6245.000 0.255
6250.000 0.254
6255.000 0.255
6260.000 0.259
6265.000 0.261
6270.000 0.260
6275.000 0.257
6280.000 0.255
6285.000 0.258
6290.000 0.256
6295.000 0.261
6300.000 0.265
6305.000 0.258
6310.000 0.268
6315.000 0.273
6320.000 0.267
6325.000 0.262
6330.000 0.262
6335.000 0.265
6340.000 0.263
6345.000 0.263
6350.000 0.261
6355.000 0.261
6360.000 0.265
6365.000 0.265
6370.000 0.261
6375.000 0.261
6380.000 0.260
6385.000 0.257
6390.000 0.258
6395.000 0.260
6400.000 0.260
6405.000 0.263
6410.000 0.258
6415.000 0.263
6420.000 0.266
6425.000 0.263
6430.000 0.265
6435.000 0.266
6440.000 0.263
6445.000 0.262
6450.000 0.263
6455.000 0.265
6460.000 0.267
6465.000 0.263
6470.000 0.263
6475.000 0.264
6480.000 0.263
6485.000 0.265
6490.000 0.261
6495.000 0.264
6500.000 0.261
6505.000 0.262
6510.000 0.263
6515.000 0.265
6520.000 0.266
6525.000 0.268
6530.000 0.262
6535.000 0.263
6540.000 0.264
6545.000 0.262
6550.000 0.263
6555.000 0.262
6560.000 0.264
6565.000 0.262
6570.000 0.261
6575.000 0.258
6580.000 0.261
6585.000 0.261
6590.000 0.260
6595.000 0.263
6600.000 0.263
6605.000 0.263
6610.000 0.263
6615.000 0.260
6620.000 0.259
6625.000 0.258
6630.000 0.256
6635.000 0.259
6640.000 0.264
6645.000 0.261
6650.000 0.266
6655.000 0.264
6660.000 0.261
6665.000 0.261
6670.000 0.261
6675.000 0.258
6680.000 0.262
6685.000 0.260
6690.000 0.262
6695.000 0.261
6700.000 0.259
6705.000 0.261
6710.000 0.261
6715.000 0.256
6720.000 0.258
6725.000 0.258
6730.000 0.259
6735.000 0.258
6740.000 0.257
6745.000 0.253
6750.000 0.250
6755.000 0.254
6760.000 0.253
6765.000 0.249
6770.000 0.244
6775.000 0.242
6780.000 0.234
6785.000 0.235
6790.000 0.222
6795.000 0.196
6800.000 0.186
6805.000 0.154
6810.000 0.145
6815.000 0.219
6820.000 0.687
6825.000 1.049
6830.000 1.895
6835.000 2.210
6840.000 2.247
6845.000 1.772
6850.000 1.525
6855.000 1.118
6860.000 0.959
6865.000 0.722
6870.000 0.578
6875.000 0.523
6880.000 0.437
6885.000 0.406
6890.000 0.367
6895.000 0.345
6900.000 0.345
6905.000 0.376
6910.000 0.411
6915.000 0.577
6920.000 0.927
6925.000 1.209
6930.000 1.922
6935.000 2.319
6940.000 2.794
6945.000 2.836
6950.000 2.818
6955.000 2.831
6960.000 2.883
6965.000 2.986
6970.000 3.030
6975.000 3.022
6980.000 2.682
6985.000 2.399
6990.000 1.759
6995.000 1.506
7000.000 1.094
7005.000 0.830
7010.000 0.734
7015.000 0.613
7020.000 0.569
7025.000 0.484
7030.000 0.435
7035.000 0.406
7040.000 0.382
7045.000 0.373
7050.000 0.351
7055.000 0.349
7060.000 0.353
7065.000 0.351
7070.000 0.358
7075.000 0.392
7080.000 0.462
7085.000 0.517
7090.000 0.677
7095.000 0.785
7100.000 0.910
7105.000 0.863
7110.000 0.811
7115.000 0.722
7120.000 0.689
7125.000 0.635
7130.000 0.610
7135.000 0.604
7140.000 0.611
7145.000 0.622
7150.000 0.656
7155.000 0.704
7160.000 0.743
7165.000 0.828
7170.000 0.876
7175.000 0.984
7180.000 1.044
7185.000 1.036
7190.000 0.919
7195.000 0.833
7200.000 0.672
7205.000 0.547
7210.000 0.502
7215.000 0.430
7220.000 0.394
7225.000 0.347
7230.000 0.306
7235.000 0.288
7240.000 0.246
7245.000 0.223
7250.000 0.173
7255.000 0.141
7260.000 0.148
7265.000 0.195
7270.000 0.229
7275.000 0.290
7280.000 0.327
7285.000 0.342
7290.000 0.357
7295.000 0.360
7300.000 0.356
7305.000 0.351
7310.000 0.348
7315.000 0.343
7320.000 0.344
7325.000 0.342
7330.000 0.351
7335.000 0.358
7340.000 0.378
7345.000 0.387
7350.000 0.406
7355.000 0.416
7360.000 0.413
7365.000 0.372
7370.000 0.343
7375.000 0.273
7380.000 0.214
7385.000 0.196
7390.000 0.188
7395.000 0.199
7400.000 0.224
7405.000 0.242
7410.000 0.245
7415.000 0.251
7420.000 0.255
7425.000 0.252
7430.000 0.257
7435.000 0.258
7440.000 0.257
7445.000 0.257
7450.000 0.253
7455.000 0.253
7460.000 0.254
7465.000 0.255
7470.000 0.254
7475.000 0.256
7480.000 0.255
7485.000 0.255
7490.000 0.256
7495.000 0.254
7500.000 0.259
7505.000 0.257
7510.000 0.258
7515.000 0.254
7520.000 0.256
7525.000 0.262
7530.000 0.256
7535.000 0.254
7540.000 0.257
7545.000 0.253
7550.000 0.258
7555.000 0.257
7560.000 0.252
7565.000 0.253
7570.000 0.254
7575.000 0.254
7580.000 0.253
7585.000 0.257
7590.000 0.254
7595.000 0.253
7600.000 0.256
7605.000 0.252
7610.000 0.256
7615.000 0.253
7620.000 0.254
7625.000 0.256
7630.000 0.256
7635.000 0.257
7640.000 0.257
7645.000 0.259
7650.000 0.260
7655.000 0.257
7660.000 0.258
7665.000 0.255
7670.000 0.256
7675.000 0.253
7680.000 0.252
7685.000 0.253
7690.000 0.250
7695.000 0.255
7700.000 0.255
7705.000 0.256
7710.000 0.251
7715.000 0.251
7720.000 0.252
7725.000 0.252
7730.000 0.251
7735.000 0.249
7740.000 0.257
7745.000 0.259
7750.000 0.254
7755.000 0.252
7760.000 0.253
7765.000 0.255
7770.000 0.257
7775.000 0.254
7780.000 0.253
7785.000 0.252
7790.000 0.253
7795.000 0.250
7800.000 0.254
7805.000 0.249
7810.000 0.254
7815.000 0.252
7820.000 0.252
7825.000 0.255
7830.000 0.252
7835.000 0.250
7840.000 0.252
7845.000 0.252
7850.000 0.252
7855.000 0.252
7860.000 0.250
7865.000 0.249
7870.000 0.246
7875.000 0.248
7880.000 0.249
7885.000 0.249
7890.000 0.250
7895.000 0.247
7900.000 0.247
7905.000 0.250
7910.000 0.249
7915.000 0.252
7920.000 0.249
7925.000 0.249
7930.000 0.247
7935.000 0.252
7940.000 0.244
7945.000 0.250
7950.000 0.246
7955.000 0.248
7960.000 0.251
7965.000 0.253
7970.000 0.256
7975.000 0.253
7980.000 0.253
7985.000 0.255
7990.000 0.249
7995.000 0.261
8000.000 0.252
8005.000 0.259
8010.000 0.266
8015.000 0.262
8020.000 0.246
8025.000 0.250
8030.000 0.258
8035.000 0.252
8040.000 0.261
8045.000 0.255
8050.000 0.247
8055.000 0.255
8060.000 0.249
8065.000 0.256
8070.000 0.254
8075.000 0.253
8080.000 0.251
8085.000 0.249
8090.000 0.249
8095.000 0.254
8100.000 0.252
8105.000 0.253
8110.000 0.251
8115.000 0.251
8120.000 0.249
8125.000 0.248
8130.000 0.249
8135.000 0.249
8140.000 0.250
8145.000 0.252
8150.000 0.249
8155.000 0.250
8160.000 0.254
8165.000 0.250
8170.000 0.250
8175.000 0.251
8180.000 0.252
8185.000 0.253
8190.000 0.255
8195.000 0.252
8200.000 0.252
8205.000 0.254
8210.000 0.251
8215.000 0.251
8220.000 0.252
8225.000 0.252
8230.000 0.253
8235.000 0.250
8240.000 0.253
8245.000 0.252
8250.000 0.254
8255.000 0.254
8260.000 0.256
8265.000 0.253
8270.000 0.251
8275.000 0.254
8280.000 0.253
8285.000 0.254
8290.000 0.255
8295.000 0.257
8300.000 0.253
8305.000 0.255
8310.000 0.251
8315.000 0.256
8320.000 0.254
8325.000 0.255
8330.000 0.255
8335.000 0.253
8340.000 0.254
8345.000 0.255
8350.000 0.256
8355.000 0.256
8360.000 0.258
8365.000 0.259
8370.000 0.257
8375.000 0.261
8380.000 0.263
8385.000 0.263
8390.000 0.260
8395.000 0.257
8400.000 0.257
8405.000 0.259
8410.000 0.256
8415.000 0.257
8420.000 0.256
8425.000 0.260
8430.000 0.258
8435.000 0.254
8440.000 0.255
8445.000 0.256
8450.000 0.258
8455.000 0.256
8460.000 0.255
8465.000 0.255
8470.000 0.253
8475.000 0.254
8480.000 0.254
8485.000 0.254
8490.000 0.255
8495.000 0.255
8500.000 0.258
8505.000 0.258
8510.000 0.258
8515.000 0.257
8520.000 0.258
8525.000 0.261
8530.000 0.261
8535.000 0.258
8540.000 0.258
8545.000 0.256
8550.000 0.257
8555.000 0.261
8560.000 0.257
8565.000 0.261
8570.000 0.258
8575.000 0.257
8580.000 0.257
8585.000 0.258
8590.000 0.257
8595.000 0.260
8600.000 0.256
8605.000 0.258
8610.000 0.258
8615.000 0.256
8620.000 0.260
8625.000 0.261
8630.000 0.261
8635.000 0.261
8640.000 0.262
8645.000 0.259
8650.000 0.260
8655.000 0.263
8660.000 0.263
8665.000 0.261
8670.000 0.265
8675.000 0.262
8680.000 0.262
8685.000 0.261
8690.000 0.265
8695.000 0.263
8700.000 0.265
8705.000 0.261
8710.000 0.262
8715.000 0.260
8720.000 0.260
8725.000 0.258
8730.000 0.262
8735.000 0.265
8740.000 0.264
8745.000 0.262
8750.000 0.260
8755.000 0.261
8760.000 0.262
8765.000 0.262
8770.000 0.262
8775.000 0.263
8780.000 0.264
8785.000 0.263
8790.000 0.260
8795.000 0.262
8800.000 0.262
8805.000 0.262
8810.000 0.263
8815.000 0.265
8820.000 0.259
8825.000 0.254
8830.000 0.252
8835.000 0.265
8840.000 0.273
8845.000 0.265
8850.000 0.266
8855.000 0.266
8860.000 0.263
8865.000 0.265
8870.000 0.264
8875.000 0.268
8880.000 0.266
8885.000 0.264
8890.000 0.264
8895.000 0.265
8900.000 0.265
8905.000 0.262
8910.000 0.263
8915.000 0.265
8920.000 0.266
8925.000 0.264
8930.000 0.262
8935.000 0.266
8940.000 0.262
8945.000 0.268
8950.000 0.265
8955.000 0.265
8960.000 0.267
8965.000 0.266
8970.000 0.270
8975.000 0.268
8980.000 0.264
8985.000 0.270
8990.000 0.261
8995.000 0.269
9000.000 0.277
9005.000 0.264
9010.000 0.265
9015.000 0.263
9020.000 0.272
9025.000 0.269
9030.000 0.263
9035.000 0.272
9040.000 0.274
9045.000 0.269
9050.000 0.275
9055.000 0.269
9060.000 0.272
9065.000 0.266
9070.000 0.271
9075.000 0.269
9080.000 0.272
9085.000 0.269
9090.000 0.271
9095.000 0.266
9100.000 0.268
9105.000 0.267
9110.000 0.266
9115.000 0.268
9120.000 0.265
9125.000 0.266
9130.000 0.266
9135.000 0.265
9140.000 0.264
9145.000 0.262
9150.000 0.263
9155.000 0.266
9160.000 0.266
9165.000 0.265
9170.000 0.265
9175.000 0.265
9180.000 0.265
9185.000 0.263
9190.000 0.275
9195.000 0.273
9200.000 0.280
9205.000 0.276
9210.000 0.271
9215.000 0.270
9220.000 0.270
9225.000 0.270
9230.000 0.267
9235.000 0.268
9240.000 0.272
9245.000 0.269
9250.000 0.268
9255.000 0.268
9260.000 0.268
9265.000 0.267
9270.000 0.269
9275.000 0.267
9280.000 0.269
9285.000 0.266
9290.000 0.267
9295.000 0.266
9300.000 0.266
9305.000 0.265
9310.000 0.264
9315.000 0.265
9320.000 0.266
9325.000 0.266
9330.000 0.266
9335.000 0.263
9340.000 0.264
9345.000 0.264
9350.000 0.267
9355.000 0.269
9360.000 0.267
9365.000 0.269
9370.000 0.268
9375.000 0.265
9380.000 0.270
9385.000 0.269
9390.000 0.268
9395.000 0.265
9400.000 0.267
9405.000 0.268
9410.000 0.266
9415.000 0.268
9420.000 0.269
9425.000 0.267
9430.000 0.268
9435.000 0.268
9440.000 0.268
9445.000 0.268
9450.000 0.266
9455.000 0.266
9460.000 0.264
9465.000 0.267
9470.000 0.265
9475.000 0.267
9480.000 0.270
9485.000 0.266
9490.000 0.266
9495.000 0.271
9500.000 0.269
9505.000 0.272
9510.000 0.271
9515.000 0.271
9520.000 0.268
9525.000 0.269
9530.000 0.269
9535.000 0.269
9540.000 0.271
9545.000 0.268
9550.000 0.267
9555.000 0.269
9560.000 0.268
9565.000 0.268
9570.000 0.268
9575.000 0.265
9580.000 0.267
9585.000 0.269
9590.000 0.267
9595.000 0.269
9600.000 0.269
9605.000 0.269
9610.000 0.267
9615.000 0.273
9620.000 0.268
9625.000 0.270
9630.000 0.273
9635.000 0.273
9640.000 0.271
9645.000 0.271
9650.000 0.270
9655.000 0.269
9660.000 0.269
9665.000 0.268
9670.000 0.272
9675.000 0.268
9680.000 0.269
9685.000 0.268
9690.000 0.267
9695.000 0.269
9700.000 0.265
9705.000 0.266
9710.000 0.268
9715.000 0.267
9720.000 0.269
9725.000 0.268
9730.000 0.274
9735.000 0.270
9740.000 0.271
9745.000 0.269
9750.000 0.268
9755.000 0.268
9760.000 0.266
9765.000 0.267
9770.000 0.271
9775.000 0.270
9780.000 0.271
9785.000 0.270
9790.000 0.273
9795.000 0.273
9800.000 0.275
9805.000 0.274
9810.000 0.273
9815.000 0.273
9820.000 0.273
9825.000 0.271
9830.000 0.269
9835.000 0.270
9840.000 0.266
9845.000 0.267
9850.000 0.267
9855.000 0.269
9860.000 0.269
9865.000 0.269
9870.000 0.269
9875.000 0.270
9880.000 0.270
9885.000 0.270
9890.000 0.269
9895.000 0.271
9900.000 0.270
9905.000 0.269
9910.000 0.271
9915.000 0.271
9920.000 0.271
9925.000 0.272
9930.000 0.270
9935.000 0.270
9940.000 0.272
9945.000 0.273
9950.000 0.267
9955.000 0.267
9960.000 0.270
9965.000 0.271
9970.000 0.271
9975.000 0.268
9980.000 0.271
9985.000 0.274
9990.000 0.264
9995.000 0.275
10000.000 0.272
10005.000 0.266
10010.000 0.263
10015.000 0.272
10020.000 0.274
10025.000 0.269
10030.000 0.279
10035.000 0.268
10040.000 0.272
10045.000 0.272
10050.000 0.271
10055.000 0.268
10060.000 0.276
10065.000 0.271
10070.000 0.273
10075.000 0.271
10080.000 0.271
10085.000 0.269
10090.000 0.270
10095.000 0.269
10100.000 0.273
10105.000 0.271
10110.000 0.270
10115.000 0.267
10120.000 0.266
10125.000 0.269
10130.000 0.266
10135.000 0.264
10140.000 0.265
10145.000 0.267
10150.000 0.261
10155.000 0.268
10160.000 0.269
10165.000 0.276
10170.000 0.285
10175.000 0.310
10180.000 0.358
10185.000 0.393
10190.000 0.436
10195.000 0.433
10200.000 0.360
10205.000 0.261
10210.000 0.221
10215.000 0.164
10220.000 0.150
10225.000 0.128
10230.000 0.123
10235.000 0.113
10240.000 0.110
10245.000 0.114
10250.000 0.133
10255.000 0.156
10260.000 0.236
10265.000 0.441
10270.000 0.611
10275.000 1.062
10280.000 1.295
10285.000 1.696
10290.000 1.922
10295.000 1.953
10300.000 1.862
10305.000 1.748
10310.000 1.391
10315.000 0.976
10320.000 0.795
10325.000 0.508
10330.000 0.408
10335.000 0.271
10340.000 0.185
10345.000 0.154
10350.000 0.114
10355.000 0.100
10360.000 0.081
10365.000 0.066
10370.000 0.059
10375.000 0.055
10380.000 0.059
10385.000 0.075
10390.000 0.109
10395.000 0.159
10400.000 0.275
10405.000 0.517
10410.000 0.658
10415.000 0.930
10420.000 1.036
10425.000 1.191
10430.000 1.214
10435.000 1.221
10440.000 1.195
10445.000 1.176
10450.000 1.141
10455.000 1.128
10460.000 1.089
10465.000 1.029
10470.000 1.006
10475.000 0.913
10480.000 0.840
10485.000 0.650
10490.000 0.459
10495.000 0.377
10500.000 0.252
10505.000 0.205
10510.000 0.140
10515.000 0.095
10520.000 0.080
10525.000 0.065
10530.000 0.063
10535.000 0.080
10540.000 0.124
10545.000 0.168
10550.000 0.305
10555.000 0.380
10560.000 0.524
10565.000 0.601
10570.000 0.616
10575.000 0.616
10580.000 0.611
10585.000 0.591
10590.000 0.565
10595.000 0.551
10600.000 0.523
10605.000 0.505
10610.000 0.482
10615.000 0.458
10620.000 0.446
10625.000 0.414
10630.000 0.394
10635.000 0.345
10640.000 0.294
10645.000 0.268
10650.000 0.228
10655.000 0.215
10660.000 0.210
10665.000 0.224
10670.000 0.233
10675.000 0.254
10680.000 0.263
10685.000 0.265
10690.000 0.267
10695.000 0.269
10700.000 0.269
10705.000 0.266
10710.000 0.268
10715.000 0.267
10720.000 0.268
10725.000 0.267
10730.000 0.266
10735.000 0.263
10740.000 0.266
10745.000 0.262
10750.000 0.267
10755.000 0.264
10760.000 0.262
10765.000 0.264
10770.000 0.262
10775.000 0.265
10780.000 0.264
10785.000 0.266
10790.000 0.262
10795.000 0.263
10800.000 0.263
10805.000 0.260
10810.000 0.267
10815.000 0.264
10820.000 0.268
10825.000 0.264
10830.000 0.265
10835.000 0.263
10840.000 0.265
10845.000 0.267
10850.000 0.266
10860.000 0.264
10865.000 0.264
10870.000 0.264
10875.000 0.264
10880.000 0.265
10885.000 0.266
10890.000 0.266
10895.000 0.266
10900.000 0.264
10905.000 0.266
10910.000 0.263
10915.000 0.264
10920.000 0.268
10925.000 0.262
10930.000 0.267
10935.000 0.266
10940.000 0.266
10945.000 0.265
10950.000 0.264
10955.000 0.266
10960.000 0.269
10965.000 0.262
10970.000 0.265
10975.000 0.261
10980.000 0.259
10985.000 0.264
10990.000 0.261
10995.000 0.266
11000.000 0.265
11005.000 0.266
11010.000 0.265
11015.000 0.263
11020.000 0.264
11025.000 0.269
11030.000 0.269
11035.000 0.274
11040.000 0.272
11045.000 0.271
11050.000 0.271
11055.000 0.269
11060.000 0.267
11065.000 0.269
11070.000 0.260
11075.000 0.261
11080.000 0.262
11085.000 0.262
11090.000 0.261
11095.000 0.262
11100.000 0.261
11105.000 0.261
11110.000 0.260
11115.000 0.262
11120.000 0.265
11125.000 0.263
11130.000 0.263
11135.000 0.263
11140.000 0.262
11145.000 0.261
11150.000 0.261
11155.000 0.260
11160.000 0.262
11165.000 0.259
11170.000 0.261
11175.000 0.261
11180.000 0.258
11185.000 0.258
11190.000 0.261
11195.000 0.261
11200.000 0.262
11205.000 0.260
11210.000 0.256
11215.000 0.256
11220.000 0.258
11225.000 0.260
11230.000 0.259
11235.000 0.257
11240.000 0.260
11245.000 0.259
11250.000 0.259
11255.000 0.261
11260.000 0.260
11265.000 0.260
11270.000 0.261
11275.000 0.258
11280.000 0.262
11285.000 0.259
11290.000 0.259
11295.000 0.259
11300.000 0.260
11305.000 0.260
11310.000 0.261
11315.000 0.261
11320.000 0.261
11325.000 0.257
11330.000 0.258
11335.000 0.257
11340.000 0.260
11345.000 0.257
11350.000 0.258
11355.000 0.259
11360.000 0.258
11365.000 0.256
11370.000 0.257
11375.000 0.259
11380.000 0.258
11385.000 0.261
11390.000 0.256
11395.000 0.259
11400.000 0.259
11405.000 0.258
11410.000 0.259
11415.000 0.257
11420.000 0.257
11425.000 0.259
11430.000 0.256
11435.000 0.256
11440.000 0.258
11445.000 0.255
11450.000 0.258
11455.000 0.255
11460.000 0.256
11465.000 0.259
11470.000 0.255
11475.000 0.256
11480.000 0.254
11485.000 0.253
11490.000 0.254
11495.000 0.254
11500.000 0.253
11505.000 0.258
11510.000 0.258
11515.000 0.256
11520.000 0.255
11525.000 0.257
11530.000 0.254
11535.000 0.253
11540.000 0.255
11545.000 0.254
11550.000 0.255
11555.000 0.253
11560.000 0.254
11565.000 0.254
11570.000 0.255
11575.000 0.252
11580.000 0.253
11585.000 0.252
11590.000 0.251
11595.000 0.253
11600.000 0.252
11605.000 0.251
11610.000 0.249
11615.000 0.254
11620.000 0.254
11625.000 0.253
11630.000 0.249
11635.000 0.251
11640.000 0.251
11645.000 0.252
11650.000 0.252
11655.000 0.254
11660.000 0.251
11665.000 0.253
11670.000 0.249
11675.000 0.250
11680.000 0.249
11685.000 0.249
11690.000 0.253
11695.000 0.249
11700.000 0.250
11705.000 0.250
11710.000 0.254
11715.000 0.254
11720.000 0.250
11725.000 0.254
11730.000 0.254
11735.000 0.254
11740.000 0.253
11745.000 0.254
11750.000 0.251
11755.000 0.254
11760.000 0.252
11765.000 0.251
11770.000 0.250
11775.000 0.250
11780.000 0.248
11785.000 0.246
11790.000 0.249
11795.000 0.250
11800.000 0.249
11805.000 0.249
11810.000 0.253
11815.000 0.252
11820.000 0.247
11825.000 0.250
11830.000 0.248
11835.000 0.246
11840.000 0.249
11845.000 0.249
11850.000 0.249
11855.000 0.250
11860.000 0.247
11865.000 0.248
11870.000 0.247
11875.000 0.249
11880.000 0.249
11885.000 0.247
11890.000 0.246
11895.000 0.247
11900.000 0.245
11905.000 0.249
11910.000 0.247
11915.000 0.248
11920.000 0.246
11925.000 0.247
11930.000 0.248
11935.000 0.247
11940.000 0.250
11945.000 0.250
11950.000 0.248
11955.000 0.248
11960.000 0.245
11965.000 0.246
11970.000 0.248
11975.000 0.246
11980.000 0.248
11985.000 0.246
11990.000 0.245
11995.000 0.246
12000.000 0.246
