105.000 0.041
110.000 2.265
115.000 5.548
120.000 6.894
125.000 7.464
130.000 8.751
135.000 8.936
140.000 9.097
145.000 10.107
150.000 9.881
155.000 9.977
160.000 10.126
165.000 10.155
170.000 9.983
175.000 9.944
180.000 9.785
185.000 9.845
190.000 9.786
195.000 9.835
200.000 9.900
205.000 10.183
210.000 10.516
215.000 10.828
220.000 11.261
225.000 11.471
230.000 11.890
235.000 11.927
240.000 11.768
245.000 11.800
250.000 12.558
255.000 12.013
260.000 13.015
265.000 12.852
270.000 12.944
275.000 13.235
280.000 13.559
285.000 13.715
290.000 14.138
295.000 14.666
300.000 14.872
305.000 15.466
310.000 16.369
315.000 17.123
320.000 17.128
325.000 17.455
330.000 18.685
335.000 19.126
340.000 19.683
345.000 20.503
350.000 21.013
355.000 21.983
360.000 23.315
365.000 24.204
370.000 25.147
375.000 25.793
380.000 27.482
385.000 27.726
390.000 28.777
395.000 30.052
400.000 30.692
405.000 32.011
410.000 32.686
415.000 33.848
420.000 34.862
425.000 35.706
430.000 37.039
435.000 37.390
440.000 38.380
445.000 39.102
450.000 39.403
455.000 39.562
460.000 39.604
465.000 39.100
470.000 37.810
475.000 38.142
480.000 37.839
485.000 37.823
490.000 36.917
495.000 35.738
500.000 35.833
505.000 36.031
510.000 35.536
515.000 35.263
520.000 35.704
525.000 35.504
530.000 35.769
535.000 36.043
540.000 36.792
545.000 37.922
550.000 38.668
555.000 40.586
560.000 42.000
565.000 45.341
570.000 49.340
575.000 52.085
580.000 57.715
585.000 60.508
590.000 65.350
595.000 65.668
600.000 65.236
605.000 58.080
610.000 49.686
615.000 34.327
620.000 24.958
625.000 21.666
630.000 17.089
635.000 15.395
640.000 12.700
645.000 11.021
650.000 10.111
655.000 8.878
660.000 8.216
665.000 7.242
670.000 6.280
675.000 5.915
680.000 5.211
685.000 4.876
690.000 4.336
695.000 4.192
700.000 4.201
705.000 3.952
710.000 3.503
715.000 3.043
720.000 2.765
725.000 2.658
730.000 2.427
735.000 2.321
740.000 2.139
745.000 1.984
750.000 1.907
755.000 1.776
760.000 1.711
765.000 1.613
770.000 1.518
775.000 1.477
780.000 1.401
785.000 1.370
790.000 1.517
795.000 1.265
800.000 1.216
805.000 1.185
810.000 1.146
815.000 1.088
820.000 1.016
825.000 0.990
830.000 0.932
835.000 0.913
840.000 0.866
845.000 0.823
850.000 0.802
855.000 0.769
860.000 0.751
865.000 0.743
870.000 0.737
875.000 0.702
880.000 0.653
885.000 0.642
890.000 0.619
895.000 0.606
900.000 0.580
905.000 0.559
910.000 0.550
915.000 0.531
920.000 0.522
925.000 0.503
930.000 0.492
935.000 0.486
940.000 0.470
945.000 0.470
950.000 0.456
955.000 0.448
960.000 0.450
965.000 0.442
970.000 0.433
975.000 0.432
980.000 0.429
985.000 0.419
990.000 0.419
995.000 0.414
1000.000 0.410
1005.000 0.422
1010.000 0.444
1015.000 0.451
1020.000 0.800
1025.000 0.458
1030.000 0.459
1035.000 0.468
1040.000 0.482
1045.000 0.489
1050.000 0.518
1055.000 0.558
1060.000 0.587
1065.000 0.639
1070.000 0.686
1075.000 0.769
1080.000 0.866
1085.000 0.910
1090.000 1.074
1095.000 1.178
1100.000 1.463
1105.000 1.937
1110.000 2.254
1115.000 3.018
1120.000 3.457
1125.000 4.505
1130.000 6.385
1135.000 7.591
1140.000 6.841
1145.000 6.079
1150.000 4.559
1155.000 3.455
1160.000 3.048
1165.000 2.441
1170.000 2.179
1175.000 1.829
1180.000 1.572
1185.000 1.472
1190.000 1.320
1195.000 1.479
1200.000 1.331
1205.000 1.209
1210.000 1.173
1215.000 1.080
1220.000 1.038
1225.000 1.022
1230.000 0.974
1235.000 0.939
1240.000 0.888
1245.000 0.863
1250.000 0.843
1255.000 0.816
1260.000 0.804
1265.000 0.791
1270.000 0.781
1275.000 0.766
1280.000 0.802
1285.000 0.775
1290.000 0.749
1295.000 0.742
1300.000 0.733
1305.000 0.738
1310.000 0.729
1315.000 0.722
1320.000 0.721
1325.000 0.805
1330.000 0.799
1335.000 0.802
1340.000 0.773
1345.000 0.754
1350.000 0.743
1355.000 0.743
1360.000 0.747
1365.000 0.746
1370.000 0.746
1375.000 0.750
1380.000 0.777
1385.000 0.771
1390.000 0.773
1395.000 0.776
1400.000 0.785
1405.000 0.809
1410.000 0.815
1415.000 0.831
1420.000 0.839
1425.000 0.868
1430.000 0.877
1435.000 0.887
1440.000 0.909
1445.000 0.929
1450.000 0.962
1455.000 0.987
1460.000 1.037
1465.000 1.071
1470.000 1.075
1475.000 1.114
1480.000 1.129
1485.000 1.183
1490.000 1.252
1495.000 1.282
1500.000 1.354
1505.000 1.409
1510.000 1.507
1515.000 1.620
1520.000 1.688
1525.000 1.851
1530.000 1.948
1535.000 2.206
1540.000 2.522
1545.000 2.733
1550.000 3.270
1555.000 3.634
1560.000 4.552
1565.000 5.864
1570.000 6.636
1575.000 8.433
1580.000 9.228
1585.000 10.124
1590.000 9.100
1595.000 7.966
1600.000 5.744
1605.000 4.835
1610.000 3.552
1615.000 2.711
1620.000 2.394
1625.000 1.907
1630.000 1.725
1635.000 1.422
1640.000 1.215
1645.000 1.135
1650.000 0.997
1655.000 0.956
1660.000 0.869
1665.000 0.782
1670.000 0.755
1675.000 0.714
1680.000 0.699
1685.000 0.692
1690.000 0.683
1695.000 0.678
1700.000 0.676
1705.000 0.671
1710.000 0.710
1715.000 0.682
1720.000 0.667
1725.000 0.648
1730.000 0.633
1735.000 0.612
1740.000 0.594
1745.000 0.581
1750.000 0.558
1755.000 0.550
1760.000 0.526
1765.000 0.502
1770.000 0.490
1775.000 0.475
1780.000 0.462
1785.000 0.444
1790.000 0.427
1795.000 0.419
1800.000 0.404
1805.000 0.395
1810.000 0.380
1815.000 0.366
1820.000 0.358
1825.000 0.344
1830.000 0.340
1835.000 0.327
1840.000 0.317
1845.000 0.313
1850.000 0.301
1855.000 0.295
1860.000 0.283
1865.000 0.272
1870.000 0.268
1875.000 0.260
1880.000 0.254
1885.000 0.246
1890.000 0.235
1895.000 0.231
1900.000 0.224
1905.000 0.220
1910.000 0.213
1915.000 0.202
1920.000 0.199
1925.000 0.191
1930.000 0.188
1935.000 0.182
1940.000 0.172
1945.000 0.165
1950.000 0.158
1955.000 0.159
1960.000 0.151
1965.000 0.143
1970.000 0.145
1975.000 0.136
1980.000 0.131
1985.000 0.130
1990.000 0.112
1995.000 0.122
2000.000 0.112
2005.000 0.111
2010.000 0.100
2015.000 0.101
2020.000 0.095
2025.000 0.089
2030.000 0.080
2035.000 0.079
2040.000 0.070
2045.000 0.066
2050.000 0.067
2055.000 0.063
2060.000 0.054
2065.000 0.059
2070.000 0.047
2075.000 0.043
2080.000 0.042
2085.000 0.039
2090.000 0.037
2095.000 0.034
2100.000 0.033
2105.000 0.032
2110.000 0.029
2115.000 0.030
2120.000 0.031
2125.000 0.033
2130.000 0.034
2135.000 0.033
2140.000 0.036
2145.000 0.037
2150.000 0.039
2155.000 0.042
2160.000 0.043
2165.000 0.044
2170.000 0.050
2175.000 0.050
2180.000 0.052
2185.000 0.054
2190.000 0.056
2195.000 0.060
2200.000 0.064
2205.000 0.063
2210.000 0.065
2215.000 0.068
2220.000 0.071
2225.000 0.073
2230.000 0.073
2235.000 0.075
2240.000 0.078
2245.000 0.078
2250.000 0.081
2255.000 0.087
2260.000 0.090
2265.000 0.090
2270.000 0.094
2275.000 0.095
2280.000 0.095
2285.000 0.098
2290.000 0.099
2295.000 0.102
2300.000 0.100
2305.000 0.100
2310.000 0.102
2315.000 0.102
2320.000 0.103
2325.000 0.104
2330.000 0.106
2335.000 0.107
2340.000 0.108
2345.000 0.116
2350.000 0.116
2355.000 0.115
2360.000 0.116
2365.000 0.116
2370.000 0.116
2375.000 0.117
2380.000 0.121
2385.000 0.122
2390.000 0.120
2395.000 0.122
2400.000 0.120
2405.000 0.121
2410.000 0.122
2415.000 0.121
2420.000 0.124
2425.000 0.125
2430.000 0.123
2435.000 0.126
2440.000 0.126
2445.000 0.126
2450.000 0.127
2455.000 0.130
2460.000 0.131
2465.000 0.130
2470.000 0.131
2475.000 0.132
2480.000 0.130
2485.000 0.135
2490.000 0.133
2495.000 0.135
2500.000 0.134
2505.000 0.138
2510.000 0.136
2515.000 0.137
2520.000 0.139
2525.000 0.138
2530.000 0.138
2535.000 0.140
2540.000 0.150
2545.000 0.193
2550.000 0.185
2555.000 0.183
2560.000 0.172
2565.000 0.169
2570.000 0.164
2575.000 0.160
2580.000 0.159
2585.000 0.154
2590.000 0.156
2595.000 0.154
2600.000 0.152
2605.000 0.153
2610.000 0.149
2615.000 0.153
2620.000 0.152
2625.000 0.151
2630.000 0.154
2635.000 0.154
2640.000 0.154
2645.000 0.153
2650.000 0.154
2655.000 0.153
2660.000 0.154
2665.000 0.153
2670.000 0.155
2675.000 0.156
2680.000 0.156
2685.000 0.157
2690.000 0.154
2695.000 0.157
2700.000 0.156
2705.000 0.156
2710.000 0.158
2715.000 0.160
2720.000 0.159
2725.000 0.156
2730.000 0.157
2735.000 0.159
2740.000 0.160
2745.000 0.160
2750.000 0.161
2755.000 0.159
2760.000 0.159
2765.000 0.161
2770.000 0.162
2775.000 0.161
2780.000 0.161
2785.000 0.161
2790.000 0.164
2795.000 0.161
2800.000 0.161
2805.000 0.162
2810.000 0.164
2815.000 0.164
2820.000 0.162
2825.000 0.164
2830.000 0.164
2835.000 0.164
2840.000 0.165
2845.000 0.166
2850.000 0.168
2855.000 0.169
2860.000 0.168
2865.000 0.168
2870.000 0.167
2875.000 0.166
2880.000 0.168
2885.000 0.171
2890.000 0.170
2895.000 0.169
2900.000 0.170
2905.000 0.169
2910.000 0.169
2915.000 0.170
2920.000 0.169
2925.000 0.171
2930.000 0.167
2935.000 0.173
2940.000 0.170
2945.000 0.175
2950.000 0.176
2955.000 0.173
2960.000 0.172
2965.000 0.171
2970.000 0.182
2975.000 0.176
2980.000 0.172
2985.000 0.180
2990.000 0.175
2995.000 0.179
3000.000 0.183
3005.000 0.177
3010.000 0.184
3015.000 0.178
3020.000 0.181
3025.000 0.192
3030.000 0.189
3035.000 0.190
3040.000 0.180
3045.000 0.182
3050.000 0.188
3055.000 0.190
3060.000 0.194
3065.000 0.197
3070.000 0.190
3075.000 0.193
3080.000 0.199
3085.000 0.201
3090.000 0.202
3095.000 0.207
3100.000 0.216
3105.000 0.214
3110.000 0.214
3115.000 0.240
3120.000 0.279
3125.000 0.275
3130.000 0.267
3135.000 0.264
3140.000 0.255
3145.000 0.255
3150.000 0.254
3155.000 0.284
3160.000 0.304
3165.000 0.297
3170.000 0.297
3175.000 0.292
3180.000 0.300
3185.000 0.300
3190.000 0.313
3195.000 0.319
3200.000 0.323
3205.000 0.331
3210.000 0.341
3215.000 0.360
3220.000 0.368
3225.000 0.372
3230.000 0.388
3235.000 0.394
3240.000 0.418
3245.000 0.439
3250.000 0.447
3255.000 0.479
3260.000 0.488
3265.000 0.502
3270.000 0.530
3275.000 0.548
3280.000 0.584
3285.000 0.621
3290.000 0.660
3295.000 0.695
3300.000 0.719
3305.000 0.767
3310.000 0.798
3315.000 0.874
3320.000 0.956
3325.000 0.998
3330.000 1.118
3335.000 1.178
3340.000 1.336
3345.000 1.536
3350.000 1.660
3355.000 1.957
3360.000 2.139
3365.000 2.608
3370.000 3.242
3375.000 3.643
3380.000 4.649
3385.000 5.269
3390.000 6.812
3395.000 8.771
3400.000 9.953
3405.000 12.699
3410.000 14.313
3415.000 17.831
3420.000 21.186
3425.000 22.393
3430.000 22.682
3435.000 21.714
3440.000 18.359
3445.000 15.103
3450.000 13.637
3455.000 11.040
3460.000 9.953
3465.000 8.196
3470.000 6.878
3475.000 6.346
3480.000 5.506
3485.000 5.190
3490.000 4.703
3495.000 4.376
3500.000 4.249
3505.000 4.142
3510.000 4.145
3515.000 4.188
3520.000 4.266
3525.000 4.318
3530.000 4.455
3535.000 4.540
3540.000 4.736
3545.000 5.001
3550.000 5.179
3555.000 5.565
3560.000 5.814
3565.000 6.477
3570.000 6.899
3575.000 8.022
3580.000 9.589
3585.000 10.562
3590.000 12.822
3595.000 14.001
3600.000 15.738
3605.000 15.637
3610.000 14.709
3615.000 12.114
3620.000 10.760
3625.000 8.455
3630.000 6.751
3635.000 6.096
3640.000 5.165
3645.000 4.829
3650.000 4.431
3655.000 4.026
3660.000 3.805
3665.000 3.442
3670.000 3.333
3675.000 3.048
3680.000 2.817
3685.000 2.700
3690.000 2.526
3695.000 2.443
3700.000 2.295
3705.000 2.193
3710.000 2.123
3715.000 2.011
3720.000 2.021
3725.000 1.915
3730.000 1.783
3735.000 1.726
3740.000 1.641
3745.000 1.596
3750.000 1.519
3755.000 1.464
3760.000 1.489
3765.000 1.456
3770.000 1.425
3775.000 1.389
3780.000 1.364
3785.000 1.358
3790.000 1.354
3795.000 1.358
3800.000 1.421
3805.000 1.468
3810.000 1.478
3815.000 1.487
3820.000 1.500
3825.000 1.542
3830.000 1.597
3835.000 1.612
3840.000 1.750
3845.000 1.791
3850.000 1.886
3855.000 1.990
3860.000 2.044
3865.000 2.188
3870.000 2.257
3875.000 2.412
3880.000 2.719
3885.000 2.866
3890.000 3.253
3895.000 3.460
3900.000 4.065
3905.000 4.978
3910.000 5.577
3915.000 7.045
3920.000 7.907
3925.000 9.511
3930.000 10.219
3935.000 9.859
3940.000 8.417
3945.000 7.357
3950.000 5.498
3955.000 4.184
3960.000 3.705
3965.000 2.968
3970.000 2.683
3975.000 2.275
3980.000 2.004
3985.000 1.893
3990.000 1.706
3995.000 1.666
4000.000 1.543
4005.000 1.422
4010.000 1.357
4015.000 1.256
4020.000 1.188
4025.000 1.086
4030.000 0.982
4035.000 0.964
4040.000 0.874
4045.000 0.839
4050.000 0.789
4055.000 0.750
4060.000 0.734
4065.000 0.688
4070.000 0.676
4075.000 0.647
4080.000 0.622
4085.000 0.611
4090.000 0.595
4095.000 0.608
4100.000 0.599
4105.000 0.586
4110.000 0.579
4115.000 0.570
4120.000 0.564
4125.000 0.563
4130.000 0.563
4135.000 0.563
4140.000 0.568
4145.000 0.574
4150.000 0.587
4155.000 0.617
4160.000 0.671
4165.000 0.689
4170.000 0.703
4175.000 0.738
4180.000 0.763
4185.000 0.834
4190.000 0.952
4195.000 1.009
4200.000 1.124
4205.000 1.204
4210.000 1.418
4215.000 1.606
4220.000 1.670
4225.000 1.634
4230.000 1.521
4235.000 1.194
4240.000 0.875
4245.000 0.744
4250.000 0.558
4255.000 0.482
4260.000 0.367
4265.000 0.286
4270.000 0.256
4275.000 0.211
4280.000 0.191
4285.000 0.163
4290.000 0.147
4295.000 0.142
4300.000 0.130
4305.000 0.127
4310.000 0.122
4315.000 0.118
4320.000 0.116
4325.000 0.115
4330.000 0.115
4335.000 0.117
4340.000 0.119
4345.000 0.118
4350.000 0.120
4355.000 0.121
4360.000 0.120
4365.000 0.122
4370.000 0.122
4375.000 0.123
4380.000 0.125
4385.000 0.126
4390.000 0.126
4395.000 0.127
4400.000 0.128
4405.000 0.130
4410.000 0.130
4415.000 0.132
4420.000 0.131
4425.000 0.132
4430.000 0.132
4435.000 0.134
4440.000 0.135
4445.000 0.135
4450.000 0.137
4455.000 0.137
4460.000 0.136
4465.000 0.137
4470.000 0.136
4475.000 0.137
4480.000 0.140
4485.000 0.138
4490.000 0.137
4495.000 0.139
4500.000 0.138
4505.000 0.141
4510.000 0.142
4515.000 0.142
4520.000 0.143
4525.000 0.140
4530.000 0.160
4535.000 0.176
4540.000 0.172
4545.000 0.169
4550.000 0.166
4555.000 0.163
4560.000 0.157
4565.000 0.153
4570.000 0.154
4575.000 0.149
4580.000 0.150
4585.000 0.148
4590.000 0.148
4595.000 0.149
4600.000 0.150
4605.000 0.148
4610.000 0.149
4615.000 0.149
4620.000 0.147
4625.000 0.148
4630.000 0.150
4635.000 0.149
4640.000 0.150
4645.000 0.149
4650.000 0.150
4655.000 0.150
4660.000 0.149
4665.000 0.150
4670.000 0.151
4675.000 0.149
4680.000 0.152
4685.000 0.150
4690.000 0.149
4695.000 0.150
4700.000 0.150
4705.000 0.151
4710.000 0.153
4715.000 0.153
4720.000 0.154
4725.000 0.154
4730.000 0.153
4735.000 0.156
4740.000 0.155
4745.000 0.155
4750.000 0.155
4755.000 0.154
4760.000 0.158
4765.000 0.159
4770.000 0.158
4775.000 0.160
4780.000 0.158
4785.000 0.161
4790.000 0.158
4795.000 0.159
4800.000 0.161
4805.000 0.161
4810.000 0.160
4815.000 0.160
4820.000 0.162
4825.000 0.163
4830.000 0.159
4835.000 0.162
4840.000 0.163
4845.000 0.163
4850.000 0.162
4855.000 0.162
4860.000 0.162
4865.000 0.163
4870.000 0.164
4875.000 0.164
4880.000 0.162
4885.000 0.165
4890.000 0.167
4895.000 0.165
4900.000 0.164
4905.000 0.167
4910.000 0.167
4915.000 0.165
4920.000 0.165
4925.000 0.167
4930.000 0.165
4935.000 0.165
4940.000 0.166
4945.000 0.164
4950.000 0.166
4955.000 0.163
4960.000 0.167
4965.000 0.169
4970.000 0.162
4975.000 0.167
4980.000 0.162
4985.000 0.159
4990.000 0.169
4995.000 0.159
5000.000 0.166
5005.000 0.160
5010.000 0.160
5015.000 0.157
5020.000 0.164
5025.000 0.160
5030.000 0.165
5035.000 0.161
5040.000 0.161
5045.000 0.162
5050.000 0.168
5055.000 0.167
5060.000 0.166
5065.000 0.164
5070.000 0.166
5075.000 0.167
5080.000 0.167
5085.000 0.171
5090.000 0.171
5095.000 0.170
5100.000 0.175
5105.000 0.176
5110.000 0.179
5115.000 0.178
5120.000 0.181
5125.000 0.184
5130.000 0.186
5135.000 0.186
5140.000 0.188
5145.000 0.187
5150.000 0.187
5155.000 0.186
5160.000 0.188
5165.000 0.188
5170.000 0.188
5175.000 0.191
5180.000 0.190
5185.000 0.191
5190.000 0.189
5195.000 0.191
5200.000 0.191
5205.000 0.190
5210.000 0.190
5215.000 0.190
5220.000 0.190
5225.000 0.190
5230.000 0.190
5235.000 0.190
5240.000 0.191
5245.000 0.189
5250.000 0.190
5255.000 0.189
5260.000 0.189
5265.000 0.193
5270.000 0.192
5275.000 0.190
5280.000 0.191
5285.000 0.190
5290.000 0.193
5295.000 0.192
5300.000 0.192
5305.000 0.194
5310.000 0.194
5315.000 0.195
5320.000 0.194
5325.000 0.196
5330.000 0.194
5335.000 0.200
5340.000 0.198
5345.000 0.198
5350.000 0.199
5355.000 0.199
5360.000 0.200
5365.000 0.203
5370.000 0.202
5375.000 0.203
5380.000 0.204
5385.000 0.205
5390.000 0.206
5395.000 0.205
5400.000 0.207
5405.000 0.207
5410.000 0.209
5415.000 0.210
5420.000 0.208
5425.000 0.209
5430.000 0.210
5435.000 0.213
5440.000 0.212
5445.000 0.213
5450.000 0.215
5455.000 0.216
5460.000 0.217
5465.000 0.217
5470.000 0.223
5475.000 0.223
5480.000 0.220
5485.000 0.222
5490.000 0.219
5495.000 0.221
5500.000 0.222
5505.000 0.223
5510.000 0.226
5515.000 0.220
5520.000 0.223
5525.000 0.231
5530.000 0.232
5535.000 0.230
5540.000 0.229
5545.000 0.227
5550.000 0.222
5555.000 0.220
5560.000 0.223
5565.000 0.220
5570.000 0.223
5575.000 0.225
5580.000 0.223
5585.000 0.223
5590.000 0.226
5595.000 0.223
5600.000 0.229
5605.000 0.225
5610.000 0.227
5615.000 0.224
5620.000 0.224
5625.000 0.226
5630.000 0.225
5635.000 0.229
5640.000 0.226
5645.000 0.227
5650.000 0.227
5655.000 0.226
5660.000 0.228
5665.000 0.224
5670.000 0.224
5675.000 0.224
5680.000 0.224
5685.000 0.223
5690.000 0.225
5695.000 0.227
5700.000 0.227
5705.000 0.228
5710.000 0.227
5715.000 0.230
5720.000 0.237
5725.000 0.249
5730.000 0.248
5735.000 0.240
5740.000 0.243
5745.000 0.245
5750.000 0.235
5755.000 0.236
5760.000 0.237
5765.000 0.234
5770.000 0.234
5775.000 0.230
5780.000 0.229
5785.000 0.233
5790.000 0.233
5795.000 0.231
5800.000 0.238
5805.000 0.253
5810.000 0.248
5815.000 0.247
5820.000 0.244
5825.000 0.242
5830.000 0.239
5835.000 0.237
5840.000 0.237
5845.000 0.239
5850.000 0.237
5855.000 0.237
5860.000 0.247
5865.000 0.269
5870.000 0.263
5875.000 0.257
5880.000 0.255
5885.000 0.248
5890.000 0.248
5895.000 0.249
5900.000 0.260
5905.000 0.264
5910.000 0.257
5915.000 0.252
5920.000 0.246
5925.000 0.246
5930.000 0.246
5935.000 0.241
5940.000 0.243
5945.000 0.257
5950.000 0.259
5955.000 0.255
5960.000 0.255
5965.000 0.254
5970.000 0.255
5975.000 0.262
5980.000 0.263
5985.000 0.254
5990.000 0.245
5995.000 0.245
6000.000 0.260
6005.000 0.247
6010.000 0.242
6015.000 0.246
6020.000 0.256
6025.000 0.252
6030.000 0.240
6035.000 0.251
6040.000 0.250
6045.000 0.251
6050.000 0.240
6055.000 0.245
6060.000 0.243
6065.000 0.240
6070.000 0.249
6075.000 0.245
6080.000 0.241
6085.000 0.240
6090.000 0.240
6095.000 0.242
6100.000 0.245
6105.000 0.242
6110.000 0.243
6115.000 0.243
6120.000 0.243
6125.000 0.244
6130.000 0.243
6135.000 0.244
6140.000 0.242
6145.000 0.243
6150.000 0.242
6155.000 0.246
6160.000 0.247
6165.000 0.245
6170.000 0.250
6175.000 0.248
6180.000 0.245
6185.000 0.245
6190.000 0.243
6195.000 0.245
6200.000 0.247
6205.000 0.247
6210.000 0.244
6215.000 0.245
6220.000 0.246
6225.000 0.245
6230.000 0.246
6235.000 0.247
6240.000 0.248
6245.000 0.246
6250.000 0.250
6255.000 0.249
6260.000 0.248
6265.000 0.250
6270.000 0.251
6275.000 0.250
6280.000 0.250
6285.000 0.248
6290.000 0.253
6295.000 0.253
6300.000 0.255
6305.000 0.252
6310.000 0.257
6315.000 0.253
6320.000 0.252
6325.000 0.252
6330.000 0.253
6335.000 0.252
6340.000 0.253
6345.000 0.251
6350.000 0.251
6355.000 0.255
6360.000 0.255
6365.000 0.253
6370.000 0.257
6375.000 0.257
6380.000 0.255
6385.000 0.257
6390.000 0.254
6395.000 0.254
6400.000 0.256
6405.000 0.257
6410.000 0.253
6415.000 0.255
6420.000 0.273
6425.000 0.280
6430.000 0.276
6435.000 0.270
6440.000 0.269
6445.000 0.289
6450.000 0.287
6455.000 0.284
6460.000 0.283
6465.000 0.281
6470.000 0.278
6475.000 0.273
6480.000 0.269
6485.000 0.274
6490.000 0.278
6495.000 0.294
6500.000 0.291
6505.000 0.284
6510.000 0.290
6515.000 0.288
6520.000 0.286
6525.000 0.287
6530.000 0.287
6535.000 0.286
6540.000 0.287
6545.000 0.295
6550.000 0.290
6555.000 0.295
6560.000 0.291
6565.000 0.293
6570.000 0.315
6575.000 0.314
6580.000 0.313
6585.000 0.310
6590.000 0.314
6595.000 0.311
6600.000 0.313
6605.000 0.317
6610.000 0.318
6615.000 0.318
6620.000 0.321
6625.000 0.324
6630.000 0.324
6635.000 0.323
6640.000 0.333
6645.000 0.339
6650.000 0.347
6655.000 0.355
6660.000 0.360
6665.000 0.371
6670.000 0.386
6675.000 0.392
6680.000 0.413
6685.000 0.422
6690.000 0.442
6695.000 0.465
6700.000 0.475
6705.000 0.504
6710.000 0.522
6715.000 0.562
6720.000 0.600
6725.000 0.628
6730.000 0.684
6735.000 0.767
6740.000 0.813
6745.000 0.922
6750.000 0.993
6755.000 1.216
6760.000 1.456
6765.000 1.611
6770.000 2.012
6775.000 2.283
6780.000 2.999
6785.000 3.997
6790.000 4.619
6795.000 6.156
6800.000 7.080
6805.000 9.143
6810.000 11.251
6815.000 12.172
6820.000 12.863
6825.000 12.639
6830.000 11.337
6835.000 10.522
6840.000 8.999
6845.000 7.747
6850.000 7.229
6855.000 6.462
6860.000 6.092
6865.000 5.546
6870.000 5.182
6875.000 5.073
6880.000 5.150
6885.000 5.272
6890.000 5.513
6895.000 6.122
6900.000 6.563
6905.000 7.571
6910.000 8.171
6915.000 9.525
6920.000 10.923
6925.000 11.488
6930.000 11.952
6935.000 11.673
6940.000 10.113
6945.000 8.113
6950.000 7.209
6955.000 5.769
6960.000 5.234
6965.000 4.402
6970.000 3.796
6975.000 3.561
6980.000 3.213
6985.000 3.079
6990.000 2.856
6995.000 2.678
7000.000 2.598
7005.000 2.491
7010.000 2.442
7015.000 2.356
7020.000 2.280
7025.000 2.267
7030.000 2.223
7035.000 2.211
7040.000 2.202
7045.000 2.199
7050.000 2.206
7055.000 2.216
7060.000 2.245
7065.000 2.303
7070.000 2.366
7075.000 2.409
7080.000 2.501
7085.000 2.561
7090.000 2.709
7095.000 2.894
7100.000 3.012
7105.000 3.311
7110.000 3.507
7115.000 4.097
7120.000 4.461
7125.000 5.267
7130.000 6.215
7135.000 6.612
7140.000 7.471
7145.000 7.481
7150.000 6.801
7155.000 5.608
7160.000 4.985
7165.000 3.933
7170.000 3.523
7175.000 2.949
7180.000 2.515
7185.000 2.342
7190.000 2.052
7195.000 1.959
7200.000 1.755
7205.000 1.579
7210.000 1.502
7215.000 1.370
7220.000 1.316
7225.000 1.280
7230.000 1.200
7235.000 1.163
7240.000 1.065
7245.000 1.024
7250.000 0.954
7255.000 0.899
7260.000 0.878
7265.000 0.845
7270.000 0.834
7275.000 0.872
7280.000 0.862
7285.000 0.860
7290.000 0.863
7295.000 0.874
7300.000 0.902
7305.000 0.964
7310.000 1.005
7315.000 1.111
7320.000 1.184
7325.000 1.310
7330.000 1.452
7335.000 1.521
7340.000 1.618
7345.000 1.626
7350.000 1.519
7355.000 1.293
7360.000 1.180
7365.000 0.945
7370.000 0.851
7375.000 0.690
7380.000 0.578
7385.000 0.533
7390.000 0.461
7395.000 0.435
7400.000 0.386
7405.000 0.348
7410.000 0.330
7415.000 0.305
7420.000 0.297
7425.000 0.280
7430.000 0.267
7435.000 0.261
7440.000 0.250
7445.000 0.244
7450.000 0.237
7455.000 0.234
7460.000 0.232
7465.000 0.226
7470.000 0.224
7475.000 0.220
7480.000 0.218
7485.000 0.217
7490.000 0.214
7495.000 0.212
7500.000 0.212
7505.000 0.210
7510.000 0.210
7515.000 0.207
7520.000 0.208
7525.000 0.205
7530.000 0.205
7535.000 0.204
7540.000 0.204
7545.000 0.203
7550.000 0.203
7555.000 0.202
7560.000 0.203
7565.000 0.200
7570.000 0.200
7575.000 0.199
7580.000 0.200
7585.000 0.201
7590.000 0.206
7595.000 0.204
7600.000 0.203
7605.000 0.205
7610.000 0.213
7615.000 0.213
7620.000 0.209
7625.000 0.209
7630.000 0.206
7635.000 0.206
7640.000 0.203
7645.000 0.204
7650.000 0.202
7655.000 0.201
7660.000 0.202
7665.000 0.201
7670.000 0.201
7675.000 0.200
7680.000 0.203
7685.000 0.202
7690.000 0.200
7695.000 0.201
7700.000 0.203
7705.000 0.206
7710.000 0.205
7715.000 0.205
7720.000 0.204
7725.000 0.204
7730.000 0.210
7735.000 0.208
7740.000 0.210
7745.000 0.210
7750.000 0.208
7755.000 0.214
7760.000 0.216
7765.000 0.214
7770.000 0.211
7775.000 0.209
7780.000 0.208
7785.000 0.207
7790.000 0.207
7795.000 0.206
7800.000 0.214
7805.000 0.214
7810.000 0.211
7815.000 0.209
7820.000 0.213
7825.000 0.216
7830.000 0.214
7835.000 0.211
7840.000 0.209
7845.000 0.209
7850.000 0.206
7855.000 0.207
7860.000 0.205
7865.000 0.206
7870.000 0.206
7875.000 0.203
7880.000 0.204
7885.000 0.206
7890.000 0.202
7895.000 0.203
7900.000 0.202
7905.000 0.201
7910.000 0.203
7915.000 0.202
7920.000 0.202
7925.000 0.202
7930.000 0.204
7935.000 0.204
7940.000 0.200
7945.000 0.207
7950.000 0.248
7955.000 0.250
7960.000 0.242
7965.000 0.231
7970.000 0.227
7975.000 0.221
7980.000 0.221
7985.000 0.215
7990.000 0.208
7995.000 0.207
8000.000 0.202
8005.000 0.206
8010.000 0.211
8015.000 0.210
8020.000 0.207
8025.000 0.205
8030.000 0.215
8035.000 0.206
8040.000 0.217
8045.000 0.214
8050.000 0.211
8055.000 0.214
8060.000 0.213
8065.000 0.207
8070.000 0.211
8075.000 0.214
8080.000 0.209
8085.000 0.210
8090.000 0.209
8095.000 0.207
8100.000 0.210
8105.000 0.208
8110.000 0.208
8115.000 0.206
8120.000 0.207
8125.000 0.217
8130.000 0.214
8135.000 0.214
8140.000 0.210
8145.000 0.210
8150.000 0.208
8155.000 0.209
8160.000 0.209
8165.000 0.206
8170.000 0.210
8175.000 0.209
8180.000 0.209
8185.000 0.218
8190.000 0.215
8195.000 0.213
8200.000 0.213
8205.000 0.216
8210.000 0.220
8215.000 0.215
8220.000 0.215
8225.000 0.214
8230.000 0.214
8235.000 0.213
8240.000 0.213
8245.000 0.213
8250.000 0.211
8255.000 0.213
8260.000 0.212
8265.000 0.211
8270.000 0.210
8275.000 0.211
8280.000 0.211
8285.000 0.211
8290.000 0.212
8295.000 0.211
8300.000 0.210
8305.000 0.212
8310.000 0.211
8315.000 0.213
8320.000 0.213
8325.000 0.214
8330.000 0.214
8335.000 0.212
8340.000 0.214
8345.000 0.213
8350.000 0.214
8355.000 0.214
8360.000 0.214
8365.000 0.215
8370.000 0.214
8375.000 0.214
8380.000 0.216
8385.000 0.215
8390.000 0.215
8395.000 0.216
8400.000 0.218
8405.000 0.216
8410.000 0.220
8415.000 0.221
8420.000 0.220
8425.000 0.220
8430.000 0.219
8435.000 0.220
8440.000 0.219
8445.000 0.219
8450.000 0.218
8455.000 0.218
8460.000 0.220
8465.000 0.217
8470.000 0.217
8475.000 0.221
8480.000 0.217
8485.000 0.220
8490.000 0.219
8495.000 0.220
8500.000 0.220
8505.000 0.220
8510.000 0.221
8515.000 0.222
8520.000 0.222
8525.000 0.222
8530.000 0.221
8535.000 0.223
8540.000 0.222
8545.000 0.223
8550.000 0.224
8555.000 0.229
8560.000 0.235
8565.000 0.233
8570.000 0.229
8575.000 0.229
8580.000 0.233
8585.000 0.229
8590.000 0.232
8595.000 0.234
8600.000 0.230
8605.000 0.231
8610.000 0.231
8615.000 0.231
8620.000 0.230
8625.000 0.229
8630.000 0.228
8635.000 0.228
8640.000 0.228
8645.000 0.228
8650.000 0.230
8655.000 0.229
8660.000 0.229
8665.000 0.226
8670.000 0.228
8675.000 0.228
8680.000 0.228
8685.000 0.232
8690.000 0.231
8695.000 0.230
8700.000 0.230
8705.000 0.231
8710.000 0.231
8715.000 0.231
8720.000 0.232
8725.000 0.233
8730.000 0.233
8735.000 0.234
8740.000 0.235
8745.000 0.234
8750.000 0.236
8755.000 0.234
8760.000 0.235
8765.000 0.235
8770.000 0.235
8775.000 0.236
8780.000 0.237
8785.000 0.236
8790.000 0.235
8795.000 0.237
8800.000 0.239
8805.000 0.238
8810.000 0.241
8815.000 0.241
8820.000 0.245
8825.000 0.251
8830.000 0.234
8835.000 0.239
8840.000 0.248
8845.000 0.242
8850.000 0.243
8855.000 0.242
8860.000 0.241
8865.000 0.244
8870.000 0.242
8875.000 0.243
8880.000 0.242
8885.000 0.241
8890.000 0.243
8895.000 0.242
8900.000 0.246
8905.000 0.245
8910.000 0.244
8915.000 0.245
8920.000 0.245
8925.000 0.248
8930.000 0.248
8935.000 0.245
8940.000 0.249
8945.000 0.251
8950.000 0.249
8955.000 0.250
8960.000 0.254
8965.000 0.247
8970.000 0.256
8975.000 0.253
8980.000 0.250
8985.000 0.255
8990.000 0.250
8995.000 0.252
9000.000 0.255
9005.000 0.248
9010.000 0.252
9015.000 0.248
9020.000 0.257
9025.000 0.252
9030.000 0.251
9035.000 0.258
9040.000 0.254
9045.000 0.255
9050.000 0.257
9055.000 0.253
9060.000 0.259
9065.000 0.257
9070.000 0.262
9075.000 0.259
9080.000 0.257
9085.000 0.262
9090.000 0.261
9095.000 0.261
9100.000 0.266
9105.000 0.265
9110.000 0.266
9115.000 0.264
9120.000 0.262
9125.000 0.262
9130.000 0.264
9135.000 0.262
9140.000 0.263
9145.000 0.261
9150.000 0.262
9155.000 0.260
9160.000 0.260
9165.000 0.258
9170.000 0.260
9175.000 0.257
9180.000 0.261
9185.000 0.260
9190.000 0.258
9195.000 0.261
9200.000 0.258
9205.000 0.261
9210.000 0.262
9215.000 0.259
9220.000 0.258
9225.000 0.259
9230.000 0.261
9235.000 0.262
9240.000 0.263
9245.000 0.262
9250.000 0.264
9255.000 0.263
9260.000 0.261
9265.000 0.264
9270.000 0.265
9275.000 0.263
9280.000 0.260
9285.000 0.261
9290.000 0.262
9295.000 0.262
9300.000 0.262
9305.000 0.263
9310.000 0.260
9315.000 0.262
9320.000 0.260
9325.000 0.262
9330.000 0.260
9335.000 0.260
9340.000 0.257
9345.000 0.258
9350.000 0.260
9355.000 0.264
9360.000 0.259
9365.000 0.260
9370.000 0.260
9375.000 0.261
9380.000 0.266
9385.000 0.265
9390.000 0.266
9395.000 0.263
9400.000 0.265
9405.000 0.261
9410.000 0.260
9415.000 0.262
9420.000 0.259
9425.000 0.260
9430.000 0.271
9435.000 0.273
9440.000 0.274
9445.000 0.268
9450.000 0.269
9455.000 0.265
9460.000 0.266
9465.000 0.266
9470.000 0.267
9475.000 0.269
9480.000 0.267
9485.000 0.266
9490.000 0.267
9495.000 0.262
9500.000 0.266
9505.000 0.268
9510.000 0.269
9515.000 0.266
9520.000 0.267
9525.000 0.265
9530.000 0.268
9535.000 0.269
9540.000 0.268
9545.000 0.268
9550.000 0.269
9555.000 0.263
9560.000 0.264
9565.000 0.267
9570.000 0.265
9575.000 0.267
9580.000 0.267
9585.000 0.263
9590.000 0.265
9595.000 0.265
9600.000 0.263
9605.000 0.266
9610.000 0.263
9615.000 0.269
9620.000 0.267
9625.000 0.267
9630.000 0.267
9635.000 0.268
9640.000 0.267
9645.000 0.266
9650.000 0.267
9655.000 0.266
9660.000 0.264
9665.000 0.266
9670.000 0.271
9675.000 0.267
9680.000 0.265
9685.000 0.264
9690.000 0.264
9695.000 0.265
9700.000 0.265
9705.000 0.264
9710.000 0.267
9715.000 0.265
9720.000 0.266
9725.000 0.266
9730.000 0.265
9735.000 0.265
9740.000 0.263
9745.000 0.265
9750.000 0.267
9755.000 0.268
9760.000 0.267
9765.000 0.267
9770.000 0.268
9775.000 0.269
9780.000 0.270
9785.000 0.268
9790.000 0.271
9795.000 0.274
9800.000 0.275
9805.000 0.274
9810.000 0.276
9815.000 0.273
9820.000 0.271
9825.000 0.270
9830.000 0.272
9835.000 0.272
9840.000 0.271
9845.000 0.268
9850.000 0.272
9855.000 0.269
9860.000 0.268
9865.000 0.271
9870.000 0.271
9875.000 0.273
9880.000 0.274
9885.000 0.275
9890.000 0.272
9895.000 0.274
9900.000 0.274
9905.000 0.273
9910.000 0.278
9915.000 0.280
9920.000 0.278
9925.000 0.279
9930.000 0.279
9935.000 0.281
9940.000 0.283
9945.000 0.282
9950.000 0.282
9955.000 0.285
9960.000 0.285
9965.000 0.285
9970.000 0.287
9975.000 0.286
9980.000 0.291
9985.000 0.296
9990.000 0.291
9995.000 0.293
10000.000 0.304
10005.000 0.298
10010.000 0.300
10015.000 0.307
10020.000 0.308
10025.000 0.311
10030.000 0.319
10035.000 0.318
10040.000 0.327
10045.000 0.330
10050.000 0.334
10055.000 0.340
10060.000 0.349
10065.000 0.349
10070.000 0.365
10075.000 0.369
10080.000 0.379
10085.000 0.388
10090.000 0.395
10095.000 0.405
10100.000 0.423
10105.000 0.445
10110.000 0.457
10115.000 0.484
10120.000 0.501
10125.000 0.540
10130.000 0.590
10135.000 0.619
10140.000 0.696
10145.000 0.748
10150.000 0.880
10155.000 1.086
10160.000 1.225
10165.000 1.573
10170.000 1.771
10175.000 2.187
10180.000 2.467
10185.000 2.501
10190.000 2.347
10195.000 2.195
10200.000 1.875
10205.000 1.608
10210.000 1.501
10215.000 1.344
10220.000 1.288
10225.000 1.217
10230.000 1.208
10235.000 1.221
10240.000 1.292
10245.000 1.331
10250.000 1.454
10255.000 1.621
10260.000 1.735
10265.000 2.035
10270.000 2.229
10275.000 2.668
10280.000 3.149
10285.000 3.359
10290.000 3.629
10295.000 3.638
10300.000 3.395
10305.000 2.997
10310.000 2.796
10315.000 2.429
10320.000 2.269
10325.000 2.000
10330.000 1.832
10335.000 1.767
10340.000 1.661
10345.000 1.619
10350.000 1.539
10355.000 1.476
10360.000 1.451
10365.000 1.411
10370.000 1.398
10375.000 1.374
10380.000 1.357
10385.000 1.360
10390.000 1.358
10395.000 1.359
10400.000 1.387
10405.000 1.398
10415.000 1.486
10425.000 1.568
10430.000 1.654
10435.000 1.701
10440.000 1.819
10445.000 1.946
10450.000 2.016
10455.000 2.150
10460.000 2.200
10465.000 2.237
10475.000 3.909
10480.000 3.306
10485.000 2.599
10490.000 2.276
10495.000 1.726
10500.000 1.324
10505.000 1.171
10510.000 0.932
10515.000 0.841
10520.000 0.697
10525.000 0.588
10530.000 0.544
10535.000 0.483
10540.000 0.457
10545.000 0.409
10550.000 0.391
10555.000 0.358
10560.000 0.326
10565.000 0.317
10570.000 0.295
10575.000 0.288
10580.000 0.284
10585.000 0.284
10590.000 0.292
10595.000 0.314
10600.000 0.333
10605.000 0.388
10610.000 0.454
10615.000 0.497
10620.000 0.599
10625.000 0.657
10630.000 0.781
10635.000 0.867
10640.000 0.876
10645.000 0.834
10650.000 0.790
10655.000 0.693
10660.000 0.605
10665.000 0.567
10670.000 0.507
10675.000 0.490
10680.000 0.445
10685.000 0.422
10690.000 0.408
10695.000 0.389
10700.000 0.379
10705.000 0.368
10710.000 0.358
10715.000 0.352
10720.000 0.340
10725.000 0.338
10730.000 0.328
10735.000 0.324
10740.000 0.320
10745.000 0.310
10750.000 0.304
10755.000 0.304
10760.000 0.301
10765.000 0.300
10770.000 0.297
10775.000 0.293
10785.000 0.301
10790.000 0.295
10795.000 0.287
10800.000 0.286
10805.000 0.284
10810.000 0.282
10815.000 0.282
10820.000 0.281
10825.000 0.281
10830.000 0.281
10835.000 0.280
10840.000 0.278
10845.000 0.273
10850.000 0.274
10855.000 0.273
10860.000 0.272
10865.000 0.268
10875.000 0.272
10880.000 0.273
10885.000 0.271
10890.000 0.268
10895.000 0.270
10900.000 0.270
10905.000 0.270
10910.000 0.270
10915.000 0.268
10920.000 0.268
10925.000 0.267
10930.000 0.267
10935.000 0.266
10940.000 0.268
10945.000 0.265
10950.000 0.267
10955.000 0.262
10960.000 0.267
10965.000 0.263
10970.000 0.264
10975.000 0.267
10980.000 0.270
10985.000 0.265
10990.000 0.270
10995.000 0.262
11000.000 0.261
11005.000 0.267
11010.000 0.267
11015.000 0.263
11020.000 0.260
11025.000 0.268
11030.000 0.269
11035.000 0.277
11040.000 0.273
11045.000 0.276
11050.000 0.271
11055.000 0.265
11060.000 0.263
11065.000 0.263
11070.000 0.261
11075.000 0.260
11080.000 0.257
11085.000 0.256
11090.000 0.258
11095.000 0.257
11100.000 0.258
11105.000 0.256
11110.000 0.261
11115.000 0.261
11120.000 0.258
11125.000 0.259
11130.000 0.262
11135.000 0.260
11140.000 0.260
11145.000 0.257
11150.000 0.258
11160.000 0.266
11165.000 0.262
11170.000 0.262
11175.000 0.258
11180.000 0.258
11185.000 0.259
11190.000 0.257
11195.000 0.258
11200.000 0.260
11205.000 0.258
11210.000 0.258
11215.000 0.258
11220.000 0.254
11225.000 0.255
11230.000 0.255
11235.000 0.257
11240.000 0.255
11245.000 0.256
11250.000 0.255
11255.000 0.253
11260.000 0.253
11265.000 0.251
11270.000 0.255
11275.000 0.258
11280.000 0.255
11285.000 0.253
11290.000 0.252
11295.000 0.257
11300.000 0.257
11305.000 0.255
11310.000 0.254
11315.000 0.256
11320.000 0.257
11325.000 0.256
11330.000 0.254
11335.000 0.257
11340.000 0.255
11345.000 0.255
11350.000 0.256
11355.000 0.254
11360.000 0.256
11365.000 0.255
11370.000 0.255
11375.000 0.254
11380.000 0.253
11385.000 0.254
11390.000 0.257
11395.000 0.257
11400.000 0.257
11405.000 0.257
11410.000 0.253
11415.000 0.254
11420.000 0.253
11425.000 0.252
11430.000 0.253
11435.000 0.253
11440.000 0.255
11445.000 0.252
11450.000 0.251
11455.000 0.251
11460.000 0.252
11465.000 0.250
11470.000 0.251
11475.000 0.252
11480.000 0.251
11485.000 0.253
11490.000 0.254
11495.000 0.252
11500.000 0.253
11505.000 0.254
11510.000 0.255
11515.000 0.251
11520.000 0.252
11525.000 0.250
11530.000 0.249
11535.000 0.249
11540.000 0.250
11545.000 0.250
11550.000 0.253
11555.000 0.251
11560.000 0.252
11565.000 0.253
11570.000 0.251
11575.000 0.250
11580.000 0.250
11585.000 0.251
11590.000 0.249
11595.000 0.250
11600.000 0.251
11605.000 0.251
11610.000 0.253
11615.000 0.250
11620.000 0.251
11625.000 0.249
11630.000 0.247
11635.000 0.251
11640.000 0.250
11645.000 0.249
11650.000 0.248
11655.000 0.250
11660.000 0.251
11665.000 0.249
11670.000 0.249
11675.000 0.251
11680.000 0.251
11685.000 0.249
11690.000 0.250
11695.000 0.251
11700.000 0.250
11705.000 0.256
11710.000 0.257
11715.000 0.258
11720.000 0.253
11725.000 0.254
11730.000 0.258
11735.000 0.253
11740.000 0.253
11745.000 0.251
11750.000 0.248
11755.000 0.249
11760.000 0.251
11765.000 0.249
11770.000 0.250
11775.000 0.248
11780.000 0.247
11785.000 0.247
11790.000 0.248
11795.000 0.249
11800.000 0.245
11805.000 0.246
11810.000 0.247
11815.000 0.248
11820.000 0.247
11825.000 0.244
11830.000 0.245
11835.000 0.246
11840.000 0.246
11845.000 0.245
11850.000 0.247
11855.000 0.246
11860.000 0.247
11865.000 0.246
11870.000 0.248
11875.000 0.245
11880.000 0.243
11885.000 0.243
11890.000 0.243
11895.000 0.245
11900.000 0.246
11905.000 0.247
11910.000 0.246
11915.000 0.248
11920.000 0.246
11925.000 0.246
11930.000 0.249
11935.000 0.246
11940.000 0.246
11945.000 0.246
11950.000 0.245
11955.000 0.246
11960.000 0.244
11965.000 0.241
11970.000 0.246
11975.000 0.245
11980.000 0.245
11985.000 0.248
11990.000 0.245
11995.000 0.246
12000.000 0.246
