105.000 0.030
110.000 1.426
115.000 1.712
120.000 1.911
125.000 2.147
130.000 2.276
135.000 2.330
140.000 2.424
145.000 2.360
150.000 2.402
155.000 2.361
160.000 2.328
165.000 2.245
170.000 2.317
175.000 2.197
180.000 2.213
185.000 2.203
190.000 2.188
195.000 2.239
200.000 2.268
205.000 2.301
210.000 2.329
215.000 2.334
220.000 2.332
225.000 2.441
230.000 2.448
235.000 2.502
240.000 2.536
245.000 2.571
250.000 2.626
255.000 2.570
260.000 2.698
265.000 2.677
270.000 2.752
275.000 2.759
280.000 2.745
285.000 2.741
290.000 2.749
295.000 2.742
300.000 2.716
305.000 2.734
310.000 2.749
315.000 2.809
320.000 2.808
325.000 2.891
330.000 3.001
335.000 3.056
340.000 3.122
345.000 3.354
350.000 3.521
355.000 3.558
360.000 3.730
365.000 3.923
370.000 4.123
375.000 4.325
380.000 4.572
385.000 4.831
390.000 5.061
395.000 5.304
400.000 5.479
405.000 5.556
410.000 5.553
415.000 5.432
420.000 5.144
425.000 4.943
430.000 4.428
435.000 3.873
440.000 3.358
445.000 2.915
450.000 2.525
455.000 2.217
460.000 1.971
465.000 1.791
470.000 1.667
475.000 1.548
480.000 1.458
485.000 1.365
490.000 1.321
495.000 1.248
500.000 1.163
505.000 1.107
510.000 1.047
515.000 0.991
520.000 0.969
525.000 0.913
530.000 0.866
535.000 0.847
540.000 0.784
545.000 0.765
550.000 0.725
555.000 0.693
560.000 0.654
565.000 0.613
570.000 0.590
575.000 0.564
580.000 0.533
585.000 0.516
590.000 0.484
595.000 0.465
600.000 0.455
605.000 0.451
610.000 0.425
615.000 0.417
620.000 0.404
625.000 0.391
630.000 0.383
635.000 0.369
640.000 0.359
645.000 0.351
650.000 0.344
655.000 0.345
660.000 0.327
665.000 0.322
670.000 0.318
675.000 0.323
680.000 0.309
685.000 0.304
690.000 0.295
695.000 0.289
700.000 0.287
705.000 0.274
710.000 0.275
715.000 0.272
720.000 0.267
725.000 0.261
730.000 0.256
735.000 0.252
740.000 0.252
745.000 0.249
750.000 0.247
755.000 0.246
760.000 0.237
765.000 0.244
770.000 0.232
775.000 0.232
780.000 0.238
785.000 0.231
790.000 0.230
795.000 0.222
800.000 0.229
805.000 0.225
810.000 0.225
815.000 0.220
820.000 0.224
825.000 0.221
830.000 0.223
835.000 0.213
840.000 0.213
845.000 0.213
850.000 0.215
855.000 0.208
860.000 0.209
865.000 0.215
870.000 0.205
875.000 0.205
880.000 0.207
885.000 0.211
890.000 0.208
895.000 0.211
900.000 0.202
905.000 0.207
910.000 0.194
915.000 0.200
920.000 0.198
925.000 0.199
930.000 0.202
935.000 0.196
940.000 0.205
945.000 0.206
950.000 0.205
955.000 0.203
960.000 0.198
965.000 0.203
970.000 0.202
975.000 0.192
980.000 0.190
985.000 0.209
990.000 0.192
995.000 0.190
1000.000 0.208
1005.000 0.189
1010.000 0.190
1015.000 0.202
1020.000 0.190
1025.000 0.193
1030.000 0.208
1035.000 0.196
1040.000 0.193
1045.000 0.191
1050.000 0.207
1055.000 0.198
1060.000 0.202
1065.000 0.198
1070.000 0.201
1075.000 0.191
1080.000 0.190
1085.000 0.199
1090.000 0.189
1095.000 0.189
1100.000 0.194
1105.000 0.202
1110.000 0.193
1115.000 0.189
1120.000 0.196
1125.000 0.196
1130.000 0.192
1135.000 0.188
1140.000 0.199
1145.000 0.195
1150.000 0.193
1155.000 0.191
1160.000 0.194
1165.000 0.197
1170.000 0.198
1175.000 0.198
1180.000 0.194
1185.000 0.225
1190.000 0.216
1195.000 0.211
1200.000 0.227
1205.000 0.233
1210.000 0.219
1215.000 0.220
1220.000 0.224
1225.000 0.216
1230.000 0.214
1235.000 0.207
1240.000 0.210
1245.000 0.208
1250.000 0.208
1255.000 0.211
1260.000 0.213
1265.000 0.209
1270.000 0.216
1275.000 0.214
1280.000 0.216
1285.000 0.211
1290.000 0.216
1295.000 0.214
1300.000 0.214
1305.000 0.214
1310.000 0.217
1315.000 0.211
1320.000 0.215
1325.000 0.218
1330.000 0.220
1335.000 0.218
1340.000 0.221
1345.000 0.216
1350.000 0.224
1355.000 0.223
1360.000 0.220
1365.000 0.224
1370.000 0.225
1375.000 0.227
1380.000 0.227
1385.000 0.229
1390.000 0.233
1395.000 0.230
1400.000 0.253
1405.000 0.247
1410.000 0.233
1415.000 0.233
1420.000 0.235
1425.000 0.230
1430.000 0.234
1435.000 0.232
1440.000 0.233
1445.000 0.231
1450.000 0.227
1455.000 0.225
1460.000 0.224
1465.000 0.226
1470.000 0.232
1475.000 0.232
1480.000 0.236
1485.000 0.239
1490.000 0.248
1495.000 0.247
1500.000 0.252
1505.000 0.259
1510.000 0.264
1515.000 0.265
1520.000 0.270
1525.000 0.277
1530.000 0.283
1535.000 0.283
1540.000 0.309
1545.000 0.310
1550.000 0.306
1555.000 0.306
1560.000 0.312
1565.000 0.315
1570.000 0.322
1575.000 0.328
1580.000 0.328
1585.000 0.333
1590.000 0.359
1595.000 0.357
1600.000 0.354
1605.000 0.360
1610.000 0.364
1615.000 0.366
1620.000 0.376
1625.000 0.383
1630.000 0.394
1635.000 0.399
1640.000 0.402
1645.000 0.414
1650.000 0.421
1655.000 0.431
1660.000 0.439
1665.000 0.448
1670.000 0.464
1675.000 0.471
1680.000 0.480
1685.000 0.485
1690.000 0.518
1695.000 0.532
1700.000 0.545
1705.000 0.539
1710.000 0.540
1715.000 0.553
1720.000 0.568
1725.000 0.580
1730.000 0.608
1735.000 0.625
1740.000 0.634
1745.000 0.639
1750.000 0.657
1755.000 0.709
1760.000 0.714
1765.000 0.718
1770.000 0.782
1775.000 1.150
1780.000 1.184
1785.000 1.063
1790.000 1.019
1795.000 0.940
1800.000 0.892
1805.000 0.861
1810.000 0.860
1815.000 0.873
1820.000 0.881
1825.000 0.891
1830.000 0.901
1835.000 0.919
1840.000 0.931
1845.000 0.941
1850.000 0.957
1855.000 0.967
1860.000 0.983
1865.000 0.996
1870.000 0.994
1875.000 1.009
1880.000 1.011
1885.000 1.014
1890.000 1.021
1895.000 1.020
1900.000 1.025
1905.000 1.031
1910.000 1.025
1915.000 1.066
1920.000 1.057
1925.000 1.050
1930.000 1.042
1935.000 1.034
1940.000 1.027
1945.000 1.020
1950.000 1.021
1955.000 1.007
1960.000 1.003
1965.000 0.996
1970.000 0.992
1975.000 0.982
1980.000 0.978
1985.000 0.984
1990.000 1.011
1995.000 0.984
2000.000 0.960
2005.000 0.972
2010.000 0.971
2015.000 0.958
2020.000 0.966
2025.000 0.948
2030.000 0.959
2035.000 0.936
2040.000 1.059
2045.000 1.050
2050.000 0.995
2055.000 0.959
2060.000 0.946
2065.000 0.939
2070.000 0.932
2075.000 0.930
2080.000 0.935
2085.000 0.940
2090.000 0.940
2095.000 0.950
2100.000 0.956
2105.000 0.961
2110.000 0.961
2115.000 0.971
2120.000 0.973
2125.000 0.976
2130.000 0.980
2135.000 0.996
2140.000 1.007
2145.000 1.015
2150.000 1.627
2155.000 1.429
2160.000 1.304
2165.000 1.219
2170.000 1.168
2175.000 1.155
2180.000 1.159
2185.000 1.187
2190.000 1.191
2195.000 1.223
2200.000 1.258
2205.000 1.294
2210.000 1.331
2215.000 1.380
2220.000 1.437
2225.000 1.474
2230.000 3.838
2235.000 2.926
2240.000 2.739
2245.000 2.495
2250.000 2.376
2255.000 2.338
2260.000 2.371
2265.000 2.544
2270.000 2.913
2275.000 3.854
2280.000 4.606
2285.000 6.207
2290.000 8.888
2295.000 13.079
2300.000 18.611
2305.000 23.121
2310.000 22.860
2315.000 19.839
2320.000 13.781
2325.000 7.546
2330.000 4.986
2335.000 3.507
2340.000 2.606
2345.000 2.020
2350.000 1.655
2355.000 1.349
2360.000 1.126
2365.000 0.953
2370.000 0.884
2375.000 0.768
2380.000 0.674
2385.000 0.628
2390.000 0.526
2395.000 0.484
2400.000 0.432
2405.000 0.395
2410.000 0.357
2415.000 0.330
2420.000 0.303
2425.000 0.280
2430.000 0.259
2435.000 0.255
2440.000 0.235
2445.000 0.213
2450.000 0.201
2455.000 0.189
2460.000 0.178
2465.000 0.167
2470.000 0.159
2475.000 0.152
2480.000 0.144
2485.000 0.133
2490.000 0.132
2495.000 0.126
2500.000 0.121
2505.000 0.116
2510.000 0.112
2515.000 0.109
2520.000 0.104
2525.000 0.104
2530.000 0.103
2535.000 0.100
2540.000 0.101
2545.000 0.099
2550.000 0.101
2555.000 0.100
2560.000 0.103
2565.000 0.102
2570.000 0.106
2575.000 0.105
2580.000 0.107
2585.000 0.109
2590.000 0.110
2595.000 0.113
2600.000 0.117
2605.000 0.118
2610.000 0.121
2615.000 0.122
2620.000 0.127
2625.000 0.131
2630.000 0.132
2635.000 0.134
2640.000 0.137
2645.000 0.141
2650.000 0.142
2655.000 0.148
2660.000 0.151
2665.000 0.156
2670.000 0.159
2675.000 0.161
2680.000 0.166
2685.000 0.168
2690.000 0.178
2695.000 0.183
2700.000 0.186
2705.000 0.189
2710.000 0.192
2715.000 0.197
2720.000 0.199
2725.000 0.205
2730.000 0.210
2735.000 0.216
2740.000 0.217
2745.000 0.225
2750.000 0.229
2755.000 0.236
2760.000 0.240
2765.000 0.250
2770.000 0.255
2775.000 0.260
2780.000 0.263
2785.000 0.272
2790.000 0.276
2795.000 0.279
2800.000 0.287
2805.000 0.294
2810.000 0.299
2815.000 0.304
2820.000 0.307
2825.000 0.315
2830.000 0.326
2835.000 0.329
2840.000 0.335
2845.000 0.342
2850.000 0.344
2855.000 0.346
2860.000 0.353
2865.000 0.357
2870.000 0.364
2875.000 0.367
2880.000 0.372
2885.000 0.377
2890.000 0.379
2895.000 0.382
2900.000 0.387
2905.000 0.394
2910.000 0.399
2915.000 0.400
2920.000 0.403
2925.000 0.403
2930.000 0.406
2935.000 0.409
2940.000 0.408
2945.000 0.412
2950.000 0.416
2955.000 0.422
2960.000 0.427
2965.000 0.427
2970.000 0.430
2975.000 0.419
2980.000 0.423
2985.000 0.435
2990.000 0.424
2995.000 0.423
3000.000 0.435
3005.000 0.427
3010.000 0.426
3015.000 0.439
3020.000 0.429
3025.000 0.430
3030.000 0.434
3035.000 0.431
3040.000 0.437
3045.000 0.433
3050.000 0.436
3055.000 0.433
3060.000 0.433
3065.000 0.441
3070.000 0.439
3075.000 0.439
3080.000 0.438
3085.000 0.438
3090.000 0.434
3095.000 0.435
3100.000 0.437
3105.000 0.439
3110.000 0.435
3115.000 0.435
3120.000 0.434
3125.000 0.435
3130.000 0.438
3135.000 0.438
3140.000 0.435
3145.000 0.439
3150.000 0.439
3155.000 0.440
3160.000 0.441
3165.000 0.441
3170.000 0.440
3175.000 0.440
3180.000 0.441
3185.000 0.445
3190.000 0.442
3195.000 0.446
3200.000 0.448
3205.000 0.451
3210.000 0.450
3215.000 0.451
3220.000 0.453
3225.000 0.454
3230.000 0.454
3235.000 0.459
3240.000 0.462
3245.000 0.466
3250.000 0.467
3255.000 0.468
3260.000 0.467
3265.000 0.472
3270.000 0.476
3275.000 0.479
3280.000 0.481
3285.000 0.484
3290.000 0.484
3295.000 0.489
3300.000 0.493
3305.000 0.498
3310.000 0.500
3315.000 0.503
3320.000 0.505
3325.000 0.512
3330.000 0.516
3335.000 0.521
3340.000 0.526
3345.000 0.529
3350.000 0.534
3355.000 0.540
3360.000 0.548
3365.000 0.554
3370.000 0.561
3375.000 0.565
3380.000 0.575
3385.000 0.584
3390.000 0.593
3395.000 0.602
3400.000 0.613
3405.000 0.620
3410.000 0.629
3415.000 0.639
3420.000 0.648
3425.000 0.662
3430.000 0.679
3435.000 0.689
3440.000 0.705
3445.000 0.719
3450.000 0.734
3455.000 0.753
3460.000 0.771
3465.000 0.800
3470.000 0.809
3475.000 0.829
3480.000 0.845
3485.000 0.865
3490.000 0.879
3495.000 0.903
3500.000 0.923
3505.000 0.943
3510.000 0.966
3515.000 0.990
3520.000 1.019
3525.000 1.031
3530.000 1.061
3535.000 1.090
3540.000 1.122
3545.000 1.160
3550.000 1.191
3555.000 1.238
3560.000 1.279
3565.000 1.324
3570.000 1.376
3575.000 1.429
3580.000 1.489
3585.000 1.518
3590.000 1.589
3595.000 1.658
3600.000 1.747
3605.000 1.833
3610.000 1.930
3615.000 2.041
3620.000 2.181
3625.000 2.321
3630.000 2.499
3635.000 2.617
3640.000 3.011
3645.000 3.378
3650.000 3.606
3655.000 4.188
3660.000 4.992
3665.000 6.178
3670.000 8.002
3675.000 10.851
3680.000 15.035
3685.000 20.674
3690.000 27.185
3695.000 33.724
3700.000 39.380
3705.000 40.135
3710.000 29.352
3715.000 17.394
3720.000 11.748
3725.000 8.360
3730.000 6.257
3735.000 4.982
3740.000 4.107
3745.000 3.450
3750.000 2.949
3755.000 2.571
3760.000 2.264
3765.000 2.133
3770.000 1.904
3775.000 1.727
3780.000 1.579
3785.000 1.456
3790.000 1.355
3795.000 1.262
3800.000 1.187
3805.000 1.118
3810.000 1.059
3815.000 1.004
3820.000 0.958
3825.000 0.915
3830.000 0.896
3835.000 0.860
3840.000 0.826
3845.000 0.797
3850.000 0.770
3855.000 0.743
3860.000 0.719
3865.000 0.698
3870.000 0.676
3875.000 0.658
3880.000 0.641
3885.000 0.624
3890.000 0.616
3895.000 0.603
3900.000 0.586
3905.000 0.573
3910.000 0.562
3915.000 0.551
3920.000 0.536
3925.000 0.528
3930.000 0.518
3935.000 0.506
3940.000 0.500
3945.000 0.495
3950.000 0.479
3955.000 0.474
3960.000 0.466
3965.000 0.456
3970.000 0.459
3975.000 0.442
3980.000 0.437
3985.000 0.438
3990.000 0.431
3995.000 0.421
4000.000 0.413
4005.000 0.417
4010.000 0.414
4015.000 0.402
4020.000 0.403
4025.000 0.393
4030.000 0.394
4035.000 0.383
4040.000 0.382
4045.000 0.374
4050.000 0.377
4055.000 0.372
4060.000 0.370
4065.000 0.363
4070.000 0.362
4075.000 0.357
4080.000 0.354
4085.000 0.353
4090.000 0.347
4095.000 0.344
4100.000 0.343
4105.000 0.339
4110.000 0.334
4115.000 0.330
4120.000 0.328
4125.000 0.325
4130.000 0.320
4135.000 0.318
4140.000 0.315
4145.000 0.312
4150.000 0.308
4155.000 0.303
4160.000 0.300
4165.000 0.300
4170.000 0.295
4175.000 0.291
4180.000 0.288
4185.000 0.286
4190.000 0.284
4195.000 0.281
4200.000 0.279
4205.000 0.274
4210.000 0.273
4215.000 0.269
4220.000 0.264
4225.000 0.262
4230.000 0.259
4235.000 0.257
4240.000 0.255
4245.000 0.254
4250.000 0.255
4255.000 0.254
4260.000 0.255
4265.000 0.254
4270.000 0.254
4275.000 0.254
4280.000 0.258
4285.000 0.258
4290.000 0.261
4295.000 0.260
4300.000 0.260
4305.000 0.262
4310.000 0.263
4315.000 0.264
4320.000 0.263
4325.000 0.265
4330.000 0.266
4335.000 0.266
4340.000 0.266
4345.000 0.266
4350.000 0.266
4355.000 0.267
4360.000 0.267
4365.000 0.268
4370.000 0.268
4375.000 0.269
4380.000 0.270
4385.000 0.268
4390.000 0.269
4395.000 0.272
4400.000 0.272
4405.000 0.270
4410.000 0.273
4415.000 0.273
4420.000 0.276
4425.000 0.281
4430.000 0.280
4435.000 0.279
4440.000 0.277
4445.000 0.278
4450.000 0.278
4455.000 0.278
4460.000 0.278
4465.000 0.281
4470.000 0.282
4475.000 0.284
4480.000 0.283
4485.000 0.283
4490.000 0.285
4495.000 0.285
4500.000 0.285
4505.000 0.288
4510.000 0.291
4515.000 0.292
4520.000 0.292
4525.000 0.294
4530.000 0.295
4535.000 0.296
4540.000 0.298
4545.000 0.299
4550.000 0.298
4555.000 0.303
4560.000 0.303
4565.000 0.305
4570.000 0.306
4575.000 0.308
4580.000 0.310
4585.000 0.312
4590.000 0.314
4595.000 0.315
4600.000 0.319
4605.000 0.320
4610.000 0.327
4615.000 0.331
4620.000 0.329
4625.000 0.334
4630.000 0.336
4635.000 0.340
4640.000 0.342
4645.000 0.346
4650.000 0.350
4655.000 0.353
4660.000 0.356
4665.000 0.361
4670.000 0.367
4675.000 0.368
4680.000 0.376
4685.000 0.379
4690.000 0.382
4695.000 0.389
4700.000 0.394
4705.000 0.401
4710.000 0.405
4715.000 0.410
4720.000 0.418
4725.000 0.427
4730.000 0.434
4735.000 0.443
4740.000 0.447
4745.000 0.456
4750.000 0.466
4755.000 0.477
4760.000 0.486
4765.000 0.498
4770.000 0.512
4775.000 0.522
4780.000 0.539
4785.000 0.546
4790.000 0.572
4795.000 0.590
4800.000 0.600
4805.000 0.623
4810.000 0.647
4815.000 0.671
4820.000 0.702
4825.000 0.738
4830.000 0.776
4835.000 0.811
4840.000 0.840
4845.000 0.868
4850.000 0.896
4855.000 0.932
4860.000 0.963
4865.000 0.984
4870.000 1.023
4875.000 1.079
4880.000 1.125
4885.000 1.179
4890.000 1.238
4895.000 1.317
4900.000 1.398
4905.000 1.513
4910.000 1.624
4915.000 1.761
4920.000 1.917
4925.000 2.108
4930.000 2.218
4935.000 2.508
4940.000 2.855
4945.000 3.297
4950.000 3.864
4955.000 4.565
4960.000 5.412
4965.000 7.357
4970.000 19.773
4975.000 23.086
4980.000 28.197
4985.000 27.490
4990.000 27.931
4995.000 20.243
5000.000 12.734
5005.000 8.655
5010.000 6.233
5015.000 4.742
5020.000 3.749
5025.000 3.080
5030.000 2.626
5035.000 2.252
5040.000 1.978
5045.000 1.860
5050.000 1.670
5055.000 1.504
5060.000 1.377
5065.000 1.271
5070.000 1.177
5075.000 1.097
5080.000 1.027
5085.000 0.969
5090.000 0.917
5095.000 0.872
5100.000 0.836
5105.000 0.797
5110.000 0.783
5115.000 0.752
5120.000 0.729
5125.000 0.705
5130.000 0.683
5135.000 0.667
5140.000 0.648
5145.000 0.633
5150.000 0.618
5155.000 0.614
5160.000 0.601
5165.000 0.587
5170.000 0.581
5175.000 0.572
5180.000 0.565
5185.000 0.558
5190.000 0.551
5195.000 0.544
5200.000 0.539
5205.000 0.537
5210.000 0.530
5215.000 0.527
5220.000 0.521
5225.000 0.520
5230.000 0.516
5235.000 0.513
5240.000 0.511
5245.000 0.507
5250.000 0.506
5255.000 0.504
5260.000 0.504
5265.000 0.503
5270.000 0.500
5275.000 0.499
5280.000 0.500
5285.000 0.500
5290.000 0.497
5295.000 0.499
5300.000 0.497
5305.000 0.496
5310.000 0.498
5315.000 0.497
5320.000 0.497
5325.000 0.495
5330.000 0.497
5335.000 0.497
5340.000 0.495
5345.000 0.496
5350.000 0.495
5355.000 0.496
5360.000 0.494
5365.000 0.493
5370.000 0.495
5375.000 0.494
5380.000 0.494
5385.000 0.494
5390.000 0.494
5395.000 0.496
5400.000 0.495
5405.000 0.497
5410.000 0.495
5415.000 0.495
5420.000 0.493
5425.000 0.494
5430.000 0.494
5435.000 0.493
5440.000 0.492
5445.000 0.494
5450.000 0.493
5455.000 0.492
5460.000 0.495
5465.000 0.491
5470.000 0.491
5475.000 0.489
5480.000 0.490
5485.000 0.492
5490.000 0.491
5495.000 0.492
5500.000 0.490
5505.000 0.491
5510.000 0.491
5515.000 0.490
5520.000 0.497
5525.000 0.495
5530.000 0.495
5535.000 0.491
5540.000 0.491
5545.000 0.491
5550.000 0.491
5555.000 0.492
5560.000 0.491
5565.000 0.490
5570.000 0.488
5575.000 0.489
5580.000 0.490
5585.000 0.491
5590.000 0.492
5595.000 0.493
5600.000 0.493
5605.000 0.493
5610.000 0.496
5615.000 0.496
5620.000 0.495
5625.000 0.496
5630.000 0.496
5635.000 0.498
5640.000 0.499
5645.000 0.498
5650.000 0.500
5655.000 0.505
5660.000 0.504
5665.000 0.506
5670.000 0.508
5675.000 0.508
5680.000 0.511
5685.000 0.513
5690.000 0.515
5695.000 0.517
5700.000 0.520
5705.000 0.522
5710.000 0.522
5715.000 0.526
5720.000 0.526
5725.000 0.530
5730.000 0.531
5735.000 0.533
5740.000 0.539
5745.000 0.541
5750.000 0.545
5755.000 0.547
5760.000 0.553
5765.000 0.556
5770.000 0.561
5775.000 0.564
5780.000 0.565
5785.000 0.571
5790.000 0.579
5795.000 0.581
5800.000 0.587
5805.000 0.593
5810.000 0.598
5815.000 0.606
5820.000 0.612
5825.000 0.615
5830.000 0.625
5835.000 0.630
5840.000 0.636
5845.000 0.646
5850.000 0.655
5855.000 0.662
5860.000 0.671
5865.000 0.682
5870.000 0.694
5875.000 0.707
5880.000 0.718
5885.000 0.734
5890.000 0.746
5895.000 0.760
5900.000 0.767
5905.000 0.784
5910.000 0.801
5915.000 0.819
5920.000 0.835
5925.000 0.856
5930.000 0.887
5935.000 0.903
5940.000 0.926
5945.000 0.938
5950.000 0.949
5955.000 0.967
5960.000 0.979
5965.000 0.993
5970.000 1.003
5975.000 1.023
5980.000 1.029
5985.000 1.062
5990.000 1.067
5995.000 1.089
6000.000 1.126
6005.000 1.129
6010.000 1.162
6015.000 1.195
6020.000 1.193
6025.000 1.232
6030.000 1.252
6035.000 1.296
6040.000 1.313
6045.000 1.357
6050.000 1.379
6055.000 1.429
6060.000 1.467
6065.000 1.508
6070.000 1.552
6075.000 1.589
6080.000 1.622
6085.000 1.663
6090.000 1.724
6095.000 1.783
6100.000 1.849
6105.000 1.918
6110.000 1.992
6115.000 2.072
6120.000 2.158
6125.000 2.267
6130.000 2.381
6135.000 2.498
6140.000 2.637
6145.000 2.715
6150.000 2.889
6155.000 3.075
6160.000 3.305
6165.000 3.579
6170.000 3.934
6175.000 4.394
6180.000 4.992
6185.000 5.976
6190.000 7.216
6195.000 9.024
6200.000 11.691
6205.000 13.433
6210.000 17.574
6215.000 23.025
6220.000 28.762
6225.000 33.093
6230.000 33.086
6235.000 25.158
6240.000 17.279
6245.000 11.987
6250.000 8.802
6255.000 6.838
6260.000 6.139
6265.000 5.091
6270.000 4.370
6275.000 3.860
6280.000 3.575
6285.000 3.369
6290.000 3.148
6295.000 2.896
6300.000 2.636
6305.000 2.408
6310.000 2.206
6315.000 2.044
6320.000 1.895
6325.000 1.829
6330.000 1.708
6335.000 1.606
6340.000 1.516
6345.000 1.437
6350.000 1.366
6355.000 1.301
6360.000 1.247
6365.000 1.199
6370.000 1.155
6375.000 1.113
6380.000 1.078
6385.000 1.061
6390.000 1.027
6395.000 1.003
6400.000 0.972
6405.000 0.949
6410.000 0.927
6415.000 0.907
6420.000 0.890
6425.000 0.872
6430.000 0.858
6435.000 0.846
6440.000 0.833
6445.000 0.825
6450.000 0.822
6455.000 0.812
6460.000 0.805
6465.000 0.803
6470.000 0.801
6475.000 0.800
6480.000 0.801
6485.000 0.805
6490.000 0.814
6495.000 0.826
6500.000 0.840
6505.000 0.851
6510.000 0.873
6515.000 0.907
6520.000 0.951
6525.000 1.014
6530.000 1.108
6535.000 1.244
6540.000 1.487
6545.000 1.953
6550.000 3.036
6555.000 6.288
6560.000 12.417
6565.000 15.047
6570.000 13.353
6575.000 2.661
6580.000 0.874
6585.000 0.834
6590.000 0.558
6595.000 0.385
6600.000 0.276
6605.000 0.205
6610.000 0.179
6615.000 0.174
6620.000 0.173
6625.000 0.175
6630.000 0.178
6635.000 0.183
6640.000 0.188
6645.000 0.193
6650.000 0.196
6655.000 0.200
6660.000 0.202
6665.000 0.206
6670.000 0.209
6675.000 0.212
6680.000 0.213
6685.000 0.217
6690.000 0.218
6695.000 0.218
6700.000 0.221
6705.000 0.224
6710.000 0.226
6715.000 0.226
6720.000 0.228
6725.000 0.230
6730.000 0.230
6735.000 0.231
6740.000 0.232
6745.000 0.233
6750.000 0.233
6755.000 0.235
6760.000 0.236
6765.000 0.237
6770.000 0.237
6775.000 0.238
6780.000 0.237
6785.000 0.240
6790.000 0.239
6795.000 0.241
6800.000 0.240
6805.000 0.241
6810.000 0.242
6815.000 0.243
6820.000 0.244
6825.000 0.244
6830.000 0.246
6835.000 0.247
6840.000 0.248
6845.000 0.248
6850.000 0.248
6855.000 0.248
6860.000 0.250
6865.000 0.251
6870.000 0.252
6875.000 0.253
6880.000 0.252
6885.000 0.255
6890.000 0.256
6895.000 0.257
6900.000 0.257
6905.000 0.259
6910.000 0.261
6915.000 0.263
6920.000 0.264
6925.000 0.267
6930.000 0.267
6935.000 0.267
6940.000 0.272
6945.000 0.273
6950.000 0.276
6955.000 0.274
6960.000 0.278
6965.000 0.276
6970.000 0.281
6975.000 0.281
6980.000 0.287
6985.000 0.285
6990.000 0.287
6995.000 0.288
7000.000 0.298
7005.000 0.291
7010.000 0.295
7015.000 0.304
7020.000 0.304
7025.000 0.309
7030.000 0.309
7035.000 0.319
7040.000 0.325
7045.000 0.326
7050.000 0.328
7055.000 0.332
7060.000 0.337
7065.000 0.341
7070.000 0.348
7075.000 0.353
7080.000 0.357
7085.000 0.364
7090.000 0.373
7095.000 0.375
7100.000 0.382
7105.000 0.390
7110.000 0.395
7115.000 0.399
7120.000 0.403
7125.000 0.414
7130.000 0.417
7135.000 0.425
7140.000 0.433
7145.000 0.440
7150.000 0.450
7155.000 0.455
7160.000 0.465
7165.000 0.472
7170.000 0.486
7175.000 0.489
7180.000 0.500
7185.000 0.514
7190.000 0.524
7195.000 0.538
7200.000 0.551
7205.000 0.565
7210.000 0.581
7215.000 0.597
7220.000 0.616
7225.000 0.622
7230.000 0.654
7235.000 0.664
7240.000 0.687
7245.000 0.709
7250.000 0.739
7255.000 0.769
7260.000 0.799
7265.000 0.838
7270.000 0.876
7275.000 0.919
7280.000 0.973
7285.000 1.028
7290.000 1.096
7295.000 1.133
7300.000 1.214
7305.000 1.267
7310.000 1.322
7315.000 1.389
7320.000 1.461
7325.000 1.537
7330.000 1.621
7335.000 1.712
7340.000 1.822
7345.000 1.948
7350.000 2.109
7355.000 2.378
7360.000 2.418
7365.000 2.644
7370.000 2.883
7375.000 3.156
7380.000 3.515
7385.000 3.972
7390.000 4.564
7395.000 5.353
7400.000 6.418
7405.000 7.099
7410.000 9.884
7415.000 12.536
7420.000 14.136
7425.000 17.724
7430.000 21.559
7435.000 24.931
7440.000 26.561
7445.000 24.384
7450.000 18.794
7455.000 13.833
7460.000 10.143
7465.000 7.867
7470.000 6.324
7475.000 5.742
7480.000 4.821
7485.000 4.197
7490.000 3.698
7495.000 3.388
7500.000 3.160
7505.000 2.963
7510.000 2.793
7515.000 2.641
7520.000 2.502
7525.000 2.340
7530.000 2.177
7535.000 2.041
7540.000 1.978
7545.000 1.860
7550.000 1.741
7555.000 1.642
7560.000 1.553
7565.000 1.479
7570.000 1.416
7575.000 1.356
7580.000 1.305
7585.000 1.258
7590.000 1.215
7595.000 1.182
7600.000 1.150
7605.000 1.135
7610.000 1.101
7615.000 1.072
7620.000 1.041
7625.000 1.014
7630.000 0.990
7635.000 0.971
7640.000 0.950
7645.000 0.930
7650.000 0.914
7655.000 0.899
7660.000 0.885
7665.000 0.874
7670.000 0.862
7675.000 0.850
7680.000 0.838
7685.000 0.829
7690.000 0.815
7695.000 0.807
7700.000 0.798
7705.000 0.787
7710.000 0.778
7715.000 0.773
7720.000 0.768
7725.000 0.760
7730.000 0.755
7735.000 0.748
7740.000 0.744
7745.000 0.738
7750.000 0.734
7755.000 0.727
7760.000 0.722
7765.000 0.720
7770.000 0.715
7775.000 0.712
7780.000 0.708
7785.000 0.708
7790.000 0.705
7795.000 0.705
7800.000 0.701
7805.000 0.697
7810.000 0.696
7815.000 0.699
7820.000 0.695
7825.000 0.694
7830.000 0.695
7835.000 0.693
7840.000 0.696
7845.000 0.695
7850.000 0.698
7855.000 0.699
7860.000 0.703
7865.000 0.705
7870.000 0.708
7875.000 0.711
7880.000 0.713
7885.000 0.719
7890.000 0.726
7895.000 0.731
7900.000 0.737
7905.000 0.747
7910.000 0.754
7915.000 0.761
7920.000 0.769
7925.000 0.778
7930.000 0.793
7935.000 0.809
7940.000 0.826
7945.000 0.834
7950.000 0.861
7955.000 0.878
7960.000 0.912
7965.000 0.919
7970.000 0.947
7975.000 0.981
7980.000 1.017
7985.000 1.051
7990.000 1.108
7995.000 1.174
8000.000 1.254
8005.000 1.307
8010.000 1.529
8015.000 1.723
8020.000 2.000
8025.000 2.173
8030.000 2.804
8035.000 4.011
8040.000 6.549
8045.000 10.711
8050.000 13.990
8055.000 8.820
8060.000 5.686
8065.000 1.766
8070.000 1.139
8075.000 0.694
8080.000 0.425
8085.000 0.272
8090.000 0.224
8095.000 0.167
8100.000 0.151
8105.000 0.158
8110.000 0.178
8115.000 0.195
8120.000 0.214
8125.000 0.230
8130.000 0.247
8135.000 0.260
8140.000 0.273
8145.000 0.287
8150.000 0.294
8155.000 0.304
8160.000 0.316
8165.000 0.328
8170.000 0.339
8175.000 0.348
8180.000 0.361
8185.000 0.367
8190.000 0.380
8195.000 0.391
8200.000 0.400
8205.000 0.404
8210.000 0.416
8215.000 0.423
8220.000 0.433
8225.000 0.444
8230.000 0.452
8235.000 0.463
8240.000 0.473
8245.000 0.482
8250.000 0.493
8255.000 0.506
8260.000 0.516
8265.000 0.525
8270.000 0.531
8275.000 0.541
8280.000 0.557
8285.000 0.571
8290.000 0.578
8295.000 0.593
8300.000 0.606
8305.000 0.620
8310.000 0.636
8315.000 0.648
8320.000 0.662
8325.000 0.675
8330.000 0.690
8335.000 0.698
8340.000 0.711
8345.000 0.719
8350.000 0.733
8355.000 0.750
8360.000 0.764
8365.000 0.780
8370.000 0.798
8375.000 0.818
8380.000 0.837
8385.000 0.848
8390.000 0.884
8395.000 0.895
8400.000 0.918
8405.000 0.947
8410.000 0.975
8415.000 1.012
8420.000 1.044
8425.000 1.084
8430.000 1.113
8435.000 1.152
8440.000 1.176
8445.000 1.191
8450.000 1.223
8455.000 1.260
8460.000 1.292
8465.000 1.336
8470.000 1.378
8475.000 1.429
8480.000 1.490
8485.000 1.541
8490.000 1.608
8495.000 1.689
8500.000 1.784
8505.000 1.903
8510.000 2.067
8515.000 2.178
8520.000 2.522
8525.000 3.200
8530.000 4.440
8535.000 4.433
8540.000 0.511
8545.000 1.806
8550.000 2.066
8555.000 2.318
8560.000 2.726
8565.000 3.104
8570.000 3.510
8575.000 3.735
8580.000 4.224
8585.000 4.825
8590.000 5.578
8595.000 6.523
8600.000 7.698
8605.000 9.178
8610.000 10.972
8615.000 13.017
8620.000 15.195
8625.000 17.210
8630.000 18.419
8635.000 18.164
8640.000 17.260
8645.000 14.205
8650.000 11.052
8655.000 8.511
8660.000 6.633
8665.000 5.322
8670.000 4.394
8675.000 3.733
8680.000 3.252
8685.000 3.080
8690.000 2.721
8695.000 2.623
8700.000 2.441
8705.000 2.278
8710.000 2.141
8715.000 2.014
8720.000 1.901
8725.000 1.803
8730.000 1.707
8735.000 1.589
8740.000 1.494
8745.000 1.408
8750.000 1.325
8755.000 1.283
8760.000 1.203
8765.000 1.133
8770.000 1.071
8775.000 1.016
8780.000 0.965
8785.000 0.918
8790.000 0.883
8795.000 0.847
8800.000 0.811
8805.000 0.778
8810.000 0.749
8815.000 0.726
8820.000 0.711
8825.000 0.693
8830.000 0.667
8835.000 0.648
8840.000 0.631
8845.000 0.617
8850.000 0.598
8855.000 0.583
8860.000 0.569
8865.000 0.556
8870.000 0.545
8875.000 0.533
8880.000 0.526
8885.000 0.514
8890.000 0.502
8895.000 0.490
8900.000 0.480
8905.000 0.469
8910.000 0.458
8915.000 0.450
8920.000 0.442
8925.000 0.434
8930.000 0.425
8935.000 0.422
8940.000 0.413
8945.000 0.406
8950.000 0.399
8955.000 0.397
8960.000 0.390
8965.000 0.385
8970.000 0.374
8975.000 0.371
8980.000 0.365
8985.000 0.363
8990.000 0.355
8995.000 0.354
9000.000 0.348
9005.000 0.350
9010.000 0.349
9015.000 0.344
9020.000 0.337
9025.000 0.330
9030.000 0.331
9035.000 0.323
9040.000 0.322
9045.000 0.318
9050.000 0.320
9055.000 0.318
9060.000 0.314
9065.000 0.312
9070.000 0.309
9075.000 0.308
9080.000 0.307
9085.000 0.302
9090.000 0.303
9095.000 0.299
9100.000 0.299
9105.000 0.297
9110.000 0.299
9115.000 0.297
9120.000 0.296
9125.000 0.297
9130.000 0.296
9135.000 0.296
9140.000 0.295
9145.000 0.295
9150.000 0.295
9155.000 0.295
9160.000 0.296
9165.000 0.295
9170.000 0.295
9175.000 0.298
9180.000 0.298
9185.000 0.298
9190.000 0.298
9195.000 0.300
9200.000 0.301
9205.000 0.304
9210.000 0.304
9215.000 0.308
9220.000 0.310
9225.000 0.314
9230.000 0.316
9235.000 0.318
9240.000 0.320
9245.000 0.323
9250.000 0.327
9255.000 0.331
9260.000 0.337
9265.000 0.341
9270.000 0.344
9275.000 0.350
9280.000 0.356
9285.000 0.359
9290.000 0.369
9295.000 0.377
9300.000 0.386
9305.000 0.389
9310.000 0.399
9315.000 0.410
9320.000 0.422
9325.000 0.435
9330.000 0.448
9335.000 0.464
9340.000 0.480
9345.000 0.502
9350.000 0.523
9355.000 0.540
9360.000 0.558
9365.000 0.570
9370.000 0.591
9375.000 0.615
9380.000 0.653
9385.000 0.682
9390.000 0.717
9395.000 0.759
9400.000 0.805
9405.000 0.874
9410.000 0.951
9415.000 1.040
9420.000 1.132
9425.000 1.194
9430.000 1.336
9435.000 1.546
9440.000 1.870
9445.000 2.388
9450.000 3.305
9455.000 4.893
9460.000 7.396
9465.000 10.753
9470.000 13.887
9475.000 11.754
9480.000 4.899
9485.000 4.654
9490.000 2.484
9495.000 1.657
9500.000 1.215
9505.000 0.885
9510.000 0.669
9515.000 0.518
9520.000 0.403
9525.000 0.316
9530.000 0.245
9535.000 0.188
9540.000 0.139
9545.000 0.099
9550.000 0.081
9555.000 0.047
9560.000 0.017
9565.000 0.014
9570.000 0.040
9575.000 0.063
9580.000 0.087
9585.000 0.108
9590.000 0.130
9595.000 0.151
9600.000 0.174
9605.000 0.199
9610.000 0.208
9615.000 0.236
9620.000 0.256
9625.000 0.277
9630.000 0.302
9635.000 0.324
9640.000 0.347
9645.000 0.373
9650.000 0.404
9655.000 0.439
9660.000 0.472
9665.000 0.506
9670.000 0.545
9675.000 0.570
9680.000 0.617
9685.000 0.676
9690.000 0.744
9695.000 0.824
9700.000 0.926
9705.000 1.050
9710.000 1.183
9715.000 1.311
9720.000 1.464
9725.000 1.645
9730.000 1.753
9735.000 1.991
9740.000 2.276
9745.000 2.611
9750.000 2.944
9755.000 3.388
9760.000 3.860
9765.000 4.445
9770.000 5.171
9775.000 6.057
9780.000 7.144
9785.000 8.486
9790.000 9.183
9795.000 10.682
9800.000 12.220
9805.000 13.489
9810.000 14.083
9815.000 13.682
9820.000 12.149
9825.000 10.115
9830.000 8.181
9835.000 6.590
9840.000 5.370
9845.000 4.876
9850.000 3.786
9855.000 3.521
9860.000 3.083
9865.000 2.781
9870.000 2.567
9875.000 2.422
9880.000 2.301
9885.000 2.188
9890.000 2.080
9895.000 1.981
9900.000 1.899
9905.000 1.856
9910.000 1.745
9915.000 1.709
9920.000 1.638
9925.000 1.579
9930.000 1.533
9935.000 1.485
9940.000 1.439
9945.000 1.402
9950.000 1.360
9955.000 1.323
9960.000 1.288
9965.000 1.256
9970.000 1.238
9975.000 1.204
9980.000 1.170
9985.000 1.142
9990.000 1.109
9995.000 1.079
10000.000 1.063
10005.000 1.029
10010.000 1.002
10015.000 0.983
10020.000 0.951
10025.000 0.930
10030.000 0.913
10035.000 0.899
10040.000 0.880
10045.000 0.858
10050.000 0.844
10055.000 0.821
10060.000 0.809
10065.000 0.793
10070.000 0.776
10075.000 0.760
10080.000 0.743
10085.000 0.728
10090.000 0.715
10095.000 0.707
10100.000 0.690
10105.000 0.677
10110.000 0.663
10115.000 0.646
10120.000 0.636
10125.000 0.618
10130.000 0.589
10135.000 0.542
10140.000 0.482
10145.000 0.409
10150.000 0.311
10155.000 0.271
10160.000 0.444
10165.000 1.844
10170.000 3.610
10175.000 2.124
10180.000 1.831
10185.000 1.596
10190.000 1.322
10195.000 1.182
10200.000 1.077
10205.000 1.014
10210.000 0.963
10215.000 0.941
10220.000 0.910
10225.000 0.871
10230.000 0.839
10235.000 0.820
10240.000 0.813
10245.000 0.801
10250.000 0.795
10255.000 0.787
10260.000 0.780
10265.000 0.776
10270.000 0.766
10275.000 0.764
10280.000 0.762
10285.000 0.758
10290.000 0.753
10295.000 0.749
10300.000 0.747
10305.000 0.738
10310.000 0.740
10315.000 0.738
10320.000 0.731
10325.000 0.733
10330.000 0.729
10335.000 0.725
10345.000 0.779
10350.000 0.767
10355.000 0.751
10360.000 0.746
10365.000 0.741
10370.000 0.734
10375.000 0.734
10380.000 0.731
10385.000 0.729
10390.000 0.735
10395.000 0.726
10400.000 0.730
10405.000 0.731
10410.000 0.730
10415.000 0.729
10420.000 0.732
10425.000 0.734
10430.000 0.732
10435.000 0.730
10440.000 0.734
10445.000 0.738
10450.000 0.741
10455.000 0.743
10460.000 0.746
10465.000 0.747
10470.000 0.747
10475.000 0.751
10480.000 0.753
10485.000 0.753
10490.000 0.752
10495.000 0.759
10500.000 0.758
10505.000 0.758
10510.000 0.773
10515.000 0.775
10520.000 0.775
10525.000 0.780
10530.000 0.779
10535.000 0.792
10540.000 0.798
10545.000 0.804
10550.000 0.802
10555.000 0.806
10560.000 0.806
10565.000 0.808
10570.000 0.812
10575.000 0.817
10580.000 0.823
10585.000 0.831
10590.000 0.833
10595.000 0.840
10600.000 0.844
10605.000 0.852
10610.000 0.863
10615.000 0.869
10620.000 0.874
10625.000 0.882
10630.000 0.890
10635.000 0.907
10640.000 0.917
10645.000 0.925
10650.000 0.928
10655.000 0.941
10660.000 0.947
10665.000 0.963
10670.000 0.976
10675.000 0.983
10680.000 0.998
10685.000 1.018
10690.000 1.036
10695.000 1.053
10700.000 1.071
10705.000 1.098
10710.000 1.108
10715.000 1.145
10720.000 1.161
10725.000 1.190
10730.000 1.207
10735.000 1.235
10740.000 1.267
10745.000 1.311
10750.000 1.350
10755.000 1.389
10760.000 1.441
10765.000 1.495
10770.000 1.562
10775.000 1.638
10780.000 1.683
10785.000 1.819
10790.000 1.938
10795.000 2.005
10800.000 2.157
10805.000 2.373
10810.000 2.661
10815.000 3.079
10820.000 3.690
10825.000 4.610
10830.000 5.891
10835.000 7.330
10840.000 7.860
10845.000 6.804
10850.000 5.647
10855.000 3.479
10860.000 2.175
10865.000 1.439
10870.000 0.982
10875.000 0.610
10880.000 0.336
10885.000 0.163
10890.000 0.124
10895.000 0.167
10900.000 0.274
10905.000 0.383
10910.000 0.488
10915.000 0.629
10920.000 0.835
10925.000 1.126
10930.000 1.536
10935.000 2.057
10940.000 2.647
10945.000 3.263
10950.000 3.890
10955.000 4.534
10960.000 4.878
10965.000 5.579
10970.000 6.295
10975.000 6.922
10980.000 7.319
10985.000 7.343
10990.000 6.951
10995.000 6.306
11000.000 5.605
11005.000 4.926
11010.000 4.313
11015.000 3.760
11020.000 3.491
11025.000 2.750
11030.000 2.328
11035.000 2.137
11040.000 1.820
11045.000 1.557
11050.000 1.349
11055.000 1.184
11060.000 1.056
11065.000 0.959
11070.000 0.881
11075.000 0.826
11080.000 0.782
11085.000 0.737
11090.000 0.692
11095.000 0.643
11100.000 0.620
11105.000 0.576
11110.000 0.538
11115.000 0.505
11120.000 0.473
11125.000 0.446
11130.000 0.423
11135.000 0.398
11140.000 0.388
11145.000 0.361
11150.000 0.352
11155.000 0.337
11160.000 0.321
11165.000 0.307
11170.000 0.299
11175.000 0.288
11180.000 0.278
11185.000 0.267
11190.000 0.259
11195.000 0.248
11200.000 0.243
11205.000 0.229
11210.000 0.223
11215.000 0.216
11220.000 0.212
11225.000 0.207
11230.000 0.201
11235.000 0.194
11240.000 0.188
11245.000 0.185
11250.000 0.180
11255.000 0.176
11260.000 0.174
11265.000 0.167
11270.000 0.161
11275.000 0.160
11280.000 0.158
11285.000 0.153
11290.000 0.149
11295.000 0.144
11300.000 0.144
11305.000 0.140
11310.000 0.137
11315.000 0.137
11320.000 0.137
11325.000 0.136
11330.000 0.136
11335.000 0.137
11340.000 0.134
11345.000 0.133
11350.000 0.128
11355.000 0.122
11360.000 0.118
11365.000 0.114
11370.000 0.111
11375.000 0.108
11380.000 0.108
11385.000 0.105
11390.000 0.101
11395.000 0.100
11400.000 0.098
11405.000 0.098
11410.000 0.094
11415.000 0.093
11420.000 0.090
11425.000 0.092
11430.000 0.089
11435.000 0.089
11440.000 0.086
11445.000 0.085
11450.000 0.084
11455.000 0.082
11460.000 0.081
11465.000 0.082
11470.000 0.080
11475.000 0.078
11480.000 0.076
11485.000 0.076
11490.000 0.076
11495.000 0.075
11500.000 0.077
11505.000 0.076
11510.000 0.075
11515.000 0.075
11520.000 0.073
11525.000 0.071
11530.000 0.069
11535.000 0.071
11540.000 0.070
11545.000 0.068
11550.000 0.067
11555.000 0.067
11560.000 0.067
11565.000 0.065
11570.000 0.065
11575.000 0.063
11580.000 0.062
11585.000 0.062
11590.000 0.059
11595.000 0.061
11600.000 0.059
11605.000 0.058
11610.000 0.056
11615.000 0.056
11620.000 0.055
11625.000 0.053
11630.000 0.051
11635.000 0.049
11640.000 0.049
11645.000 0.046
11650.000 0.041
11655.000 0.038
11660.000 0.037
11665.000 0.037
11670.000 0.039
11675.000 0.049
11680.000 0.068
11685.000 0.096
11690.000 0.147
11695.000 0.186
11700.000 0.535
11705.000 0.838
11710.000 1.700
11715.000 2.197
11720.000 1.290
11725.000 1.041
11730.000 0.803
11735.000 0.634
11740.000 0.523
11745.000 0.457
11750.000 0.428
11755.000 0.373
11760.000 0.348
11765.000 0.338
11770.000 0.321
11775.000 0.306
11780.000 0.303
11785.000 0.301
11790.000 0.300
11795.000 0.307
11800.000 0.303
11805.000 0.309
11810.000 0.309
11815.000 0.311
11820.000 0.316
11825.000 0.318
11830.000 0.321
11835.000 0.327
11840.000 0.332
11845.000 0.338
11850.000 0.344
11855.000 0.352
11860.000 0.362
11865.000 0.365
11870.000 0.371
11875.000 0.380
11880.000 0.392
11885.000 0.401
11890.000 0.413
11895.000 0.426
11900.000 0.437
11905.000 0.453
11910.000 0.469
11915.000 0.479
11920.000 0.494
11925.000 0.511
11930.000 0.527
11935.000 0.551
11940.000 0.572
11945.000 0.584
11950.000 0.616
11955.000 0.635
11960.000 0.651
11965.000 0.679
11970.000 0.710
11975.000 0.744
11980.000 0.783
11985.000 0.823
11990.000 0.873
11995.000 0.895
12000.000 0.974
