105.000 0.071
110.000 0.987
115.000 2.201
120.000 2.492
125.000 2.611
130.000 3.108
135.000 3.635
140.000 3.668
145.000 3.646
150.000 3.693
155.000 3.758
160.000 3.663
165.000 3.631
170.000 3.480
175.000 3.459
180.000 3.390
185.000 3.425
190.000 3.382
195.000 3.289
200.000 3.455
205.000 3.463
210.000 3.475
215.000 3.495
220.000 3.581
225.000 3.582
230.000 3.587
235.000 3.754
240.000 3.788
245.000 3.813
250.000 3.890
255.000 3.913
260.000 4.036
265.000 4.013
270.000 4.136
275.000 4.218
280.000 4.252
285.000 4.377
290.000 4.430
295.000 4.532
300.000 4.584
305.000 4.610
310.000 4.704
315.000 4.768
320.000 4.840
325.000 4.911
330.000 5.071
335.000 5.249
340.000 5.369
345.000 5.601
350.000 5.763
355.000 6.098
360.000 6.402
365.000 6.572
370.000 6.955
375.000 7.144
380.000 7.586
385.000 8.045
390.000 8.245
395.000 8.633
400.000 8.807
405.000 9.122
410.000 9.220
415.000 9.305
420.000 9.288
425.000 9.193
430.000 8.901
435.000 8.726
440.000 8.163
445.000 7.449
450.000 7.067
455.000 6.159
460.000 5.714
465.000 4.902
470.000 4.145
475.000 3.818
480.000 3.208
485.000 2.985
490.000 2.551
495.000 2.226
500.000 2.080
505.000 1.855
510.000 1.761
515.000 1.613
520.000 1.505
525.000 1.458
530.000 1.375
535.000 1.356
540.000 1.273
545.000 1.197
550.000 1.158
555.000 1.100
560.000 1.075
565.000 1.009
570.000 0.940
575.000 0.916
580.000 0.865
585.000 0.846
590.000 0.802
595.000 0.786
600.000 0.751
605.000 0.721
610.000 0.713
615.000 0.688
620.000 0.654
625.000 0.646
630.000 0.624
635.000 0.613
640.000 0.584
645.000 0.573
650.000 0.569
655.000 0.556
660.000 0.546
665.000 0.533
670.000 0.517
675.000 0.508
680.000 0.492
685.000 0.497
690.000 0.489
695.000 0.475
700.000 0.469
705.000 0.462
710.000 0.461
715.000 0.452
720.000 0.443
725.000 0.437
730.000 0.425
735.000 0.431
740.000 0.420
745.000 0.418
750.000 0.404
755.000 0.407
760.000 0.408
765.000 0.394
770.000 0.393
775.000 0.388
780.000 0.386
785.000 0.391
790.000 0.381
795.000 0.387
800.000 0.370
805.000 0.376
810.000 0.377
815.000 0.369
820.000 0.360
825.000 0.352
830.000 0.356
835.000 0.356
840.000 0.357
845.000 0.355
850.000 0.357
855.000 0.348
860.000 0.344
865.000 0.349
870.000 0.347
875.000 0.344
880.000 0.343
885.000 0.340
890.000 0.337
895.000 0.339
900.000 0.340
905.000 0.339
910.000 0.335
915.000 0.337
920.000 0.336
925.000 0.336
930.000 0.348
935.000 0.339
940.000 0.330
945.000 0.335
950.000 0.335
955.000 0.330
960.000 0.325
965.000 0.325
970.000 0.333
975.000 0.419
980.000 0.392
985.000 0.390
990.000 0.354
995.000 0.364
1000.000 0.350
1005.000 0.332
1010.000 0.327
1015.000 0.329
1020.000 0.334
1025.000 0.322
1030.000 0.324
1035.000 0.321
1040.000 0.332
1045.000 0.332
1050.000 0.319
1055.000 0.327
1060.000 0.318
1065.000 0.325
1070.000 0.323
1075.000 0.322
1080.000 0.344
1085.000 0.349
1090.000 0.331
1095.000 0.333
1100.000 0.329
1105.000 0.389
1110.000 0.416
1115.000 0.386
1120.000 0.368
1125.000 0.358
1130.000 0.340
1135.000 0.335
1140.000 0.332
1145.000 0.327
1150.000 0.327
1155.000 0.327
1160.000 0.326
1165.000 0.331
1170.000 0.329
1175.000 0.334
1180.000 0.330
1185.000 0.331
1190.000 0.332
1195.000 0.336
1200.000 0.333
1205.000 0.333
1210.000 0.333
1215.000 0.333
1220.000 0.337
1225.000 0.332
1230.000 0.336
1235.000 0.337
1240.000 0.337
1245.000 0.341
1250.000 0.339
1255.000 0.346
1260.000 0.339
1265.000 0.346
1270.000 0.345
1275.000 0.343
1280.000 0.349
1285.000 0.346
1290.000 0.350
1295.000 0.349
1300.000 0.357
1305.000 0.351
1310.000 0.352
1315.000 0.351
1320.000 0.357
1325.000 0.358
1330.000 0.358
1335.000 0.362
1340.000 0.363
1345.000 0.365
1350.000 0.371
1355.000 0.369
1360.000 0.376
1365.000 0.373
1370.000 0.369
1375.000 0.382
1380.000 0.376
1385.000 0.376
1390.000 0.390
1395.000 0.377
1400.000 0.380
1405.000 0.384
1410.000 0.384
1415.000 0.385
1420.000 0.381
1425.000 0.382
1430.000 0.381
1435.000 0.381
1440.000 0.378
1445.000 0.374
1450.000 0.369
1455.000 0.371
1460.000 0.374
1465.000 0.379
1470.000 0.381
1475.000 0.390
1480.000 0.393
1485.000 0.405
1490.000 0.405
1495.000 0.429
1500.000 0.435
1505.000 0.430
1510.000 0.432
1515.000 0.450
1520.000 0.469
1525.000 0.474
1530.000 0.468
1535.000 0.468
1540.000 0.474
1545.000 0.487
1550.000 0.489
1555.000 0.497
1560.000 0.506
1565.000 0.510
1570.000 0.516
1575.000 0.530
1580.000 0.533
1585.000 0.544
1590.000 0.566
1595.000 0.566
1600.000 0.574
1605.000 0.576
1610.000 0.588
1615.000 0.604
1620.000 0.611
1625.000 0.630
1630.000 0.634
1635.000 0.645
1640.000 0.661
1645.000 0.673
1650.000 0.687
1655.000 0.690
1660.000 0.708
1665.000 0.731
1670.000 0.742
1675.000 0.753
1680.000 0.767
1685.000 0.784
1690.000 0.803
1695.000 0.812
1700.000 0.836
1705.000 0.843
1710.000 0.874
1715.000 0.896
1720.000 0.903
1725.000 0.925
1730.000 0.946
1735.000 0.981
1740.000 1.003
1745.000 1.019
1750.000 1.048
1755.000 1.062
1760.000 1.092
1765.000 1.123
1770.000 1.140
1775.000 1.168
1780.000 1.181
1785.000 1.216
1790.000 1.254
1795.000 1.268
1800.000 1.303
1805.000 1.323
1810.000 1.353
1815.000 1.373
1820.000 1.396
1825.000 1.421
1830.000 1.438
1835.000 1.477
1840.000 1.487
1845.000 1.502
1850.000 1.533
1855.000 1.550
1860.000 1.566
1865.000 1.581
1870.000 1.573
1875.000 1.607
1880.000 1.607
1885.000 1.622
1890.000 1.636
1895.000 1.671
1900.000 1.667
1905.000 1.651
1910.000 1.654
1915.000 1.657
1920.000 1.629
1925.000 1.669
1930.000 1.660
1935.000 1.657
1940.000 1.648
1945.000 1.841
1950.000 1.812
1955.000 1.752
1960.000 1.679
1965.000 1.674
1970.000 1.622
1975.000 1.707
1980.000 1.669
1985.000 1.633
1990.000 1.609
1995.000 1.583
2000.000 1.568
2005.000 1.576
2010.000 1.567
2015.000 1.570
2020.000 1.536
2025.000 1.570
2030.000 1.563
2035.000 1.544
2040.000 1.538
2045.000 1.533
2050.000 1.517
2055.000 1.517
2060.000 1.496
2065.000 1.511
2070.000 1.510
2075.000 1.512
2080.000 1.514
2085.000 1.517
2090.000 1.516
2095.000 1.524
2100.000 1.526
2105.000 1.534
2110.000 1.540
2115.000 1.546
2120.000 1.556
2125.000 1.568
2130.000 1.573
2135.000 1.590
2140.000 1.593
2145.000 1.612
2150.000 1.641
2155.000 1.653
2160.000 1.677
2165.000 1.692
2170.000 1.727
2175.000 1.761
2180.000 1.777
2185.000 1.820
2190.000 1.851
2195.000 1.900
2200.000 1.959
2205.000 1.989
2210.000 2.058
2215.000 2.096
2220.000 2.184
2225.000 2.290
2230.000 2.353
2235.000 2.473
2240.000 2.549
2245.000 2.714
2250.000 2.926
2255.000 3.055
2260.000 3.401
2265.000 3.620
2270.000 4.238
2275.000 5.212
2280.000 5.886
2285.000 7.978
2290.000 9.574
2295.000 14.325
2300.000 21.426
2305.000 25.513
2310.000 32.372
2315.000 32.746
2320.000 30.010
2325.000 14.239
2330.000 11.703
2335.000 7.221
2340.000 5.890
2345.000 4.217
2350.000 3.187
2355.000 2.806
2360.000 2.218
2365.000 1.987
2370.000 1.622
2375.000 1.352
2380.000 1.248
2385.000 1.053
2390.000 0.975
2395.000 0.850
2400.000 0.748
2405.000 0.702
2410.000 0.623
2415.000 0.588
2420.000 0.528
2425.000 0.472
2430.000 0.452
2435.000 0.413
2440.000 0.394
2445.000 0.359
2450.000 0.330
2455.000 0.315
2460.000 0.289
2470.000 0.267
2475.000 0.257
2480.000 0.234
2485.000 0.218
2490.000 0.212
2495.000 0.200
2500.000 0.194
2505.000 0.184
2510.000 0.175
2515.000 0.173
2520.000 0.164
2530.000 0.158
2535.000 0.156
2540.000 0.155
2545.000 0.153
2550.000 0.153
2555.000 0.154
2560.000 0.153
2565.000 0.156
2570.000 0.157
2575.000 0.160
2580.000 0.164
2585.000 0.165
2590.000 0.171
2595.000 0.174
2600.000 0.177
2605.000 0.183
2610.000 0.184
2615.000 0.188
2620.000 0.191
2625.000 0.196
2630.000 0.202
2635.000 0.202
2640.000 0.211
2645.000 0.215
2650.000 0.223
2655.000 0.230
2660.000 0.230
2665.000 0.237
2670.000 0.240
2675.000 0.248
2680.000 0.256
2685.000 0.259
2690.000 0.268
2695.000 0.273
2700.000 0.280
2705.000 0.286
2710.000 0.293
2715.000 0.300
2720.000 0.305
2725.000 0.313
2730.000 0.318
2735.000 0.328
2740.000 0.338
2745.000 0.343
2750.000 0.352
2755.000 0.359
2760.000 0.369
2765.000 0.380
2770.000 0.386
2775.000 0.395
2780.000 0.400
2785.000 0.410
2790.000 0.423
2795.000 0.426
2800.000 0.440
2805.000 0.444
2810.000 0.456
2815.000 0.467
2820.000 0.472
2825.000 0.483
2830.000 0.490
2835.000 0.499
2840.000 0.518
2845.000 0.529
2850.000 0.540
2855.000 0.545
2860.000 0.549
2865.000 0.561
2870.000 0.563
2875.000 0.572
2880.000 0.581
2885.000 0.584
2890.000 0.593
2895.000 0.596
2905.000 0.619
2910.000 0.624
2915.000 0.624
2920.000 0.631
2925.000 0.633
2930.000 0.639
2935.000 0.647
2940.000 0.649
2945.000 0.653
2950.000 0.659
2955.000 0.668
2960.000 0.672
2965.000 0.667
2970.000 0.663
2975.000 0.665
2980.000 0.668
2985.000 0.670
2990.000 0.683
2995.000 0.688
3000.000 0.675
3005.000 0.689
3010.000 0.694
3015.000 0.692
3020.000 0.683
3025.000 0.695
3030.000 0.697
3035.000 0.687
3040.000 0.694
3045.000 0.693
3050.000 0.690
3055.000 0.703
3060.000 0.691
3065.000 0.695
3070.000 0.694
3075.000 0.698
3080.000 0.693
3085.000 0.697
3090.000 0.699
3095.000 0.700
3100.000 0.699
3105.000 0.707
3110.000 0.705
3115.000 0.703
3120.000 0.703
3125.000 0.705
3130.000 0.707
3135.000 0.705
3140.000 0.705
3145.000 0.704
3150.000 0.709
3155.000 0.712
3160.000 0.712
3165.000 0.717
3170.000 0.720
3175.000 0.720
3180.000 0.718
3185.000 0.718
3190.000 0.719
3195.000 0.722
3200.000 0.726
3205.000 0.725
3210.000 0.726
3215.000 0.732
3220.000 0.730
3225.000 0.734
3230.000 0.737
3235.000 0.742
3240.000 0.745
3245.000 0.751
3250.000 0.750
3255.000 0.755
3260.000 0.759
3265.000 0.764
3270.000 0.769
3275.000 0.772
3280.000 0.781
3285.000 0.783
3290.000 0.786
3295.000 0.793
3300.000 0.799
3305.000 0.807
3310.000 0.807
3315.000 0.813
3320.000 0.817
3325.000 0.821
3330.000 0.830
3335.000 0.837
3340.000 0.846
3345.000 0.855
3350.000 0.857
3355.000 0.870
3360.000 0.875
3365.000 0.884
3370.000 0.902
3375.000 0.911
3380.000 0.921
3385.000 0.928
3390.000 0.941
3395.000 0.955
3400.000 0.965
3405.000 0.986
3410.000 0.995
3415.000 1.007
3420.000 1.029
3425.000 1.035
3430.000 1.053
3435.000 1.067
3440.000 1.088
3445.000 1.113
3450.000 1.130
3455.000 1.168
3460.000 1.177
3465.000 1.207
3470.000 1.239
3475.000 1.254
3480.000 1.292
3485.000 1.313
3490.000 1.354
3495.000 1.403
3500.000 1.426
3505.000 1.484
3510.000 1.504
3515.000 1.549
3520.000 1.590
3525.000 1.616
3530.000 1.670
3535.000 1.698
3540.000 1.751
3545.000 1.817
3550.000 1.849
3555.000 1.920
3560.000 1.956
3565.000 2.038
3570.000 2.079
3575.000 2.172
3580.000 2.276
3585.000 2.329
3590.000 2.458
3595.000 2.527
3600.000 2.672
3605.000 2.832
3610.000 2.930
3615.000 3.138
3620.000 3.256
3625.000 3.506
3630.000 3.828
3635.000 4.024
3640.000 4.528
3645.000 4.821
3650.000 5.572
3655.000 6.619
3660.000 7.333
3665.000 9.280
3670.000 10.585
3675.000 14.253
3680.000 19.709
3685.000 23.135
3690.000 31.289
3695.000 35.800
3700.000 44.958
3705.000 50.621
3710.000 49.898
3715.000 33.309
3720.000 25.080
3725.000 16.820
3730.000 11.879
3735.000 10.228
3740.000 7.903
3745.000 7.062
3750.000 5.781
3755.000 4.841
3760.000 4.456
3765.000 3.835
3770.000 3.580
3775.000 3.148
3780.000 2.808
3785.000 2.664
3790.000 2.409
3795.000 2.300
3800.000 2.109
3805.000 1.954
3810.000 1.882
3815.000 1.754
3820.000 1.696
3825.000 1.597
3830.000 1.507
3835.000 1.465
3840.000 1.393
3845.000 1.362
3850.000 1.299
3855.000 1.269
3860.000 1.214
3865.000 1.165
3870.000 1.142
3875.000 1.098
3880.000 1.062
3885.000 1.044
3890.000 1.013
3895.000 0.996
3900.000 0.968
3905.000 0.939
3910.000 0.923
3915.000 0.900
3920.000 0.890
3925.000 0.869
3930.000 0.850
3935.000 0.836
3940.000 0.819
3945.000 0.810
3950.000 0.795
3955.000 0.773
3960.000 0.769
3965.000 0.751
3970.000 0.742
3975.000 0.736
3980.000 0.723
3985.000 0.716
3990.000 0.703
3995.000 0.696
4000.000 0.676
4005.000 0.681
4010.000 0.673
4015.000 0.667
4020.000 0.652
4025.000 0.651
4030.000 0.641
4035.000 0.633
4040.000 0.619
4045.000 0.618
4050.000 0.615
4055.000 0.602
4060.000 0.603
4065.000 0.590
4070.000 0.591
4075.000 0.583
4080.000 0.577
4085.000 0.571
4090.000 0.566
4095.000 0.564
4100.000 0.557
4105.000 0.550
4110.000 0.546
4115.000 0.539
4120.000 0.538
4125.000 0.529
4130.000 0.523
4135.000 0.520
4140.000 0.512
4145.000 0.508
4150.000 0.502
4155.000 0.498
4160.000 0.491
4165.000 0.486
4170.000 0.482
4175.000 0.475
4180.000 0.473
4185.000 0.468
4190.000 0.461
4195.000 0.458
4200.000 0.451
4205.000 0.449
4210.000 0.441
4215.000 0.437
4220.000 0.434
4225.000 0.427
4230.000 0.426
4235.000 0.422
4240.000 0.420
4245.000 0.419
4250.000 0.417
4255.000 0.416
4260.000 0.418
4265.000 0.420
4270.000 0.420
4275.000 0.421
4280.000 0.424
4285.000 0.425
4290.000 0.424
4295.000 0.426
4300.000 0.427
4305.000 0.427
4310.000 0.429
4315.000 0.430
4320.000 0.431
4325.000 0.432
4330.000 0.433
4335.000 0.434
4340.000 0.436
4345.000 0.435
4350.000 0.436
4355.000 0.437
4360.000 0.438
4365.000 0.436
4370.000 0.438
4375.000 0.437
4380.000 0.440
4385.000 0.441
4390.000 0.441
4395.000 0.440
4400.000 0.440
4405.000 0.441
4410.000 0.443
4415.000 0.446
4420.000 0.447
4425.000 0.451
4430.000 0.451
4435.000 0.449
4440.000 0.448
4445.000 0.451
4450.000 0.451
4455.000 0.452
4460.000 0.452
4465.000 0.454
4470.000 0.455
4475.000 0.458
4480.000 0.457
4485.000 0.460
4490.000 0.461
4495.000 0.462
4500.000 0.464
4505.000 0.465
4510.000 0.467
4515.000 0.469
4520.000 0.470
4525.000 0.474
4530.000 0.474
4535.000 0.478
4540.000 0.480
4545.000 0.481
4550.000 0.485
4555.000 0.486
4560.000 0.489
4565.000 0.491
4570.000 0.494
4575.000 0.496
4580.000 0.499
4585.000 0.504
4590.000 0.508
4595.000 0.509
4600.000 0.513
4605.000 0.516
4610.000 0.520
4615.000 0.524
4620.000 0.526
4625.000 0.532
4630.000 0.534
4635.000 0.540
4640.000 0.546
4645.000 0.551
4650.000 0.556
4655.000 0.561
4660.000 0.567
4665.000 0.574
4670.000 0.578
4675.000 0.587
4680.000 0.590
4685.000 0.597
4690.000 0.606
4695.000 0.612
4700.000 0.622
4705.000 0.627
4710.000 0.639
4715.000 0.649
4720.000 0.657
4725.000 0.667
4730.000 0.676
4735.000 0.689
4740.000 0.705
4745.000 0.713
4750.000 0.731
4755.000 0.739
4760.000 0.760
4765.000 0.771
4770.000 0.789
4775.000 0.812
4780.000 0.823
4785.000 0.852
4790.000 0.865
4795.000 0.895
4800.000 0.929
4805.000 0.947
4810.000 0.985
4815.000 1.006
4820.000 1.051
4825.000 1.101
4830.000 1.128
4835.000 1.190
4840.000 1.226
4845.000 1.299
4850.000 1.383
4855.000 1.438
4860.000 1.508
4865.000 1.543
4870.000 1.608
4875.000 1.688
4880.000 1.733
4885.000 1.831
4890.000 1.883
4895.000 1.994
4900.000 2.145
4905.000 2.229
4910.000 2.452
4915.000 2.566
4920.000 2.783
4925.000 3.069
4930.000 3.251
4935.000 3.687
4940.000 3.974
4945.000 4.699
4950.000 5.734
4955.000 6.384
4960.000 7.961
4965.000 8.741
4970.000 10.620
4975.000 23.141
4980.000 32.923
4985.000 33.132
4990.000 40.276
4995.000 40.738
5000.000 29.368
5005.000 22.058
5010.000 14.618
5015.000 12.128
5020.000 8.582
5025.000 6.470
5030.000 5.746
5035.000 4.627
5040.000 4.211
5045.000 3.501
5050.000 3.239
5055.000 2.826
5060.000 2.492
5065.000 2.354
5070.000 2.118
5075.000 2.023
5080.000 1.846
5085.000 1.704
5090.000 1.641
5095.000 1.535
5100.000 1.483
5105.000 1.394
5110.000 1.320
5115.000 1.284
5120.000 1.225
5125.000 1.199
5130.000 1.150
5135.000 1.108
5140.000 1.087
5145.000 1.052
5150.000 1.034
5155.000 1.004
5160.000 0.977
5165.000 0.966
5170.000 0.944
5175.000 0.932
5180.000 0.915
5185.000 0.898
5190.000 0.891
5195.000 0.877
5200.000 0.872
5205.000 0.863
5210.000 0.850
5215.000 0.845
5220.000 0.838
5225.000 0.834
5230.000 0.826
5235.000 0.819
5240.000 0.816
5245.000 0.812
5250.000 0.806
5255.000 0.804
5260.000 0.799
5265.000 0.799
5270.000 0.796
5275.000 0.794
5280.000 0.792
5285.000 0.792
5290.000 0.791
5295.000 0.789
5300.000 0.789
5305.000 0.790
5310.000 0.789
5315.000 0.791
5320.000 0.788
5325.000 0.791
5330.000 0.788
5335.000 0.790
5340.000 0.792
5345.000 0.790
5350.000 0.789
5355.000 0.790
5360.000 0.790
5365.000 0.792
5370.000 0.790
5375.000 0.789
5380.000 0.790
5385.000 0.791
5390.000 0.791
5395.000 0.794
5400.000 0.791
5405.000 0.793
5410.000 0.792
5415.000 0.789
5420.000 0.791
5425.000 0.790
5430.000 0.793
5435.000 0.789
5440.000 0.790
5445.000 0.788
5450.000 0.791
5455.000 0.790
5460.000 0.790
5465.000 0.788
5470.000 0.788
5475.000 0.789
5480.000 0.785
5485.000 0.788
5490.000 0.787
5495.000 0.787
5500.000 0.787
5505.000 0.787
5510.000 0.790
5515.000 0.789
5520.000 0.791
5525.000 0.792
5530.000 0.802
5535.000 0.796
5540.000 0.791
5545.000 0.789
5550.000 0.786
5555.000 0.786
5560.000 0.785
5565.000 0.788
5570.000 0.785
5575.000 0.785
5580.000 0.786
5585.000 0.788
5590.000 0.785
5595.000 0.789
5600.000 0.788
5605.000 0.790
5610.000 0.793
5615.000 0.792
5620.000 0.792
5625.000 0.794
5630.000 0.796
5635.000 0.797
5640.000 0.797
5645.000 0.799
5650.000 0.802
5655.000 0.800
5660.000 0.806
5665.000 0.806
5670.000 0.809
5675.000 0.809
5680.000 0.814
5685.000 0.814
5690.000 0.820
5695.000 0.819
5700.000 0.823
5705.000 0.824
5710.000 0.828
5715.000 0.828
5720.000 0.835
5725.000 0.837
5730.000 0.842
5735.000 0.845
5740.000 0.848
5745.000 0.854
5750.000 0.861
5755.000 0.864
5760.000 0.868
5765.000 0.872
5770.000 0.879
5775.000 0.881
5780.000 0.889
5785.000 0.894
5790.000 0.896
5795.000 0.906
5800.000 0.914
5805.000 0.918
5810.000 0.926
5815.000 0.931
5820.000 0.940
5825.000 0.951
5830.000 0.957
5835.000 0.969
5840.000 0.975
5845.000 0.986
5850.000 0.995
5855.000 1.001
5860.000 1.017
5865.000 1.024
5870.000 1.040
5875.000 1.058
5880.000 1.066
5885.000 1.082
5890.000 1.094
5895.000 1.111
5900.000 1.130
5905.000 1.138
5910.000 1.165
5915.000 1.175
5920.000 1.200
5925.000 1.226
5930.000 1.236
5935.000 1.270
5940.000 1.288
5945.000 1.325
5950.000 1.341
5955.000 1.375
5960.000 1.419
5965.000 1.442
5970.000 1.484
5975.000 1.513
5980.000 1.566
5985.000 1.621
5990.000 1.655
5995.000 1.703
6000.000 1.733
6005.000 1.765
6010.000 1.799
6015.000 1.823
6020.000 1.872
6025.000 1.891
6030.000 1.936
6035.000 1.996
6040.000 2.020
6045.000 2.078
6050.000 2.099
6055.000 2.165
6060.000 2.228
6065.000 2.258
6070.000 2.340
6075.000 2.379
6080.000 2.473
6085.000 2.565
6090.000 2.617
6095.000 2.721
6100.000 2.786
6105.000 2.912
6110.000 3.052
6115.000 3.112
6120.000 3.270
6125.000 3.349
6130.000 3.524
6135.000 3.727
6140.000 3.837
6145.000 4.079
6150.000 4.217
6155.000 4.544
6160.000 4.931
6165.000 5.165
6170.000 5.743
6175.000 6.097
6180.000 6.980
6185.000 8.240
6190.000 9.046
6195.000 11.225
6200.000 12.688
6205.000 16.653
6210.000 22.306
6215.000 25.774
6220.000 33.567
6225.000 37.600
6230.000 44.626
6235.000 46.360
6240.000 42.560
6245.000 28.837
6250.000 23.467
6255.000 15.930
6260.000 11.633
6265.000 10.222
6270.000 8.202
6275.000 7.477
6280.000 6.395
6285.000 5.621
6290.000 5.313
6295.000 4.826
6300.000 4.605
6305.000 4.168
6310.000 3.772
6315.000 3.590
6320.000 3.281
6325.000 3.136
6330.000 2.886
6335.000 2.668
6340.000 2.575
6345.000 2.402
6350.000 2.329
6355.000 2.188
6360.000 2.073
6365.000 2.016
6370.000 1.920
6375.000 1.876
6380.000 1.794
6385.000 1.720
6390.000 1.689
6395.000 1.625
6400.000 1.602
6405.000 1.549
6410.000 1.504
6415.000 1.477
6420.000 1.444
6425.000 1.423
6430.000 1.389
6435.000 1.359
6440.000 1.346
6445.000 1.324
6450.000 1.312
6455.000 1.295
6460.000 1.283
6465.000 1.278
6470.000 1.266
6475.000 1.267
6480.000 1.262
6485.000 1.266
6490.000 1.268
6495.000 1.281
6500.000 1.288
6505.000 1.312
6510.000 1.342
6515.000 1.366
6520.000 1.425
6525.000 1.463
6530.000 1.572
6535.000 1.640
6540.000 1.843
6545.000 2.196
6550.000 2.484
6555.000 3.671
6560.000 5.025
6565.000 11.859
6570.000 21.104
6575.000 21.505
6580.000 3.794
6585.000 5.653
6590.000 2.443
6595.000 1.055
6600.000 0.823
6605.000 0.520
6610.000 0.414
6615.000 0.358
6620.000 0.314
6625.000 0.306
6630.000 0.299
6635.000 0.302
6640.000 0.311
6645.000 0.315
6650.000 0.318
6655.000 0.325
6660.000 0.327
6665.000 0.331
6670.000 0.338
6675.000 0.338
6680.000 0.342
6685.000 0.347
6690.000 0.348
6695.000 0.351
6700.000 0.352
6705.000 0.355
6710.000 0.357
6715.000 0.360
6720.000 0.361
6725.000 0.363
6730.000 0.366
6735.000 0.367
6740.000 0.367
6745.000 0.370
6750.000 0.369
6755.000 0.372
6760.000 0.373
6765.000 0.374
6770.000 0.374
6775.000 0.375
6780.000 0.375
6785.000 0.376
6790.000 0.378
6795.000 0.378
6800.000 0.381
6805.000 0.381
6810.000 0.381
6815.000 0.382
6820.000 0.385
6825.000 0.385
6830.000 0.388
6835.000 0.387
6840.000 0.388
6845.000 0.390
6850.000 0.389
6855.000 0.391
6860.000 0.393
6865.000 0.395
6870.000 0.396
6875.000 0.396
6880.000 0.398
6885.000 0.398
6890.000 0.401
6895.000 0.403
6900.000 0.405
6905.000 0.404
6910.000 0.407
6915.000 0.408
6920.000 0.410
6925.000 0.411
6930.000 0.415
6935.000 0.416
6940.000 0.420
6945.000 0.420
6950.000 0.426
6955.000 0.427
6960.000 0.425
6965.000 0.428
6970.000 0.437
6975.000 0.438
6980.000 0.442
6985.000 0.444
6990.000 0.443
6995.000 0.447
7000.000 0.451
7005.000 0.458
7010.000 0.461
7015.000 0.467
7020.000 0.463
7025.000 0.477
7030.000 0.479
7035.000 0.481
7040.000 0.482
7045.000 0.490
7050.000 0.497
7055.000 0.498
7060.000 0.506
7065.000 0.510
7070.000 0.522
7075.000 0.528
7080.000 0.535
7085.000 0.538
7090.000 0.545
7095.000 0.558
7100.000 0.560
7105.000 0.576
7110.000 0.579
7115.000 0.591
7120.000 0.605
7125.000 0.611
7130.000 0.623
7135.000 0.632
7140.000 0.648
7145.000 0.654
7150.000 0.672
7155.000 0.688
7160.000 0.698
7165.000 0.716
7170.000 0.726
7175.000 0.747
7180.000 0.772
7185.000 0.781
7190.000 0.801
7195.000 0.810
7200.000 0.832
7205.000 0.859
7210.000 0.869
7215.000 0.896
7220.000 0.909
7225.000 0.936
7230.000 0.967
7235.000 0.987
7240.000 1.021
7245.000 1.042
7250.000 1.080
7255.000 1.123
7260.000 1.144
7265.000 1.195
7270.000 1.224
7275.000 1.280
7280.000 1.355
7285.000 1.392
7290.000 1.466
7295.000 1.507
7300.000 1.599
7305.000 1.705
7310.000 1.769
7315.000 1.910
7320.000 1.992
7325.000 2.177
7330.000 2.387
7335.000 2.474
7340.000 2.658
7345.000 2.752
7350.000 2.990
7355.000 3.363
7360.000 3.453
7365.000 3.921
7370.000 4.175
7375.000 4.656
7380.000 5.289
7385.000 5.662
7390.000 6.594
7395.000 7.181
7400.000 8.651
7405.000 10.682
7410.000 11.961
7415.000 15.159
7420.000 17.088
7425.000 21.964
7430.000 27.225
7435.000 30.006
7440.000 35.072
7445.000 36.911
7450.000 37.012
7455.000 30.359
7460.000 25.918
7465.000 18.879
7470.000 16.262
7475.000 12.285
7480.000 9.643
7485.000 8.662
7490.000 7.170
7495.000 6.587
7500.000 5.667
7505.000 4.985
7510.000 4.538
7515.000 4.389
7520.000 4.257
7530.000 4.477
7535.000 3.950
7545.000 4.214
7550.000 3.926
7555.000 3.456
7560.000 3.099
7565.000 2.951
7570.000 2.705
7575.000 2.606
7580.000 2.423
7585.000 2.277
7590.000 2.211
7595.000 2.099
7600.000 2.050
7605.000 1.961
7610.000 1.882
7615.000 1.846
7620.000 1.770
7625.000 1.741
7630.000 1.680
7635.000 1.627
7640.000 1.606
7645.000 1.564
7650.000 1.538
7655.000 1.512
7660.000 1.498
7665.000 1.469
7670.000 1.436
7675.000 1.423
7680.000 1.392
7685.000 1.379
7690.000 1.355
7695.000 1.346
7700.000 1.339
7705.000 1.315
7710.000 1.303
7715.000 1.284
7720.000 1.265
7725.000 1.255
7730.000 1.240
7735.000 1.233
7740.000 1.222
7745.000 1.207
7750.000 1.202
7755.000 1.190
7760.000 1.189
7765.000 1.181
7770.000 1.171
7775.000 1.165
7780.000 1.157
7785.000 1.155
7790.000 1.150
7795.000 1.143
7800.000 1.143
7805.000 1.136
7810.000 1.135
7815.000 1.131
7820.000 1.132
7825.000 1.131
7830.000 1.128
7835.000 1.126
7840.000 1.126
7845.000 1.130
7850.000 1.128
7855.000 1.130
7860.000 1.131
7865.000 1.135
7870.000 1.137
7875.000 1.140
7885.000 1.273
7890.000 1.257
7895.000 1.239
7900.000 1.233
7905.000 1.230
7910.000 1.230
7915.000 1.232
7920.000 1.245
7925.000 1.248
7930.000 1.268
7935.000 1.288
7940.000 1.302
7945.000 1.331
7950.000 1.345
7955.000 1.381
7960.000 1.418
7965.000 1.442
7970.000 1.475
7975.000 1.502
7980.000 1.556
7985.000 1.611
7990.000 1.660
7995.000 1.745
8000.000 1.790
8005.000 1.934
8010.000 2.114
8015.000 2.237
8020.000 2.557
8025.000 3.086
8030.000 3.456
8035.000 4.530
8040.000 5.488
8045.000 9.077
8050.000 12.016
8055.000 18.717
8060.000 18.685
8065.000 11.140
8070.000 6.944
8075.000 1.860
8080.000 1.789
8085.000 0.879
8090.000 0.689
8095.000 0.397
8100.000 0.324
8105.000 0.268
8110.000 0.277
8115.000 0.294
8120.000 0.331
8125.000 0.348
8130.000 0.385
8135.000 0.415
8140.000 0.430
8145.000 0.455
8150.000 0.468
8155.000 0.491
8160.000 0.509
8165.000 0.520
8170.000 0.539
8175.000 0.548
8180.000 0.568
8185.000 0.586
8190.000 0.598
8195.000 0.614
8200.000 0.624
8205.000 0.643
8210.000 0.661
8215.000 0.671
8220.000 0.689
8225.000 0.697
8230.000 0.715
8235.000 0.725
8240.000 0.742
8245.000 0.763
8250.000 0.769
8255.000 0.788
8260.000 0.799
8265.000 0.820
8270.000 0.837
8275.000 0.850
8280.000 0.868
8285.000 0.881
8290.000 0.901
8295.000 0.925
8300.000 0.938
8305.000 0.963
8310.000 0.975
8315.000 1.003
8320.000 1.027
8325.000 1.038
8330.000 1.090
8335.000 1.100
8340.000 1.118
8345.000 1.132
8350.000 1.144
8355.000 1.164
8360.000 1.175
8365.000 1.201
8370.000 1.228
8375.000 1.241
8380.000 1.290
8385.000 1.312
8390.000 1.334
8395.000 1.369
8400.000 1.389
8405.000 1.429
8410.000 1.454
8415.000 1.503
8420.000 1.559
8425.000 1.587
8430.000 1.650
8435.000 1.681
8440.000 1.757
8445.000 1.837
8450.000 1.883
8455.000 1.958
8460.000 1.988
8465.000 2.060
8470.000 2.138
8475.000 2.177
8480.000 2.261
8485.000 2.312
8490.000 2.410
8495.000 2.532
8500.000 2.597
8505.000 2.761
8510.000 2.853
8515.000 3.105
8520.000 3.487
8525.000 3.777
8530.000 4.818
8535.000 5.738
8540.000 7.809
8545.000 3.643
8550.000 1.775
8555.000 2.248
8560.000 3.839
8565.000 3.621
8570.000 4.414
8575.000 4.769
8580.000 5.643
8585.000 6.186
8590.000 7.227
8595.000 8.646
8600.000 9.471
8605.000 11.442
8615.000 12.222
8620.000 15.114
8625.000 17.186
8630.000 21.504
8635.000 24.894
8640.000 25.857
8650.000 19.261
8655.000 14.485
8660.000 12.531
8665.000 9.610
8670.000 8.524
8675.000 6.902
8680.000 6.292
8685.000 5.367
8690.000 4.786
8695.000 4.551
8700.000 4.160
8705.000 3.985
8710.000 3.674
8715.000 3.405
8720.000 3.285
8725.000 3.067
8730.000 2.962
8735.000 2.747
8740.000 2.539
8745.000 2.454
8750.000 2.257
8755.000 2.163
8760.000 1.993
8765.000 1.917
8770.000 1.781
8775.000 1.662
8780.000 1.609
8785.000 1.513
8790.000 1.469
8795.000 1.389
8800.000 1.319
8805.000 1.287
8810.000 1.227
8815.000 1.197
8820.000 1.140
8825.000 1.090
8830.000 1.089
8835.000 1.053
8840.000 1.022
8845.000 0.988
8850.000 0.953
8855.000 0.935
8860.000 0.906
8865.000 0.891
8870.000 0.865
8875.000 0.839
8880.000 0.828
8885.000 0.807
8890.000 0.801
8895.000 0.778
8900.000 0.757
8905.000 0.747
8910.000 0.727
8915.000 0.718
8920.000 0.698
8925.000 0.683
8930.000 0.674
8935.000 0.658
8940.000 0.652
8945.000 0.639
8950.000 0.627
8955.000 0.616
8960.000 0.608
8965.000 0.599
8970.000 0.590
8975.000 0.577
8980.000 0.572
8985.000 0.567
8990.000 0.559
8995.000 0.552
9000.000 0.538
9005.000 0.539
9010.000 0.532
9015.000 0.526
9020.000 0.515
9025.000 0.509
9035.000 0.539
9045.000 0.497
9050.000 0.495
9055.000 0.489
9060.000 0.481
9065.000 0.484
9070.000 0.476
9075.000 0.473
9080.000 0.468
9085.000 0.465
9090.000 0.463
9095.000 0.461
9100.000 0.459
9105.000 0.456
9110.000 0.454
9115.000 0.453
9120.000 0.450
9125.000 0.451
9130.000 0.448
9135.000 0.447
9140.000 0.446
9145.000 0.445
9150.000 0.445
9155.000 0.445
9160.000 0.444
9165.000 0.443
9170.000 0.445
9175.000 0.446
9180.000 0.445
9185.000 0.447
9190.000 0.447
9195.000 0.450
9200.000 0.449
9205.000 0.454
9210.000 0.456
9215.000 0.457
9220.000 0.459
9225.000 0.464
9230.000 0.467
9235.000 0.479
9240.000 0.481
9245.000 0.489
9250.000 0.494
9255.000 0.495
9265.000 0.501
9275.000 0.555
9285.000 0.582
9290.000 0.582
9295.000 0.581
9300.000 0.585
9305.000 0.592
9310.000 0.611
9315.000 0.617
9320.000 0.631
9325.000 0.641
9330.000 0.659
9335.000 0.682
9340.000 0.695
9345.000 0.724
9350.000 0.739
9355.000 0.776
9360.000 0.813
9365.000 0.833
9370.000 0.871
9375.000 0.896
9380.000 0.944
9385.000 0.996
9390.000 1.027
9395.000 1.084
9400.000 1.117
9405.000 1.198
9410.000 1.300
9415.000 1.361
9420.000 1.517
9425.000 1.610
9430.000 1.828
9435.000 2.101
9440.000 2.296
9445.000 2.845
9450.000 3.247
9455.000 4.507
9460.000 6.765
9465.000 8.643
9470.000 13.229
9475.000 16.062
9480.000 20.763
9485.000 20.039
9490.000 7.707
9500.000 4.466
9505.000 2.979
9510.000 2.004
9515.000 1.669
9520.000 1.172
9525.000 0.996
9530.000 0.729
9535.000 0.543
9540.000 0.466
9545.000 0.338
9550.000 0.286
9555.000 0.194
9560.000 0.118
9565.000 0.086
9570.000 0.029
9575.000 0.014
9580.000 0.054
9585.000 0.102
9590.000 0.124
9595.000 0.168
9600.000 0.188
9605.000 0.230
9610.000 0.268
9615.000 0.290
9620.000 0.329
9625.000 0.350
9630.000 0.389
9635.000 0.433
9640.000 0.455
9645.000 0.503
9650.000 0.525
9655.000 0.577
9660.000 0.630
9665.000 0.660
9670.000 0.724
9675.000 0.758
9680.000 0.834
9685.000 0.923
9690.000 0.971
9695.000 1.082
9700.000 1.147
9705.000 1.302
9710.000 1.497
9715.000 1.616
9720.000 1.902
9725.000 2.078
9730.000 2.526
9735.000 3.073
9740.000 3.389
9745.000 4.040
9750.000 4.382
9755.000 5.149
9760.000 6.034
9765.000 6.507
9770.000 7.564
9775.000 8.158
9780.000 9.537
9785.000 11.108
9790.000 11.991
9795.000 14.045
9800.000 15.200
9805.000 17.678
9810.000 20.020
9815.000 21.004
9820.000 21.640
9825.000 21.269
9830.000 19.077
9835.000 16.252
9840.000 14.867
9845.000 12.338
9850.000 11.223
9855.000 9.280
9860.000 7.650
9865.000 6.956
9870.000 5.843
9875.000 5.406
9880.000 4.701
9885.000 4.184
9890.000 3.948
9895.000 3.572
9900.000 3.427
9905.000 3.173
9910.000 2.975
9915.000 2.892
9920.000 2.745
9925.000 2.691
9930.000 2.584
9935.000 2.484
9940.000 2.434
9945.000 2.340
9950.000 2.303
9955.000 2.230
9960.000 2.160
9965.000 2.119
9970.000 2.054
9975.000 2.021
9980.000 1.948
9985.000 1.897
9990.000 1.862
9995.000 1.806
10000.000 1.777
