105.000 0.077
110.000 0.050
115.000 2.598
120.000 3.085
125.000 3.332
130.000 3.624
135.000 3.703
140.000 3.955
145.000 3.985
150.000 3.893
155.000 3.895
160.000 3.807
165.000 3.727
170.000 3.647
175.000 3.530
180.000 3.533
185.000 3.518
190.000 3.511
195.000 3.565
200.000 3.616
205.000 3.685
210.000 3.682
215.000 3.797
220.000 3.841
225.000 3.903
230.000 3.981
235.000 4.021
240.000 4.129
245.000 4.192
250.000 4.236
255.000 4.370
260.000 4.370
265.000 4.411
270.000 4.539
275.000 4.551
280.000 4.679
285.000 4.710
290.000 4.783
295.000 4.887
300.000 4.944
305.000 4.996
310.000 5.075
315.000 5.190
320.000 5.362
325.000 5.438
330.000 5.635
335.000 5.702
340.000 5.988
345.000 6.149
350.000 6.277
355.000 6.547
360.000 6.718
365.000 6.987
370.000 7.343
375.000 7.497
380.000 7.847
385.000 8.008
390.000 8.437
395.000 8.809
400.000 8.984
405.000 9.257
410.000 9.343
415.000 9.493
420.000 9.472
425.000 9.357
430.000 9.037
435.000 8.870
440.000 8.336
445.000 7.724
450.000 7.384
455.000 6.706
460.000 6.342
465.000 5.509
470.000 4.687
475.000 4.289
480.000 3.576
485.000 3.270
490.000 2.742
495.000 2.335
500.000 2.184
505.000 1.892
510.000 1.786
515.000 1.604
520.000 1.500
525.000 1.461
530.000 1.382
535.000 1.339
540.000 1.279
545.000 1.229
550.000 1.170
555.000 1.101
560.000 1.059
565.000 1.001
570.000 0.937
575.000 0.917
580.000 0.859
585.000 0.846
590.000 0.801
595.000 0.768
600.000 0.744
605.000 0.717
610.000 0.705
615.000 0.674
620.000 0.659
625.000 0.633
630.000 0.628
635.000 0.607
640.000 0.585
645.000 0.579
650.000 0.558
655.000 0.542
660.000 0.540
665.000 0.528
670.000 0.513
675.000 0.508
680.000 0.494
685.000 0.477
690.000 0.479
695.000 0.477
700.000 0.470
705.000 0.454
710.000 0.449
715.000 0.437
720.000 0.435
725.000 0.436
730.000 0.425
735.000 0.420
740.000 0.413
745.000 0.410
750.000 0.410
755.000 0.397
760.000 0.402
765.000 0.393
770.000 0.383
775.000 0.384
780.000 0.382
785.000 0.380
790.000 0.378
795.000 0.381
800.000 0.363
805.000 0.371
810.000 0.368
815.000 0.371
820.000 0.367
825.000 0.365
830.000 0.357
835.000 0.354
840.000 0.350
845.000 0.357
850.000 0.355
855.000 0.353
860.000 0.346
865.000 0.362
870.000 0.358
875.000 0.355
880.000 0.349
885.000 0.344
890.000 0.343
895.000 0.339
900.000 0.338
905.000 0.341
910.000 0.340
915.000 0.337
920.000 0.337
925.000 0.333
930.000 0.338
935.000 0.342
940.000 0.331
945.000 0.326
950.000 0.331
955.000 0.345
960.000 0.335
965.000 0.331
970.000 0.341
975.000 0.328
980.000 0.328
985.000 0.334
990.000 0.329
995.000 0.338
1000.000 0.334
1005.000 0.322
1010.000 0.321
1015.000 0.326
1020.000 0.337
1025.000 0.326
1030.000 0.329
1035.000 0.328
1040.000 0.331
1045.000 0.329
1050.000 0.358
1055.000 0.346
1060.000 0.337
1065.000 0.336
1070.000 0.330
1075.000 0.323
1080.000 0.329
1085.000 0.327
1090.000 0.326
1095.000 0.335
1100.000 0.333
1105.000 0.328
1110.000 0.330
1115.000 0.325
1120.000 0.325
1125.000 0.339
1130.000 0.328
1135.000 0.331
1140.000 0.331
1145.000 0.330
1150.000 0.333
1155.000 0.328
1160.000 0.333
1165.000 0.334
1170.000 0.335
1175.000 0.333
1180.000 0.331
1185.000 0.332
1190.000 0.335
1195.000 0.336
1200.000 0.343
1205.000 0.341
1210.000 0.347
1215.000 0.341
1220.000 0.346
1225.000 0.348
1230.000 0.352
1235.000 0.349
1240.000 0.346
1245.000 0.348
1250.000 0.361
1255.000 0.362
1260.000 0.388
1265.000 0.369
1270.000 0.362
1275.000 0.358
1280.000 0.353
1285.000 0.368
1290.000 0.358
1295.000 0.358
1300.000 0.355
1305.000 0.356
1310.000 0.359
1315.000 0.352
1320.000 0.358
1325.000 0.365
1330.000 0.366
1335.000 0.380
1340.000 0.375
1345.000 0.369
1350.000 0.374
1355.000 0.371
1360.000 0.377
1365.000 0.379
1370.000 0.379
1375.000 0.382
1380.000 0.379
1385.000 0.381
1390.000 0.381
1395.000 0.387
1400.000 0.384
1405.000 0.379
1410.000 0.382
1415.000 0.391
1420.000 0.385
1425.000 0.383
1430.000 0.385
1435.000 0.380
1440.000 0.378
1445.000 0.374
1450.000 0.373
1455.000 0.372
1460.000 0.377
1465.000 0.380
1470.000 0.383
1475.000 0.391
1480.000 0.393
1485.000 0.398
1490.000 0.401
1495.000 0.415
1500.000 0.418
1505.000 0.427
1510.000 0.433
1515.000 0.439
1520.000 0.443
1525.000 0.452
1530.000 0.464
1535.000 0.462
1540.000 0.473
1545.000 0.483
1550.000 0.491
1555.000 0.497
1560.000 0.500
1565.000 0.510
1570.000 0.516
1575.000 0.529
1580.000 0.532
1585.000 0.545
1590.000 0.550
1595.000 0.560
1600.000 0.563
1605.000 0.579
1610.000 0.587
1615.000 0.599
1620.000 0.606
1625.000 0.616
1630.000 0.626
1635.000 0.642
1640.000 0.655
1645.000 0.660
1650.000 0.677
1655.000 0.684
1660.000 0.703
1665.000 0.718
1670.000 0.737
1675.000 0.749
1680.000 0.753
1685.000 0.771
1690.000 0.798
1695.000 0.808
1700.000 0.828
1705.000 0.840
1710.000 0.859
1715.000 0.882
1720.000 0.899
1725.000 0.923
1730.000 0.935
1735.000 0.960
1740.000 0.990
1745.000 1.005
1750.000 1.032
1755.000 1.048
1760.000 1.080
1765.000 1.108
1770.000 1.121
1775.000 1.157
1780.000 1.164
1785.000 1.200
1790.000 1.227
1795.000 1.244
1800.000 1.278
1805.000 1.290
1810.000 1.323
1815.000 1.345
1820.000 1.368
1825.000 1.397
1830.000 1.409
1835.000 1.441
1840.000 1.457
1845.000 1.489
1850.000 1.507
1855.000 1.518
1860.000 1.534
1865.000 1.541
1870.000 1.559
1875.000 1.577
1880.000 1.577
1885.000 1.593
1890.000 1.594
1895.000 1.604
1900.000 1.610
1905.000 1.611
1910.000 1.609
1915.000 1.603
1920.000 1.600
1925.000 1.592
1930.000 1.599
1935.000 1.592
1940.000 1.583
1945.000 1.585
1950.000 1.581
1955.000 1.576
1960.000 1.568
1965.000 1.570
1970.000 1.561
1975.000 1.551
1980.000 1.544
1985.000 1.543
1990.000 1.527
1995.000 1.525
2000.000 1.517
2005.000 1.520
2010.000 1.514
2015.000 1.521
2020.000 1.495
2025.000 1.493
2030.000 1.504
2035.000 1.484
2040.000 1.491
2045.000 1.486
2050.000 1.471
2055.000 1.478
2060.000 1.478
2065.000 1.467
2070.000 1.479
2075.000 1.478
2080.000 1.474
2085.000 1.471
2090.000 1.472
2095.000 1.486
2100.000 1.487
2105.000 1.493
2110.000 1.496
2115.000 1.503
2120.000 1.510
2125.000 1.516
2130.000 1.530
2135.000 1.547
2140.000 1.558
2145.000 1.567
2150.000 1.580
2155.000 1.608
2160.000 1.630
2165.000 1.643
2170.000 1.680
2175.000 1.690
2180.000 1.727
2185.000 1.768
2190.000 1.792
2195.000 1.840
2200.000 1.865
2205.000 1.929
2210.000 1.996
2215.000 2.032
2220.000 2.119
2225.000 2.169
2230.000 2.273
2235.000 2.408
2240.000 2.473
2245.000 2.630
2250.000 2.723
2255.000 2.969
2260.000 3.304
2265.000 3.520
2270.000 4.123
2275.000 4.511
2280.000 5.729
2285.000 7.955
2290.000 9.512
2295.000 14.470
2300.000 17.812
2305.000 25.634
2310.000 32.351
2315.000 31.923
2320.000 23.571
2325.000 21.037
2330.000 10.450
2335.000 6.184
2340.000 5.129
2345.000 3.718
2350.000 3.315
2355.000 2.521
2360.000 2.001
2365.000 1.765
2370.000 1.460
2375.000 1.329
2380.000 1.110
2385.000 0.947
2390.000 0.881
2395.000 0.768
2400.000 0.718
2405.000 0.637
2410.000 0.564
2415.000 0.530
2420.000 0.475
2425.000 0.448
2430.000 0.406
2435.000 0.367
2440.000 0.348
2445.000 0.315
2450.000 0.303
2455.000 0.278
2460.000 0.256
2465.000 0.245
2470.000 0.222
2475.000 0.216
2480.000 0.198
2485.000 0.187
2490.000 0.179
2495.000 0.169
2500.000 0.163
2505.000 0.154
2510.000 0.146
2515.000 0.144
2520.000 0.139
2525.000 0.140
2530.000 0.134
2535.000 0.131
2540.000 0.131
2545.000 0.130
2550.000 0.132
2555.000 0.131
2560.000 0.134
2565.000 0.136
2570.000 0.136
2575.000 0.140
2580.000 0.141
2585.000 0.147
2590.000 0.147
2595.000 0.153
2600.000 0.154
2605.000 0.158
2610.000 0.163
2615.000 0.165
2620.000 0.169
2625.000 0.170
2630.000 0.177
2635.000 0.183
2640.000 0.185
2645.000 0.191
2650.000 0.193
2655.000 0.198
2660.000 0.204
2665.000 0.206
2670.000 0.213
2675.000 0.215
2680.000 0.221
2685.000 0.228
2690.000 0.233
2695.000 0.238
2700.000 0.240
2705.000 0.251
2710.000 0.254
2715.000 0.258
2720.000 0.266
2725.000 0.269
2730.000 0.275
2735.000 0.280
2740.000 0.285
2745.000 0.294
2750.000 0.299
2755.000 0.308
2760.000 0.311
2765.000 0.318
2770.000 0.324
2775.000 0.329
2780.000 0.338
2785.000 0.340
2790.000 0.349
2795.000 0.361
2800.000 0.363
2805.000 0.372
2810.000 0.375
2815.000 0.384
2820.000 0.392
2825.000 0.396
2830.000 0.406
2835.000 0.409
2840.000 0.421
2845.000 0.429
2850.000 0.436
2855.000 0.441
2860.000 0.448
2865.000 0.459
2870.000 0.473
2875.000 0.477
2880.000 0.487
2885.000 0.495
2890.000 0.508
2895.000 0.518
2900.000 0.518
2905.000 0.525
2910.000 0.531
2915.000 0.537
2920.000 0.541
2925.000 0.541
2930.000 0.546
2935.000 0.550
2940.000 0.557
2945.000 0.566
2950.000 0.566
2955.000 0.567
2960.000 0.575
2965.000 0.575
2970.000 0.576
2975.000 0.578
2980.000 0.585
2985.000 0.587
2990.000 0.578
2995.000 0.576
3000.000 0.589
3005.000 0.580
3010.000 0.581
3015.000 0.585
3020.000 0.598
3025.000 0.591
3030.000 0.588
3035.000 0.591
3040.000 0.600
3045.000 1.286
3050.000 1.496
3055.000 1.246
3060.000 1.521
3065.000 1.318
3070.000 1.122
3075.000 1.042
3080.000 0.911
3085.000 0.858
3090.000 0.784
3095.000 0.722
3100.000 0.700
3105.000 0.660
3110.000 0.642
3115.000 0.643
3120.000 0.625
3125.000 0.607
3130.000 0.595
3135.000 0.582
3140.000 0.566
3145.000 0.556
3150.000 0.550
3155.000 0.545
3160.000 1.513
3165.000 1.549
3170.000 1.273
3175.000 1.172
3180.000 1.003
3185.000 0.939
3190.000 0.840
3195.000 0.769
3200.000 0.739
3205.000 0.694
3210.000 0.671
3215.000 0.641
3220.000 0.619
3225.000 0.607
3230.000 0.598
3235.000 0.588
3240.000 0.578
3245.000 0.570
3250.000 0.565
3255.000 0.561
3260.000 0.561
3265.000 0.559
3270.000 0.558
3275.000 0.558
3280.000 0.561
3285.000 0.563
3290.000 0.566
3295.000 0.568
3300.000 0.571
3305.000 0.575
3310.000 0.576
3315.000 0.582
3320.000 0.584
3325.000 0.588
3330.000 0.595
3335.000 0.597
3340.000 0.604
3345.000 0.605
3350.000 0.614
3355.000 0.622
3360.000 0.628
3365.000 0.731
3370.000 0.737
3375.000 0.720
3380.000 0.708
3385.000 0.703
3390.000 0.698
3395.000 0.699
3400.000 0.710
3405.000 0.723
3410.000 0.729
3415.000 0.743
3420.000 0.751
3425.000 0.764
3430.000 0.782
3435.000 0.792
3440.000 0.810
3445.000 0.821
3450.000 0.843
3455.000 0.868
3460.000 0.882
3465.000 0.908
3470.000 0.924
3475.000 0.949
3480.000 0.968
3485.000 0.980
3490.000 1.000
3495.000 1.012
3500.000 1.038
3505.000 1.067
3510.000 1.076
3515.000 1.107
3520.000 1.123
3525.000 1.158
3530.000 1.191
3535.000 1.213
3540.000 1.251
3545.000 1.273
3550.000 1.317
3555.000 1.367
3560.000 1.393
3565.000 1.450
3570.000 1.484
3575.000 1.551
3580.000 1.626
3585.000 1.666
3590.000 1.757
3595.000 1.805
3600.000 1.901
3605.000 2.029
3610.000 2.093
3615.000 2.235
3620.000 2.319
3625.000 2.518
3630.000 2.765
3635.000 2.925
3640.000 3.326
3645.000 3.541
3650.000 4.138
3655.000 5.021
3660.000 5.627
3665.000 7.311
3670.000 8.365
3675.000 11.273
3680.000 15.706
3685.000 18.660
3690.000 25.867
3695.000 30.237
3700.000 39.698
3705.000 47.362
3710.000 47.894
3715.000 30.054
3720.000 21.897
3725.000 14.550
3730.000 10.167
3735.000 8.687
3740.000 6.658
3745.000 5.928
3750.000 4.794
3755.000 3.971
3760.000 3.645
3765.000 3.122
3770.000 2.909
3775.000 2.555
3780.000 2.275
3785.000 2.155
3790.000 1.951
3795.000 1.861
3800.000 1.708
3805.000 1.577
3810.000 1.523
3815.000 1.419
3820.000 1.373
3825.000 1.290
3830.000 1.221
3835.000 1.188
3840.000 1.128
3845.000 1.102
3850.000 1.052
3855.000 1.007
3860.000 0.987
3865.000 0.947
3870.000 0.931
3875.000 0.897
3880.000 0.866
3885.000 0.853
3890.000 0.823
3895.000 0.811
3900.000 0.787
3905.000 0.777
3910.000 0.757
3915.000 0.736
3920.000 0.724
3925.000 0.708
3930.000 0.699
3935.000 0.683
3940.000 0.669
3945.000 0.660
3950.000 0.646
3955.000 0.641
3960.000 0.624
3965.000 0.613
3970.000 0.605
3975.000 0.604
3980.000 0.598
3985.000 0.582
3990.000 0.574
3995.000 0.567
4000.000 0.554
4005.000 0.555
4010.000 0.551
4015.000 0.539
4020.000 0.530
4025.000 0.527
4030.000 0.523
4035.000 0.519
4040.000 0.512
4045.000 0.509
4050.000 0.500
4055.000 0.491
4060.000 0.487
4065.000 0.482
4070.000 0.479
4075.000 0.474
4080.000 0.469
4085.000 0.470
4090.000 0.461
4095.000 0.458
4100.000 0.453
4105.000 0.451
4110.000 0.445
4115.000 0.439
4120.000 0.436
4125.000 0.431
4130.000 0.429
4135.000 0.423
4140.000 0.417
4145.000 0.415
4150.000 0.409
4155.000 0.406
4160.000 0.402
4165.000 0.396
4170.000 0.394
4175.000 0.388
4180.000 0.388
4185.000 0.381
4190.000 0.378
4195.000 0.376
4200.000 0.368
4205.000 0.369
4210.000 0.363
4215.000 0.358
4220.000 0.357
4225.000 0.351
4230.000 0.348
4235.000 0.348
4240.000 0.346
4245.000 0.346
4250.000 0.346
4255.000 0.347
4260.000 0.347
4265.000 0.349
4270.000 0.350
4275.000 0.351
4280.000 0.351
4285.000 0.352
4290.000 0.353
4295.000 0.354
4300.000 0.355
4305.000 0.355
4310.000 0.357
4315.000 0.356
4320.000 0.357
4325.000 0.357
4330.000 0.359
4335.000 0.358
4340.000 0.360
4345.000 0.359
4350.000 0.360
4355.000 0.359
4360.000 0.360
4365.000 0.360
4370.000 0.361
4375.000 0.361
4380.000 0.362
4385.000 0.362
4390.000 0.361
4395.000 0.363
4400.000 0.364
4405.000 0.364
4410.000 0.363
4415.000 0.366
4420.000 0.368
4425.000 0.368
4430.000 0.367
4435.000 0.367
4440.000 0.366
4445.000 0.366
4450.000 0.367
4455.000 0.367
4460.000 0.368
4465.000 0.369
4470.000 0.370
4475.000 0.370
4480.000 0.369
4485.000 0.372
4490.000 0.371
4495.000 0.374
4500.000 0.374
4505.000 0.373
4510.000 0.374
4515.000 0.377
4520.000 0.377
4525.000 0.380
4530.000 0.378
4535.000 0.381
4540.000 0.382
4545.000 0.383
4550.000 0.384
4555.000 0.385
4560.000 0.387
4565.000 0.388
4570.000 0.391
4575.000 0.391
4580.000 0.393
4585.000 0.395
4590.000 0.397
4595.000 0.398
4600.000 0.401
4605.000 0.403
4610.000 0.405
4615.000 0.406
4620.000 0.408
4625.000 0.412
4630.000 0.413
4635.000 0.418
4640.000 0.417
4645.000 0.423
4650.000 0.427
4655.000 0.428
4660.000 0.433
4665.000 0.434
4670.000 0.438
4675.000 0.443
4680.000 0.443
4685.000 0.449
4690.000 0.452
4695.000 0.458
4700.000 0.462
4705.000 0.467
4710.000 0.473
4715.000 0.474
4720.000 0.480
4725.000 0.490
4730.000 0.490
4735.000 0.500
4740.000 0.503
4745.000 0.510
4750.000 0.520
4755.000 0.523
4760.000 0.532
4765.000 0.539
4770.000 0.547
4775.000 0.559
4780.000 0.566
4785.000 0.578
4790.000 0.585
4795.000 0.599
4800.000 0.615
4805.000 0.621
4810.000 0.641
4815.000 0.649
4820.000 0.668
4825.000 0.690
4830.000 0.701
4835.000 0.729
4840.000 0.744
4845.000 0.772
4850.000 0.810
4855.000 0.827
4860.000 0.868
4865.000 0.893
4870.000 0.945
4875.000 1.009
4880.000 1.043
4885.000 1.122
4890.000 1.171
4895.000 1.279
4900.000 1.373
4905.000 1.427
4910.000 1.549
4915.000 1.635
4920.000 1.761
4925.000 1.901
4930.000 1.983
4935.000 2.182
4940.000 2.304
4945.000 2.604
4950.000 2.980
4955.000 3.197
4960.000 3.642
4965.000 3.792
4970.000 4.307
4975.000 16.987
4980.000 25.557
4985.000 21.264
4990.000 29.170
4995.000 30.297
5000.000 22.305
5005.000 16.186
5010.000 10.437
5015.000 8.597
5020.000 5.881
5025.000 4.332
5030.000 3.771
5035.000 2.985
5040.000 2.685
5045.000 2.222
5050.000 1.882
5055.000 1.740
5060.000 1.521
5065.000 1.437
5070.000 1.279
5075.000 1.155
5080.000 1.101
5085.000 1.007
5090.000 0.970
5095.000 0.901
5100.000 0.871
5105.000 0.816
5110.000 0.772
5115.000 0.752
5120.000 0.714
5125.000 0.699
5130.000 0.668
5135.000 0.643
5140.000 0.631
5145.000 0.609
5150.000 0.600
5155.000 0.584
5160.000 0.566
5165.000 0.558
5170.000 0.544
5175.000 0.538
5180.000 0.529
5185.000 0.517
5190.000 0.512
5195.000 0.504
5200.000 0.500
5205.000 0.493
5210.000 0.485
5215.000 0.483
5220.000 0.479
5225.000 0.475
5230.000 0.472
5235.000 0.467
5240.000 0.466
5245.000 0.461
5250.000 0.462
5255.000 0.458
5260.000 0.457
5265.000 0.456
5270.000 0.454
5275.000 0.454
5280.000 0.452
5285.000 0.451
5290.000 0.451
5295.000 0.450
5300.000 0.451
5305.000 0.451
5310.000 0.451
5315.000 0.451
5320.000 0.451
5325.000 0.452
5330.000 0.453
5335.000 0.453
5340.000 0.454
5345.000 0.453
5350.000 0.454
5355.000 0.455
5360.000 0.456
5365.000 0.455
5370.000 0.458
5375.000 0.459
5380.000 0.458
5385.000 0.458
5390.000 0.459
5395.000 0.460
5400.000 0.459
5405.000 0.461
5410.000 0.461
5415.000 0.462
5420.000 0.460
5425.000 0.461
5430.000 0.461
5435.000 0.464
5440.000 0.464
5445.000 0.464
5450.000 0.465
5455.000 0.463
5460.000 0.466
5465.000 0.465
5470.000 0.465
5475.000 0.464
5480.000 0.466
5485.000 0.467
5490.000 0.467
5495.000 0.467
5500.000 0.467
5505.000 0.466
5510.000 0.469
5515.000 0.470
5520.000 0.471
5525.000 0.475
5530.000 0.482
5535.000 0.480
5540.000 0.475
5545.000 0.472
5550.000 0.472
5555.000 0.473
5560.000 0.471
5565.000 0.470
5570.000 0.474
5575.000 0.475
5580.000 0.474
5585.000 0.473
5590.000 0.475
5595.000 0.476
5600.000 0.476
5605.000 0.476
5610.000 0.477
5615.000 0.479
5620.000 0.481
5625.000 0.480
5630.000 0.483
5635.000 0.482
5640.000 0.483
5645.000 0.484
5650.000 0.485
5655.000 0.486
5660.000 0.485
5665.000 0.489
5670.000 0.490
5675.000 0.491
5680.000 0.491
5685.000 0.489
5690.000 0.492
5695.000 0.494
5700.000 0.495
5705.000 0.497
5710.000 0.499
5715.000 0.500
5720.000 0.502
5725.000 0.504
5730.000 0.505
5735.000 0.507
5740.000 0.508
5745.000 0.510
5750.000 0.513
5755.000 0.514
5760.000 0.515
5765.000 0.520
5770.000 0.522
5775.000 0.524
5780.000 0.526
5785.000 0.531
5790.000 0.531
5795.000 0.537
5800.000 0.537
5805.000 0.542
5810.000 0.543
5815.000 0.547
5820.000 0.552
5825.000 0.553
5830.000 0.557
5835.000 0.560
5840.000 0.566
5845.000 0.571
5850.000 0.573
5855.000 0.576
5860.000 0.581
5865.000 0.586
5870.000 0.593
5875.000 0.597
5880.000 0.605
5885.000 0.607
5890.000 0.617
5895.000 0.626
5900.000 0.629
5905.000 0.638
5910.000 0.640
5915.000 0.650
5920.000 0.660
5925.000 0.663
5930.000 0.676
5935.000 0.682
5940.000 0.692
5945.000 0.707
5950.000 0.713
5955.000 0.723
5960.000 0.735
5965.000 0.749
5970.000 0.755
5975.000 0.780
5980.000 0.796
5985.000 0.808
5990.000 0.819
5995.000 0.840
6000.000 0.861
6005.000 0.880
6010.000 0.890
6015.000 0.922
6020.000 0.948
6025.000 0.968
6030.000 1.005
6035.000 1.015
6040.000 1.062
6045.000 1.078
6050.000 1.092
6055.000 1.126
6060.000 1.133
6065.000 1.165
6070.000 1.174
6075.000 1.205
6080.000 1.241
6085.000 1.263
6090.000 1.303
6095.000 1.318
6100.000 1.366
6105.000 1.414
6110.000 1.437
6115.000 1.494
6120.000 1.523
6125.000 1.591
6130.000 1.671
6135.000 1.708
6140.000 1.806
6145.000 1.853
6150.000 1.963
6155.000 2.096
6160.000 2.170
6165.000 2.345
6170.000 2.445
6175.000 2.674
6180.000 2.966
6185.000 3.154
6190.000 3.628
6195.000 3.945
6200.000 4.799
6205.000 6.140
6210.000 7.065
6215.000 9.687
6220.000 11.412
6225.000 15.542
6230.000 19.213
6235.000 20.006
6240.000 17.222
6245.000 14.845
6250.000 11.301
6255.000 7.963
6260.000 6.430
6265.000 4.650
6270.000 4.127
6275.000 3.440
6280.000 3.039
6285.000 2.898
6290.000 2.689
6295.000 2.616
6300.000 2.489
6305.000 2.373
6310.000 2.270
6315.000 2.167
6320.000 2.104
6325.000 1.943
6330.000 1.800
6335.000 1.718
6340.000 1.572
6345.000 1.505
6350.000 1.390
6355.000 1.291
6360.000 1.244
6365.000 1.165
6370.000 1.131
6375.000 1.068
6380.000 1.018
6385.000 0.990
6390.000 0.946
6395.000 0.927
6400.000 0.890
6405.000 0.866
6410.000 0.853
6415.000 0.827
6420.000 0.813
6425.000 0.797
6430.000 0.781
6435.000 0.774
6440.000 0.761
6445.000 0.757
6450.000 0.747
6455.000 0.745
6460.000 0.743
6465.000 0.742
6470.000 0.741
6475.000 0.747
6480.000 0.756
6485.000 0.762
6490.000 0.779
6495.000 0.786
6500.000 0.817
6505.000 0.854
6510.000 0.875
6515.000 0.934
6520.000 0.977
6525.000 1.080
6530.000 1.246
6535.000 1.367
6540.000 1.756
6545.000 2.074
6550.000 3.156
6555.000 5.481
6560.000 7.488
6565.000 13.929
6570.000 17.956
6575.000 21.993
6580.000 14.732
6585.000 7.770
6590.000 3.040
6595.000 2.389
6600.000 1.326
6605.000 1.174
6610.000 0.895
6615.000 0.719
6620.000 0.643
6625.000 0.555
6630.000 0.513
6635.000 0.451
6640.000 0.408
6645.000 0.392
6650.000 0.361
6655.000 0.350
6660.000 0.330
6665.000 0.315
6670.000 0.310
6675.000 0.299
6680.000 0.295
6685.000 0.286
6690.000 0.282
6695.000 0.280
6700.000 0.276
6705.000 0.273
6710.000 0.268
6715.000 0.266
6720.000 0.266
6725.000 0.263
6730.000 0.263
6735.000 0.261
6740.000 0.261
6745.000 0.258
6750.000 0.259
6755.000 0.258
6760.000 0.256
6765.000 0.257
6770.000 0.256
6775.000 0.256
6780.000 0.255
6785.000 0.254
6790.000 0.254
6795.000 0.252
6800.000 0.253
6805.000 0.253
6810.000 0.253
6815.000 0.252
6820.000 0.252
6825.000 0.253
6830.000 0.252
6835.000 0.250
6840.000 0.251
6845.000 0.252
6850.000 0.249
6855.000 0.251
6860.000 0.250
6865.000 0.251
6870.000 0.249
6875.000 0.251
6880.000 0.251
6885.000 0.252
6890.000 0.250
6895.000 0.252
6900.000 0.250
6905.000 0.252
6910.000 0.251
6915.000 0.250
6920.000 0.251
6925.000 0.250
6930.000 0.249
6935.000 0.251
6940.000 0.251
6945.000 0.251
6950.000 0.251
6955.000 0.247
6960.000 0.253
6965.000 0.251
6970.000 0.255
6975.000 0.247
6980.000 0.248
6985.000 0.252
6990.000 0.248
6995.000 0.255
7000.000 0.254
7005.000 0.253
7010.000 0.248
7015.000 0.251
7020.000 0.256
7025.000 0.252
7030.000 0.248
7035.000 0.248
7040.000 0.245
7045.000 0.247
7050.000 0.250
7055.000 0.251
7060.000 0.251
7065.000 0.248
7070.000 0.248
7075.000 0.248
7080.000 0.247
7085.000 0.247
7090.000 0.246
7095.000 0.248
7100.000 0.246
7105.000 0.244
7110.000 0.245
7115.000 0.243
7120.000 0.244
7125.000 0.242
7130.000 0.243
7135.000 0.243
7140.000 0.239
7145.000 0.241
7150.000 0.239
7155.000 0.240
7160.000 0.239
7165.000 0.239
7170.000 0.238
7175.000 0.239
7180.000 0.239
7185.000 0.237
7190.000 0.236
7195.000 0.237
7200.000 0.238
7205.000 0.236
7210.000 0.237
7215.000 0.237
7220.000 0.238
7225.000 0.236
7230.000 0.238
7235.000 0.238
7240.000 0.239
7245.000 0.243
7250.000 0.244
7255.000 0.245
7260.000 0.248
7265.000 0.248
7270.000 0.251
7275.000 0.256
7280.000 0.257
7285.000 0.263
7290.000 0.266
7295.000 0.271
7300.000 0.279
7305.000 0.284
7310.000 0.294
7315.000 0.299
7320.000 0.312
7325.000 0.327
7330.000 0.336
7335.000 0.355
7340.000 0.366
7345.000 0.391
7350.000 0.421
7355.000 0.442
7360.000 0.483
7365.000 0.522
7370.000 0.607
7375.000 0.676
7380.000 0.721
7385.000 0.829
7390.000 0.906
7395.000 1.081
7400.000 1.376
7405.000 1.576
7410.000 2.145
7415.000 2.526
7420.000 3.487
7425.000 4.682
7430.000 5.400
7435.000 7.111
7440.000 8.072
7445.000 9.616
7450.000 9.160
7455.000 7.564
7460.000 5.089
7465.000 4.903
7470.000 5.355
7475.000 5.266
7480.000 4.863
7485.000 3.723
7490.000 3.251
7495.000 2.575
7500.000 2.127
7505.000 1.969
7510.000 1.723
7515.000 1.628
7520.000 1.473
7525.000 1.363
7530.000 1.318
7535.000 1.254
7540.000 1.223
7545.000 1.169
7550.000 1.118
7555.000 1.107
7560.000 1.063
7565.000 1.044
7570.000 1.016
7575.000 0.991
7580.000 0.979
7585.000 0.948
7590.000 0.935
7595.000 0.917
7600.000 0.897
7605.000 0.889
7610.000 0.872
7615.000 0.862
7620.000 0.846
7625.000 0.822
7630.000 0.817
7635.000 0.796
7640.000 0.787
7645.000 0.771
7650.000 0.765
7655.000 0.759
7660.000 0.746
7665.000 0.741
7670.000 0.730
7675.000 0.723
7680.000 0.724
7685.000 0.712
7690.000 0.709
7695.000 0.703
7700.000 0.699
7705.000 0.694
7710.000 0.692
7715.000 0.688
7720.000 0.683
7725.000 0.681
7730.000 0.679
7735.000 0.680
7740.000 0.673
7745.000 0.676
7750.000 0.682
7755.000 0.681
7760.000 0.670
7765.000 0.673
7770.000 0.673
7775.000 0.673
7780.000 0.670
7785.000 0.672
7790.000 0.674
7795.000 0.676
7800.000 0.678
7805.000 0.678
7810.000 0.681
7815.000 0.684
7820.000 0.686
7825.000 0.687
7830.000 0.691
7835.000 0.697
7840.000 0.701
7845.000 0.706
7850.000 0.711
7855.000 0.713
7860.000 0.724
7865.000 0.724
7870.000 0.735
7875.000 0.735
7880.000 0.747
7885.000 0.752
7890.000 0.755
7895.000 0.760
7900.000 0.768
7905.000 0.786
7910.000 0.793
7915.000 0.801
7920.000 0.801
7925.000 0.810
7930.000 1.016
7935.000 1.294
7940.000 1.314
7945.000 1.191
7950.000 1.143
7955.000 1.061
7960.000 1.026
7965.000 1.003
7970.000 0.990
7975.000 0.988
7980.000 1.016
7985.000 1.066
7990.000 1.092
7995.000 1.156
8000.000 1.178
8005.000 1.273
8010.000 1.392
8015.000 1.472
8020.000 1.657
8025.000 1.822
8030.000 2.295
8035.000 3.150
8040.000 3.895
8045.000 6.506
8050.000 8.880
8055.000 14.243
8060.000 15.694
8065.000 9.694
8070.000 8.695
8075.000 3.631
8080.000 2.230
8085.000 1.301
8090.000 1.081
8095.000 0.757
8100.000 0.656
8105.000 0.481
8110.000 0.377
8115.000 0.338
8120.000 0.279
8125.000 0.255
8130.000 0.225
8135.000 0.204
8140.000 0.199
8145.000 0.187
8150.000 0.185
8155.000 0.184
8160.000 0.184
8165.000 0.185
8170.000 0.189
8175.000 0.189
8180.000 0.193
8185.000 0.197
8190.000 0.202
8195.000 0.205
8200.000 0.209
8205.000 0.214
8210.000 0.218
8215.000 0.221
8220.000 0.227
8225.000 0.226
8230.000 0.234
8235.000 0.236
8240.000 0.239
8245.000 0.242
8250.000 0.243
8255.000 0.250
8260.000 0.253
8265.000 0.255
8270.000 0.260
8275.000 0.261
8280.000 0.266
8285.000 0.268
8290.000 0.272
8295.000 0.276
8300.000 0.276
8305.000 0.281
8310.000 0.285
8315.000 0.288
8320.000 0.292
8325.000 0.294
8330.000 0.296
8335.000 0.300
8340.000 0.302
8345.000 0.305
8350.000 0.308
8355.000 0.313
8360.000 0.317
8365.000 0.320
8370.000 0.323
8375.000 0.325
8380.000 0.329
8385.000 0.333
8390.000 0.336
8395.000 0.343
8400.000 0.344
8405.000 0.350
8410.000 0.353
8415.000 0.361
8420.000 0.365
8425.000 0.369
8430.000 0.375
8435.000 0.378
8440.000 0.386
8445.000 0.396
8450.000 0.401
8455.000 0.410
8460.000 0.416
8465.000 0.429
8470.000 0.441
8475.000 0.452
8480.000 0.471
8485.000 0.484
8490.000 0.510
8495.000 0.543
8500.000 0.567
8505.000 0.618
8510.000 0.650
8515.000 0.731
8520.000 0.886
8525.000 1.014
8530.000 1.602
8535.000 2.306
8540.000 4.996
8545.000 7.018
8550.000 5.479
8555.000 1.684
8560.000 0.610
8565.000 0.436
8570.000 0.242
8575.000 0.260
8580.000 0.297
8585.000 0.288
8590.000 0.277
8595.000 0.257
8600.000 0.251
8605.000 0.227
8610.000 0.210
8615.000 0.167
8620.000 0.104
8625.000 0.082
8630.000 0.181
8635.000 0.299
8640.000 0.731
8645.000 1.176
8650.000 2.143
8655.000 2.801
8660.000 3.057
8665.000 3.491
8670.000 3.656
8675.000 3.710
8680.000 3.498
8685.000 3.407
8690.000 3.076
8695.000 2.580
8700.000 1.516
8705.000 0.905
8710.000 0.713
8715.000 0.450
8720.000 0.363
8725.000 0.238
8730.000 0.169
8735.000 0.135
8740.000 0.117
8745.000 0.096
8750.000 0.097
8755.000 0.103
8760.000 0.106
8765.000 0.118
8770.000 0.122
8775.000 0.136
8780.000 0.145
8785.000 0.152
8790.000 0.162
8795.000 0.167
8800.000 0.176
8805.000 0.187
8810.000 0.188
8815.000 0.204
8820.000 0.210
8825.000 0.211
8830.000 0.197
8835.000 0.212
8840.000 0.230
8845.000 0.224
8850.000 0.232
8855.000 0.237
8860.000 0.238
8865.000 0.242
8870.000 0.243
8875.000 0.246
8880.000 0.251
8885.000 0.253
8890.000 0.256
8895.000 0.256
8900.000 0.260
8905.000 0.263
8910.000 0.261
8915.000 0.264
8920.000 0.263
8925.000 0.265
8930.000 0.267
8935.000 0.265
8940.000 0.267
8945.000 0.267
8950.000 0.269
8955.000 0.272
8960.000 0.272
8965.000 0.274
8970.000 0.276
8975.000 0.269
8980.000 0.272
8985.000 0.273
8990.000 0.277
8995.000 0.275
9000.000 0.280
9005.000 0.275
9010.000 0.276
9015.000 0.274
9020.000 0.278
9025.000 0.277
9030.000 0.277
9035.000 0.281
9040.000 0.283
9045.000 0.282
9050.000 0.280
9055.000 0.282
9060.000 0.279
9065.000 0.280
9070.000 0.278
9075.000 0.281
9080.000 0.282
9085.000 0.281
9090.000 0.279
9095.000 0.280
9100.000 0.280
9105.000 0.281
9110.000 0.279
9115.000 0.281
9120.000 0.281
9125.000 0.278
9130.000 0.280
9135.000 0.276
9140.000 0.277
9145.000 0.275
9150.000 0.276
9155.000 0.275
9160.000 0.273
9165.000 0.274
9170.000 0.272
9175.000 0.272
9180.000 0.267
9185.000 0.271
9190.000 0.268
9195.000 0.269
9200.000 0.265
9205.000 0.265
9210.000 0.266
9215.000 0.264
9220.000 0.263
9225.000 0.260
9230.000 0.256
9235.000 0.259
9240.000 0.253
9245.000 0.253
9250.000 0.251
9255.000 0.250
9260.000 0.244
9265.000 0.242
9270.000 0.239
9275.000 0.237
9280.000 0.234
9285.000 0.230
9290.000 0.224
9295.000 0.222
9300.000 0.219
9305.000 0.213
9310.000 0.213
9315.000 0.206
9320.000 0.210
9325.000 0.200
9330.000 0.197
9335.000 0.187
9340.000 0.178
9345.000 0.175
9350.000 0.164
9355.000 0.157
9360.000 0.146
9365.000 0.138
9370.000 0.130
9375.000 0.114
9380.000 0.107
9385.000 0.086
9390.000 0.071
9395.000 0.063
9400.000 0.049
9405.000 0.046
9410.000 0.059
9415.000 0.094
9420.000 0.114
9425.000 0.170
9430.000 0.206
9435.000 0.305
9440.000 0.457
9445.000 0.576
9450.000 0.983
9455.000 1.327
9460.000 2.377
9465.000 3.895
9470.000 4.985
9475.000 8.377
9480.000 10.512
9485.000 12.069
9490.000 5.066
9495.000 6.791
9500.000 4.034
9505.000 4.063
9510.000 2.812
9515.000 2.257
9520.000 2.025
9525.000 1.683
9530.000 1.553
9535.000 1.330
9540.000 1.178
9545.000 1.116
9550.000 1.018
9555.000 0.979
9560.000 0.923
9565.000 0.874
9570.000 0.854
9575.000 0.819
9580.000 0.805
9585.000 0.782
9590.000 0.763
9595.000 0.754
9600.000 0.739
9605.000 0.732
9610.000 0.721
9615.000 0.715
9620.000 0.712
9625.000 0.710
9630.000 0.708
9635.000 0.708
9640.000 0.708
9645.000 0.709
9650.000 0.712
9655.000 0.713
9660.000 0.717
9665.000 0.725
9670.000 0.727
9675.000 0.738
9680.000 0.745
9685.000 0.761
9690.000 0.791
9695.000 0.795
9700.000 0.804
9705.000 0.810
9710.000 0.828
9715.000 0.847
9720.000 0.857
9725.000 0.885
9730.000 0.899
9735.000 0.931
9740.000 0.979
9745.000 1.003
9750.000 1.048
9755.000 1.073
9760.000 1.138
9765.000 1.211
9770.000 1.254
9775.000 1.358
9780.000 1.426
9785.000 1.605
9790.000 1.876
9795.000 2.053
9800.000 2.521
9805.000 2.803
9810.000 3.432
9815.000 3.755
9820.000 3.622
9825.000 2.973
9830.000 2.569
9835.000 1.844
9840.000 1.589
9845.000 1.223
9850.000 0.990
9855.000 0.914
9860.000 0.801
9865.000 0.763
9870.000 0.684
9875.000 0.616
9880.000 0.580
9885.000 0.532
9890.000 0.519
9895.000 0.456
9900.000 0.382
9905.000 0.356
9910.000 0.317
9915.000 0.303
9920.000 0.277
9925.000 0.266
9930.000 0.260
9935.000 0.253
9940.000 0.247
9945.000 0.245
9950.000 0.240
9955.000 0.237
9960.000 0.238
9965.000 0.233
9970.000 0.234
9975.000 0.231
9980.000 0.230
9985.000 0.228
9990.000 0.231
9995.000 0.229
10000.000 0.229
