105.000 0.020
110.000 0.017
115.000 2.230
120.000 2.672
125.000 2.850
130.000 3.271
135.000 3.427
140.000 3.677
145.000 3.750
150.000 3.808
155.000 3.763
160.000 3.682
165.000 3.572
170.000 3.530
175.000 3.431
180.000 3.474
185.000 3.433
190.000 3.449
195.000 3.554
200.000 3.511
205.000 3.619
210.000 3.708
215.000 3.731
220.000 3.966
225.000 3.924
230.000 4.015
235.000 3.968
240.000 4.179
245.000 4.222
250.000 4.240
255.000 4.346
260.000 4.375
265.000 4.412
270.000 4.463
275.000 4.527
280.000 4.678
285.000 4.726
290.000 4.805
295.000 4.874
300.000 4.896
305.000 4.991
310.000 5.031
315.000 5.195
320.000 5.281
325.000 5.400
330.000 5.632
335.000 5.746
340.000 5.935
345.000 6.118
350.000 6.290
355.000 6.520
360.000 6.687
365.000 6.956
370.000 7.254
375.000 7.459
380.000 7.814
385.000 8.013
390.000 8.359
395.000 8.726
400.000 8.887
405.000 9.033
410.000 9.262
415.000 9.362
420.000 9.437
425.000 9.358
430.000 9.207
435.000 8.776
440.000 8.246
445.000 7.631
450.000 7.350
455.000 7.022
460.000 6.278
465.000 5.489
470.000 5.081
475.000 4.263
480.000 3.896
485.000 3.264
490.000 2.726
495.000 2.339
500.000 2.157
505.000 1.999
510.000 1.762
515.000 1.590
520.000 1.502
525.000 1.442
530.000 1.344
535.000 1.312
540.000 1.245
545.000 1.212
550.000 1.157
555.000 1.117
560.000 1.049
565.000 0.975
570.000 0.956
575.000 0.894
580.000 0.878
585.000 0.822
590.000 0.797
595.000 0.769
600.000 0.736
605.000 0.704
610.000 0.690
615.000 0.648
620.000 0.631
625.000 0.625
630.000 0.606
635.000 0.590
640.000 0.577
645.000 0.559
650.000 0.546
655.000 0.543
660.000 0.525
665.000 0.509
670.000 0.499
675.000 0.499
680.000 0.477
685.000 0.476
690.000 0.470
695.000 0.465
700.000 0.455
705.000 0.450
710.000 0.435
715.000 0.433
720.000 0.429
725.000 0.425
730.000 0.412
735.000 0.410
740.000 0.405
745.000 0.405
750.000 0.387
755.000 0.396
760.000 0.389
765.000 0.382
770.000 0.385
775.000 0.380
780.000 0.380
785.000 0.369
790.000 0.370
795.000 0.375
800.000 0.375
805.000 0.373
810.000 0.369
815.000 0.363
820.000 0.363
825.000 0.359
830.000 0.357
835.000 0.345
840.000 0.344
845.000 0.335
850.000 0.348
855.000 0.344
860.000 0.348
865.000 0.347
870.000 0.339
875.000 0.339
880.000 0.342
885.000 0.339
890.000 0.336
895.000 0.335
900.000 0.331
905.000 0.331
910.000 0.329
915.000 0.389
920.000 0.378
925.000 0.352
930.000 0.335
935.000 0.339
940.000 0.336
945.000 0.322
950.000 0.332
955.000 0.334
960.000 0.320
965.000 0.324
970.000 0.329
975.000 0.327
980.000 0.327
985.000 0.335
990.000 0.318
995.000 0.332
1000.000 0.335
1005.000 0.319
1010.000 0.321
1015.000 0.318
1020.000 0.334
1025.000 0.323
1030.000 0.322
1035.000 0.320
1040.000 0.321
1045.000 0.326
1050.000 0.320
1055.000 0.328
1060.000 0.328
1065.000 0.320
1070.000 0.322
1075.000 0.317
1080.000 0.325
1085.000 0.329
1090.000 0.322
1095.000 0.322
1100.000 0.328
1105.000 0.330
1110.000 0.324
1115.000 0.332
1120.000 0.323
1125.000 0.328
1130.000 0.325
1135.000 0.323
1140.000 0.323
1145.000 0.322
1150.000 0.322
1155.000 0.328
1160.000 0.334
1165.000 0.329
1170.000 0.326
1175.000 0.327
1180.000 0.332
1185.000 0.336
1190.000 0.333
1195.000 0.333
1200.000 0.331
1205.000 0.329
1210.000 0.331
1215.000 0.336
1220.000 0.333
1225.000 0.332
1230.000 0.342
1235.000 0.333
1240.000 0.339
1245.000 0.336
1250.000 0.339
1255.000 0.339
1260.000 0.340
1265.000 0.341
1270.000 0.343
1275.000 0.340
1280.000 0.347
1285.000 0.340
1290.000 0.343
1295.000 0.346
1300.000 0.345
1305.000 0.350
1310.000 0.346
1315.000 0.348
1320.000 0.352
1325.000 0.362
1330.000 0.356
1335.000 0.357
1340.000 0.357
1345.000 0.357
1350.000 0.361
1355.000 0.357
1360.000 0.365
1365.000 0.361
1370.000 0.363
1375.000 0.361
1380.000 0.368
1385.000 0.366
1390.000 0.366
1395.000 0.366
1400.000 0.370
1405.000 0.366
1410.000 0.368
1415.000 0.366
1420.000 0.367
1425.000 0.363
1430.000 0.370
1435.000 0.365
1440.000 0.364
1445.000 0.364
1450.000 0.358
1455.000 0.359
1460.000 0.356
1465.000 0.363
1470.000 0.365
1475.000 0.373
1480.000 0.372
1485.000 0.388
1490.000 0.387
1495.000 0.387
1500.000 0.394
1505.000 0.405
1510.000 0.405
1515.000 0.407
1520.000 0.412
1525.000 0.423
1530.000 0.425
1535.000 0.434
1540.000 0.433
1545.000 0.437
1550.000 0.442
1555.000 0.446
1560.000 0.455
1565.000 0.456
1570.000 0.463
1575.000 0.473
1580.000 0.474
1585.000 0.482
1590.000 0.488
1595.000 0.492
1600.000 0.495
1605.000 0.503
1610.000 0.517
1615.000 0.518
1620.000 0.517
1625.000 0.532
1630.000 0.532
1635.000 0.548
1640.000 0.555
1645.000 0.572
1650.000 0.572
1655.000 0.582
1660.000 0.593
1665.000 0.605
1670.000 0.616
1675.000 0.627
1680.000 0.635
1685.000 0.646
1690.000 0.656
1695.000 0.673
1700.000 0.685
1705.000 0.687
1710.000 0.705
1715.000 0.714
1720.000 0.733
1725.000 0.740
1730.000 0.753
1735.000 0.774
1740.000 0.793
1745.000 0.812
1750.000 0.828
1755.000 0.847
1760.000 0.865
1765.000 0.873
1770.000 0.897
1775.000 0.914
1780.000 0.932
1785.000 0.945
1790.000 0.956
1795.000 0.981
1800.000 1.001
1805.000 1.013
1810.000 1.042
1815.000 1.044
1820.000 1.067
1825.000 1.087
1830.000 1.099
1835.000 1.120
1840.000 1.127
1845.000 1.141
1850.000 1.154
1855.000 1.166
1860.000 1.177
1865.000 1.182
1870.000 1.188
1875.000 1.201
1880.000 1.200
1885.000 1.214
1890.000 1.214
1895.000 1.215
1900.000 1.217
1905.000 1.214
1910.000 1.207
1915.000 1.206
1920.000 1.204
1925.000 1.205
1930.000 1.207
1935.000 1.196
1940.000 1.187
1945.000 1.179
1950.000 1.179
1955.000 1.173
1960.000 1.162
1965.000 1.162
1970.000 1.159
1975.000 1.154
1980.000 1.136
1985.000 1.135
1990.000 1.120
1995.000 1.110
2000.000 1.112
2005.000 1.106
2010.000 1.105
2015.000 1.094
2020.000 1.077
2025.000 1.088
2030.000 1.084
2035.000 1.061
2040.000 1.066
2045.000 1.058
2050.000 1.048
2055.000 1.042
2060.000 1.037
2065.000 1.028
2070.000 1.035
2075.000 1.034
2080.000 1.028
2085.000 1.023
2090.000 1.020
2095.000 1.027
2100.000 1.017
2105.000 1.018
2110.000 1.019
2115.000 1.027
2120.000 1.025
2125.000 1.033
2130.000 1.032
2135.000 1.037
2140.000 1.042
2145.000 1.047
2150.000 1.048
2155.000 1.055
2160.000 1.071
2165.000 1.077
2170.000 1.092
2175.000 1.097
2180.000 1.116
2185.000 1.124
2190.000 1.148
2195.000 1.169
2200.000 1.196
2205.000 1.208
2210.000 1.231
2215.000 1.259
2220.000 1.311
2225.000 1.335
2230.000 1.390
2235.000 1.443
2240.000 1.476
2245.000 1.548
2250.000 1.646
2255.000 1.705
2260.000 1.771
2265.000 1.946
2270.000 2.176
2275.000 2.326
2280.000 2.776
2285.000 3.090
2290.000 4.092
2295.000 5.881
2300.000 7.205
2305.000 10.644
2310.000 14.898
2315.000 17.991
2320.000 20.555
2325.000 14.001
2330.000 6.360
2335.000 3.800
2340.000 3.028
2345.000 2.070
2350.000 1.494
2355.000 1.280
2360.000 1.126
2365.000 0.866
2370.000 0.683
2375.000 0.546
2380.000 0.493
2385.000 0.446
2390.000 0.366
2395.000 0.308
2400.000 0.281
2405.000 0.237
2410.000 0.200
2415.000 0.187
2420.000 0.154
2425.000 0.131
2430.000 0.120
2435.000 0.104
2440.000 0.094
2445.000 0.078
2450.000 0.071
2455.000 0.059
2460.000 0.051
2465.000 0.046
2470.000 0.041
2475.000 0.040
2480.000 0.037
2485.000 0.036
2490.000 0.038
2495.000 0.040
2500.000 0.041
2505.000 0.046
2510.000 0.047
2515.000 0.052
2520.000 0.055
2525.000 0.056
2530.000 0.061
2535.000 0.063
2540.000 0.066
2545.000 0.067
2550.000 0.070
2555.000 0.072
2560.000 0.076
2565.000 0.078
2570.000 0.078
2575.000 0.081
2580.000 0.083
2585.000 0.082
2590.000 0.085
2595.000 0.086
2600.000 0.086
2605.000 0.087
2610.000 0.089
2615.000 0.090
2620.000 0.091
2625.000 0.093
2630.000 0.092
2635.000 0.093
2640.000 0.091
2645.000 0.093
2650.000 0.093
2655.000 0.094
2660.000 0.093
2665.000 0.093
2670.000 0.093
2675.000 0.092
2680.000 0.090
2685.000 0.092
2690.000 0.091
2695.000 0.091
2700.000 0.089
2705.000 0.087
2710.000 0.086
2715.000 0.086
2720.000 0.084
2725.000 0.084
2730.000 0.079
2735.000 0.079
2740.000 0.077
2745.000 0.074
2750.000 0.074
2755.000 0.072
2760.000 0.068
2765.000 0.066
2770.000 0.064
2775.000 0.060
2780.000 0.060
2785.000 0.060
2790.000 0.056
2795.000 0.051
2800.000 0.049
2805.000 0.046
2810.000 0.041
2815.000 0.042
2820.000 0.039
2825.000 0.036
2830.000 0.030
2835.000 0.031
2840.000 0.030
2845.000 0.025
2850.000 0.025
2855.000 0.023
2860.000 0.022
2865.000 0.024
2870.000 0.024
2875.000 0.030
2880.000 0.032
2885.000 0.034
2890.000 0.039
2895.000 0.040
2900.000 0.046
2905.000 0.051
2910.000 0.053
2915.000 0.060
2920.000 0.064
2925.000 0.069
2930.000 0.075
2935.000 0.082
2940.000 0.087
2945.000 0.091
2950.000 0.094
2955.000 0.099
2960.000 0.108
2965.000 0.104
2970.000 0.112
2975.000 0.113
2980.000 0.115
2985.000 0.121
2990.000 0.125
2995.000 0.128
3000.000 0.138
3005.000 0.136
3010.000 0.142
3015.000 0.143
3020.000 0.141
3025.000 0.155
3030.000 0.155
3035.000 0.162
3040.000 0.159
3045.000 0.160
3050.000 0.169
3055.000 0.167
3060.000 0.177
3065.000 0.179
3070.000 0.180
3075.000 0.185
3080.000 0.185
3085.000 0.185
3090.000 0.188
3095.000 0.190
3100.000 0.193
3105.000 0.197
3110.000 0.198
3115.000 0.199
3120.000 0.200
3125.000 0.202
3130.000 0.204
3135.000 0.206
3140.000 0.208
3145.000 0.212
3150.000 0.212
3155.000 0.215
3160.000 0.214
3165.000 0.219
3170.000 0.221
3175.000 0.219
3180.000 0.219
3185.000 0.221
3190.000 0.222
3195.000 0.227
3200.000 0.225
3205.000 0.229
3210.000 0.227
3215.000 0.230
3220.000 0.230
3225.000 0.231
3230.000 0.231
3235.000 0.233
3240.000 0.233
3245.000 0.234
3250.000 0.236
3255.000 0.237
3260.000 0.237
3265.000 0.239
3270.000 0.241
3275.000 0.241
3280.000 0.242
3285.000 0.243
3290.000 0.242
3295.000 0.245
3300.000 0.246
3305.000 0.246
3310.000 0.247
3315.000 0.251
3320.000 0.249
3325.000 0.249
3330.000 0.250
3335.000 0.250
3340.000 0.254
3345.000 0.251
3350.000 0.253
3355.000 0.256
3360.000 0.255
3365.000 0.254
3370.000 0.253
3375.000 0.261
3380.000 0.259
3385.000 0.259
3390.000 0.261
3395.000 0.263
3400.000 0.261
3405.000 0.265
3410.000 0.263
3415.000 0.265
3420.000 0.264
3425.000 0.266
3430.000 0.265
3435.000 0.266
3440.000 0.266
3445.000 0.270
3450.000 0.270
3455.000 0.270
3460.000 0.273
3465.000 0.274
3470.000 0.275
3475.000 0.276
3480.000 0.278
3485.000 0.275
3490.000 0.278
3495.000 0.277
3500.000 0.283
3505.000 0.285
3510.000 0.284
3515.000 0.288
3520.000 0.290
3525.000 0.292
3530.000 0.294
3535.000 0.294
3540.000 0.299
3545.000 0.298
3550.000 0.303
3555.000 0.305
3560.000 0.306
3565.000 0.312
3570.000 0.314
3575.000 0.320
3580.000 0.323
3585.000 0.326
3590.000 0.337
3595.000 0.340
3600.000 0.349
3605.000 0.353
3610.000 0.360
3615.000 0.378
3620.000 0.387
3625.000 0.409
3630.000 0.418
3635.000 0.448
3640.000 0.483
3645.000 0.505
3650.000 0.563
3655.000 0.599
3660.000 0.694
3665.000 0.857
3670.000 0.995
3675.000 1.507
3680.000 1.974
3685.000 3.652
3690.000 6.498
3695.000 8.596
3700.000 12.671
3705.000 12.130
3710.000 5.216
3715.000 6.498
3720.000 3.182
3725.000 1.758
3730.000 1.467
3735.000 1.114
3740.000 0.991
3745.000 0.791
3750.000 0.660
3755.000 0.623
3760.000 0.533
3765.000 0.484
3770.000 0.457
3775.000 0.417
3780.000 0.391
3785.000 0.379
3790.000 0.358
3795.000 0.348
3800.000 0.337
3805.000 0.329
3810.000 0.321
3815.000 0.313
3820.000 0.308
3825.000 0.305
3830.000 0.301
3835.000 0.297
3840.000 0.294
3845.000 0.291
3850.000 0.289
3855.000 0.285
3860.000 0.282
3865.000 0.284
3870.000 0.280
3875.000 0.280
3880.000 0.278
3885.000 0.278
3890.000 0.277
3895.000 0.276
3900.000 0.274
3905.000 0.275
3910.000 0.272
3915.000 0.272
3920.000 0.273
3925.000 0.269
3930.000 0.271
3935.000 0.273
3940.000 0.271
3945.000 0.269
3950.000 0.269
3955.000 0.271
3960.000 0.274
3965.000 0.269
3970.000 0.269
3975.000 0.268
3980.000 0.268
3985.000 0.265
3990.000 0.272
3995.000 0.264
4000.000 0.275
4005.000 0.265
4010.000 0.267
4015.000 0.266
4020.000 0.273
4025.000 0.265
4030.000 0.278
4035.000 0.268
4040.000 0.272
4045.000 0.275
4050.000 0.271
4055.000 0.275
4060.000 0.275
4065.000 0.280
4070.000 0.279
4075.000 0.279
4080.000 0.280
4085.000 0.280
4090.000 0.285
4095.000 0.284
4100.000 0.285
4105.000 0.285
4110.000 0.285
4115.000 0.288
4120.000 0.287
4125.000 0.290
4130.000 0.291
4135.000 0.295
4140.000 0.294
4145.000 0.297
4150.000 0.296
4155.000 0.298
4160.000 0.300
4165.000 0.301
4170.000 0.300
4175.000 0.302
4180.000 0.299
4185.000 0.303
4190.000 0.304
4195.000 0.305
4200.000 0.305
4205.000 0.306
4210.000 0.309
4215.000 0.308
4220.000 0.307
4225.000 0.308
4230.000 0.309
4235.000 0.306
4240.000 0.306
4245.000 0.305
4250.000 0.303
4255.000 0.304
4260.000 0.303
4265.000 0.301
4270.000 0.302
4275.000 0.300
4280.000 0.299
4285.000 0.301
4290.000 0.299
4295.000 0.301
4300.000 0.300
4305.000 0.301
4310.000 0.301
4315.000 0.303
4320.000 0.302
4325.000 0.306
4330.000 0.308
4335.000 0.310
4340.000 0.308
4345.000 0.310
4350.000 0.310
4355.000 0.311
4360.000 0.311
4365.000 0.313
4370.000 0.316
4375.000 0.315
4380.000 0.316
4385.000 0.321
4390.000 0.321
4395.000 0.323
4400.000 0.323
4405.000 0.323
4410.000 0.325
4415.000 0.323
4420.000 0.327
4425.000 0.328
4430.000 0.329
4435.000 0.328
4440.000 0.334
4445.000 0.333
4450.000 0.331
4455.000 0.330
4460.000 0.329
4465.000 0.335
4470.000 0.331
4475.000 0.332
4480.000 0.334
4485.000 0.333
4490.000 0.337
4495.000 0.338
4500.000 0.336
4505.000 0.339
4510.000 0.338
4515.000 0.336
4520.000 0.338
4525.000 0.340
4530.000 0.341
4535.000 0.345
4540.000 0.345
4545.000 0.345
4550.000 0.345
4555.000 0.344
4560.000 0.345
4565.000 0.347
4570.000 0.346
4575.000 0.349
4580.000 0.350
4585.000 0.351
4590.000 0.354
4595.000 0.353
4600.000 0.355
4605.000 0.356
4610.000 0.357
4615.000 0.356
4620.000 0.359
4625.000 0.362
4630.000 0.365
4635.000 0.363
4640.000 0.365
4645.000 0.366
4650.000 0.374
4655.000 0.373
4660.000 0.375
4665.000 0.377
4670.000 0.380
4675.000 0.384
4680.000 0.385
4685.000 0.388
4690.000 0.395
4695.000 0.395
4700.000 0.397
4705.000 0.402
4710.000 0.406
4715.000 0.409
4720.000 0.413
4725.000 0.419
4730.000 0.420
4735.000 0.427
4740.000 0.429
4745.000 0.440
4750.000 0.448
4755.000 0.451
4760.000 0.460
4765.000 0.465
4770.000 0.474
4775.000 0.482
4780.000 0.492
4785.000 0.512
4790.000 0.516
4795.000 0.535
4800.000 0.548
4805.000 0.563
4810.000 0.578
4815.000 0.588
4820.000 0.608
4825.000 0.635
4830.000 0.650
4835.000 0.685
4840.000 0.694
4845.000 0.722
4850.000 0.755
4855.000 0.805
4860.000 0.827
4865.000 0.840
4870.000 0.880
4875.000 0.898
4880.000 0.945
4885.000 0.965
4890.000 1.025
4895.000 1.099
4900.000 1.141
4905.000 1.244
4910.000 1.311
4915.000 1.466
4920.000 1.653
4925.000 1.872
4930.000 2.021
4935.000 2.396
4940.000 2.647
4945.000 3.350
4950.000 3.833
4955.000 5.277
4960.000 6.290
4965.000 9.297
4970.000 13.916
4975.000 16.254
4980.000 9.625
4985.000 20.296
4990.000 17.779
4995.000 21.446
5000.000 21.347
5005.000 13.107
5010.000 10.134
5015.000 6.786
5020.000 5.018
5025.000 3.831
5030.000 3.449
5035.000 2.819
5040.000 2.587
5045.000 2.224
5050.000 2.097
5055.000 1.865
5060.000 1.762
5065.000 1.639
5070.000 1.527
5075.000 1.396
5080.000 1.349
5085.000 1.297
5090.000 1.210
5095.000 1.131
5100.000 1.102
5105.000 1.059
5110.000 1.042
5115.000 0.995
5120.000 0.956
5125.000 0.939
5130.000 0.921
5135.000 0.890
5140.000 0.875
5145.000 0.864
5150.000 0.853
5155.000 0.832
5160.000 0.815
5165.000 0.807
5170.000 0.792
5175.000 0.794
5180.000 0.789
5185.000 0.784
5190.000 0.776
5195.000 0.764
5200.000 0.759
5205.000 0.752
5210.000 0.746
5215.000 0.735
5220.000 0.726
5225.000 0.726
5230.000 0.721
5235.000 0.717
5240.000 0.712
5245.000 0.709
5250.000 0.709
5255.000 0.700
5260.000 0.700
5265.000 0.695
5270.000 0.693
5275.000 0.691
5280.000 0.686
5285.000 0.679
5290.000 0.678
5295.000 0.673
5300.000 0.669
5305.000 0.666
5310.000 0.663
5315.000 0.661
5320.000 0.659
5325.000 0.656
5330.000 0.649
5335.000 0.647
5340.000 0.642
5345.000 0.642
5350.000 0.639
5355.000 0.637
5360.000 0.633
5365.000 0.629
5370.000 0.626
5375.000 0.621
5380.000 0.617
5385.000 0.612
5390.000 0.610
5395.000 0.615
5400.000 0.612
5405.000 0.604
5410.000 0.602
5415.000 0.597
5420.000 0.596
5425.000 0.589
5430.000 0.582
5435.000 0.577
5440.000 0.572
5445.000 0.576
5450.000 0.594
5455.000 0.586
5460.000 0.575
5465.000 0.569
5470.000 0.564
5475.000 0.555
5480.000 0.549
5485.000 0.544
5490.000 0.538
5495.000 0.542
5500.000 0.532
5505.000 0.530
5510.000 0.522
5515.000 0.519
5520.000 0.521
5525.000 0.517
5530.000 0.514
5535.000 0.506
5540.000 0.502
5545.000 0.499
5550.000 0.493
5555.000 0.494
5560.000 0.488
5565.000 0.486
5570.000 0.484
5575.000 0.479
5580.000 0.476
5585.000 0.474
5590.000 0.471
5595.000 0.468
5600.000 0.467
5605.000 0.470
5610.000 0.466
5615.000 0.464
5620.000 0.461
5625.000 0.456
5630.000 0.455
5635.000 0.452
5640.000 0.450
5645.000 0.448
5650.000 0.449
5655.000 0.446
5660.000 0.445
5665.000 0.442
5670.000 0.440
5675.000 0.439
5680.000 0.436
5685.000 0.437
5690.000 0.434
5695.000 0.434
5700.000 0.435
5705.000 0.429
5710.000 0.430
5715.000 0.426
5720.000 0.427
5725.000 0.428
5730.000 0.429
5735.000 0.429
5740.000 0.425
5745.000 0.425
5750.000 0.424
5755.000 0.425
5760.000 0.426
5765.000 0.424
5770.000 0.424
5775.000 0.425
5780.000 0.420
5785.000 0.423
5790.000 0.421
5795.000 0.422
5800.000 0.419
5805.000 0.420
5810.000 0.421
5815.000 0.422
5820.000 0.423
5825.000 0.422
5830.000 0.423
5835.000 0.423
5840.000 0.422
5845.000 0.423
5850.000 0.426
5855.000 0.425
5860.000 0.428
5865.000 0.428
5870.000 0.431
5875.000 0.429
5880.000 0.433
5885.000 0.432
5890.000 0.437
5895.000 0.437
5900.000 0.439
5905.000 0.439
5910.000 0.440
5915.000 0.443
5920.000 0.448
5925.000 0.450
5930.000 0.448
5935.000 0.449
5940.000 0.456
5945.000 0.457
5950.000 0.459
5955.000 0.467
5960.000 0.463
5965.000 0.467
5970.000 0.472
5975.000 0.480
5980.000 0.477
5985.000 0.488
5990.000 0.487
5995.000 0.495
6000.000 0.508
6005.000 0.504
6010.000 0.526
6015.000 0.542
6020.000 0.544
6025.000 0.548
6030.000 0.552
6035.000 0.567
6040.000 0.571
6045.000 0.576
6050.000 0.594
6055.000 0.600
6060.000 0.618
6065.000 0.635
6070.000 0.647
6075.000 0.672
6080.000 0.683
6085.000 0.708
6090.000 0.741
6095.000 0.778
6100.000 0.796
6105.000 0.803
6110.000 0.840
6115.000 0.862
6120.000 0.900
6125.000 0.920
6130.000 0.943
6135.000 0.997
6140.000 1.054
6145.000 1.140
6150.000 1.175
6155.000 1.246
6160.000 1.289
6165.000 1.426
6170.000 1.492
6175.000 1.650
6180.000 1.851
6185.000 1.987
6190.000 2.362
6195.000 2.848
6200.000 3.184
6205.000 4.234
6210.000 4.893
6215.000 6.864
6220.000 8.150
6225.000 11.301
6230.000 13.047
6235.000 16.045
6240.000 16.405
6245.000 12.117
6250.000 8.334
6255.000 6.189
6260.000 4.340
6265.000 3.139
6270.000 2.434
6275.000 2.193
6280.000 2.006
6285.000 1.728
6290.000 1.556
6295.000 1.489
6300.000 1.390
6305.000 1.292
6310.000 1.233
6315.000 1.160
6320.000 1.123
6325.000 1.016
6330.000 0.974
6335.000 0.900
6340.000 0.840
6345.000 0.809
6350.000 0.763
6355.000 0.718
6360.000 0.696
6365.000 0.680
6370.000 0.647
6375.000 0.617
6380.000 0.592
6385.000 0.580
6390.000 0.571
6395.000 0.548
6400.000 0.526
6405.000 0.506
6410.000 0.495
6415.000 0.490
6420.000 0.475
6425.000 0.460
6430.000 0.444
6435.000 0.438
6440.000 0.432
6445.000 0.417
6450.000 0.404
6455.000 0.392
6460.000 0.386
6465.000 0.380
6470.000 0.368
6475.000 0.355
6480.000 0.344
6485.000 0.336
6490.000 0.325
6495.000 0.319
6500.000 0.304
6505.000 0.291
6510.000 0.284
6515.000 0.277
6520.000 0.265
6525.000 0.256
6530.000 0.254
6535.000 0.260
6540.000 0.294
6545.000 0.326
6550.000 0.449
6555.000 0.562
6560.000 1.155
6565.000 4.177
6570.000 6.841
6575.000 11.664
6580.000 4.327
6585.000 5.652
6590.000 2.985
6595.000 2.108
6600.000 1.901
6605.000 1.690
6610.000 1.230
6615.000 1.157
6620.000 0.973
6625.000 0.870
6630.000 0.817
6635.000 0.747
6640.000 0.719
6645.000 0.670
6650.000 0.630
6655.000 0.613
6660.000 0.589
6665.000 0.567
6670.000 0.553
6675.000 0.535
6680.000 0.528
6685.000 0.514
6690.000 0.509
6695.000 0.499
6700.000 0.491
6705.000 0.488
6710.000 0.481
6715.000 0.476
6720.000 0.472
6725.000 0.466
6730.000 0.465
6735.000 0.464
6740.000 0.459
6745.000 0.454
6750.000 0.452
6755.000 0.448
6760.000 0.442
6765.000 0.440
6770.000 0.439
6775.000 0.436
6780.000 0.434
6785.000 0.432
6790.000 0.429
6795.000 0.428
6800.000 0.428
6805.000 0.429
6810.000 0.423
6815.000 0.420
6820.000 0.419
6825.000 0.415
6830.000 0.413
6835.000 0.414
6840.000 0.411
6845.000 0.410
6850.000 0.409
6855.000 0.408
6860.000 0.407
6865.000 0.418
6870.000 0.434
6875.000 0.424
6880.000 0.421
6885.000 0.416
6890.000 0.412
6895.000 0.408
6900.000 0.404
6905.000 0.401
6910.000 0.400
6915.000 0.397
6920.000 0.397
6925.000 0.393
6930.000 0.394
6935.000 0.396
6940.000 0.390
6945.000 0.389
6950.000 0.389
6955.000 0.385
6960.000 0.386
6965.000 0.388
6970.000 0.389
6975.000 0.382
6980.000 0.382
6985.000 0.390
6990.000 0.387
6995.000 0.388
7000.000 0.382
7005.000 0.386
7010.000 0.385
7015.000 0.387
7020.000 0.383
7025.000 0.385
7030.000 0.377
7035.000 0.383
7040.000 0.375
7045.000 0.374
7050.000 0.379
7055.000 0.370
7060.000 0.372
7065.000 0.370
7070.000 0.367
7075.000 0.371
7080.000 0.368
7085.000 0.382
7090.000 0.379
7095.000 0.374
7100.000 0.375
7105.000 0.371
7110.000 0.369
7115.000 0.365
7120.000 0.364
7125.000 0.372
7130.000 0.392
7135.000 0.385
7140.000 0.379
7145.000 0.372
7150.000 0.371
7155.000 0.368
7160.000 0.362
7165.000 0.360
7170.000 0.358
7175.000 0.353
7180.000 0.352
7185.000 0.352
7190.000 0.352
7195.000 0.350
7200.000 0.346
7205.000 0.346
7210.000 0.345
7215.000 0.344
7220.000 0.340
7225.000 0.336
7230.000 0.336
7235.000 0.334
7240.000 0.332
7245.000 0.329
7250.000 0.331
7255.000 0.328
7260.000 0.323
7265.000 0.325
7270.000 0.324
7275.000 0.320
7280.000 0.318
7285.000 0.314
7290.000 0.313
7295.000 0.304
7300.000 0.298
7305.000 0.297
7310.000 0.293
7315.000 0.290
7320.000 0.286
7325.000 0.282
7330.000 0.278
7335.000 0.269
7340.000 0.266
7345.000 0.255
7350.000 0.253
7355.000 0.244
7360.000 0.236
7365.000 0.233
7370.000 0.234
7375.000 0.217
7380.000 0.208
7385.000 0.195
7390.000 0.193
7395.000 0.179
7400.000 0.195
7405.000 0.209
7410.000 0.255
7415.000 0.297
7420.000 0.439
7425.000 0.578
7430.000 1.158
7435.000 2.233
7440.000 2.962
7445.000 4.742
7450.000 6.121
7455.000 6.309
7460.000 5.437
7465.000 4.753
7470.000 3.456
7475.000 3.050
7480.000 2.211
7485.000 1.585
7490.000 1.333
7495.000 1.001
7500.000 0.879
7505.000 0.835
7510.000 0.774
7515.000 0.747
7520.000 0.711
7525.000 0.693
7530.000 0.666
7535.000 0.654
7540.000 0.644
7545.000 0.635
7550.000 0.633
7555.000 0.625
7560.000 0.618
7565.000 0.613
7570.000 0.612
7575.000 0.606
7580.000 0.600
7585.000 0.598
7590.000 0.597
7595.000 0.596
7600.000 0.600
7605.000 0.591
7610.000 0.588
7615.000 0.585
7620.000 0.592
7625.000 0.587
7630.000 0.580
7635.000 0.577
7640.000 0.573
7645.000 0.564
7650.000 0.566
7655.000 0.569
7660.000 0.569
7665.000 0.562
7670.000 0.561
7675.000 0.559
7680.000 0.558
7685.000 0.559
7690.000 0.565
7695.000 0.564
7700.000 0.561
7705.000 0.557
7710.000 0.551
7715.000 0.548
7720.000 0.549
7725.000 0.556
7730.000 0.551
7735.000 0.548
7740.000 0.548
7745.000 0.547
7750.000 0.547
7755.000 0.541
7760.000 0.540
7765.000 0.542
7770.000 0.540
7775.000 0.541
7780.000 0.539
7785.000 0.537
7790.000 0.538
7795.000 0.535
7800.000 0.535
7805.000 0.534
7810.000 0.536
7815.000 0.534
7820.000 0.537
7825.000 0.534
7830.000 0.535
7835.000 0.535
7840.000 0.535
7845.000 0.536
7850.000 0.534
7855.000 0.533
7860.000 0.536
7865.000 0.530
7870.000 0.534
7875.000 0.529
7880.000 0.525
7885.000 0.525
7890.000 0.524
7895.000 0.526
7900.000 0.526
7905.000 0.522
7910.000 0.520
7915.000 0.521
7920.000 0.522
7925.000 0.522
7930.000 0.519
7935.000 0.519
7940.000 0.516
7945.000 0.519
7950.000 0.520
7955.000 0.515
7960.000 0.511
7965.000 0.504
7970.000 0.510
7975.000 0.504
7980.000 0.498
7985.000 0.498
7990.000 0.493
7995.000 0.491
8000.000 0.482
8005.000 0.474
8010.000 0.461
8015.000 0.450
8020.000 0.428
8025.000 0.429
8030.000 0.376
8035.000 0.278
8040.000 0.215
8045.000 0.037
8050.000 0.254
8055.000 2.684
8060.000 7.560
8065.000 9.345
8070.000 3.152
8075.000 2.928
8080.000 1.880
8085.000 0.744
8090.000 1.024
8095.000 0.845
8100.000 0.786
8105.000 0.725
8110.000 0.676
8115.000 0.654
8120.000 0.625
8125.000 0.617
8130.000 0.601
8135.000 0.599
8140.000 0.589
8145.000 0.586
8150.000 0.586
8155.000 0.590
8160.000 0.592
8165.000 0.596
8170.000 0.597
8175.000 0.600
8180.000 0.603
8185.000 0.607
8190.000 0.607
8195.000 0.611
8200.000 0.616
8205.000 0.622
8210.000 0.622
8215.000 0.626
8220.000 0.629
8225.000 0.631
8230.000 0.640
8235.000 0.647
8240.000 0.648
8245.000 0.650
8250.000 0.658
8255.000 0.663
8260.000 0.670
8265.000 0.674
8270.000 0.684
8275.000 0.687
8280.000 0.698
8285.000 0.700
8290.000 0.700
8295.000 0.707
8300.000 0.716
8305.000 0.725
8310.000 0.745
8315.000 0.747
8320.000 0.744
8325.000 0.749
8330.000 0.752
8335.000 0.754
8340.000 0.757
8345.000 0.760
8350.000 0.769
8355.000 0.789
8360.000 0.790
8365.000 0.792
8370.000 0.792
8375.000 0.810
8380.000 0.812
8385.000 0.823
8390.000 0.827
8395.000 0.831
8400.000 0.844
8405.000 0.857
8410.000 0.873
8415.000 0.882
8420.000 0.888
8425.000 0.909
8430.000 0.925
8435.000 0.932
8440.000 0.954
8445.000 0.966
8450.000 0.991
8455.000 1.009
8460.000 1.026
8465.000 1.052
8470.000 1.082
8475.000 1.100
8480.000 1.142
8485.000 1.162
8490.000 1.209
8495.000 1.266
8500.000 1.299
8505.000 1.382
8510.000 1.432
8515.000 1.557
8520.000 1.758
8525.000 1.913
8530.000 2.495
8535.000 3.042
8540.000 5.208
8545.000 6.417
8550.000 4.252
8555.000 2.259
8560.000 0.503
8565.000 1.433
8570.000 1.287
8575.000 1.529
8580.000 1.837
8585.000 2.030
8590.000 2.406
8595.000 2.883
8600.000 3.161
8605.000 3.881
8610.000 4.331
8615.000 5.468
8620.000 6.958
8625.000 7.847
8630.000 9.841
8635.000 10.921
8640.000 12.759
8645.000 13.327
8650.000 12.808
8655.000 10.209
8660.000 8.695
8665.000 6.236
8670.000 5.279
8675.000 3.772
8680.000 2.598
8685.000 2.102
8690.000 1.183
8695.000 0.725
8700.000 0.750
8705.000 0.749
8710.000 0.740
8715.000 0.698
8720.000 0.643
8725.000 0.615
8730.000 0.568
8735.000 0.540
8740.000 0.503
8745.000 0.456
8750.000 0.437
8755.000 0.405
8760.000 0.373
8765.000 0.359
8770.000 0.333
8775.000 0.321
8780.000 0.301
8785.000 0.292
8790.000 0.273
8795.000 0.254
8800.000 0.248
8805.000 0.232
8810.000 0.227
8815.000 0.211
8820.000 0.207
8825.000 0.193
8830.000 0.204
8835.000 0.190
8840.000 0.165
8845.000 0.164
8850.000 0.165
8855.000 0.159
8860.000 0.154
8865.000 0.150
8870.000 0.147
8875.000 0.146
8880.000 0.142
8885.000 0.141
8890.000 0.139
8895.000 0.135
8900.000 0.135
8905.000 0.133
8910.000 0.132
8915.000 0.133
8920.000 0.131
8925.000 0.129
8930.000 0.131
8935.000 0.132
8940.000 0.131
8945.000 0.130
8950.000 0.132
8955.000 0.135
8960.000 0.135
8965.000 0.134
8970.000 0.134
8975.000 0.133
8980.000 0.134
8985.000 0.135
8990.000 0.142
8995.000 0.144
9000.000 0.143
9005.000 0.143
9010.000 0.146
9015.000 0.145
9020.000 0.151
9025.000 0.149
9030.000 0.149
9035.000 0.154
9040.000 0.155
9045.000 0.159
9050.000 0.160
9055.000 0.161
9060.000 0.163
9065.000 0.162
9070.000 0.160
9075.000 0.165
9080.000 0.166
9085.000 0.168
9090.000 0.169
9095.000 0.171
9100.000 0.172
9105.000 0.174
9110.000 0.174
9115.000 0.178
9120.000 0.179
9125.000 0.180
9130.000 0.180
9135.000 0.181
9140.000 0.186
9145.000 0.186
9150.000 0.190
9155.000 0.190
9160.000 0.192
9165.000 0.191
9170.000 0.194
9175.000 0.197
9180.000 0.199
9185.000 0.197
9190.000 0.201
9195.000 0.203
9200.000 0.207
9205.000 0.206
9210.000 0.209
9215.000 0.212
9220.000 0.213
9225.000 0.215
9230.000 0.218
9235.000 0.219
9240.000 0.221
9245.000 0.223
9250.000 0.225
9255.000 0.227
9260.000 0.229
9265.000 0.232
9270.000 0.234
9275.000 0.237
9280.000 0.241
9285.000 0.243
9290.000 0.248
9295.000 0.253
9300.000 0.256
9305.000 0.265
9310.000 0.269
9315.000 0.269
9320.000 0.271
9325.000 0.275
9330.000 0.281
9335.000 0.283
9340.000 0.290
9345.000 0.297
9350.000 0.303
9355.000 0.308
9360.000 0.313
9365.000 0.322
9370.000 0.329
9375.000 0.338
9380.000 0.351
9385.000 0.355
9390.000 0.369
9395.000 0.384
9400.000 0.391
9405.000 0.413
9410.000 0.427
9415.000 0.453
9420.000 0.489
9425.000 0.509
9430.000 0.567
9435.000 0.600
9440.000 0.690
9445.000 0.752
9450.000 0.945
9455.000 1.266
9460.000 1.528
9465.000 2.438
9470.000 3.193
9475.000 5.397
9480.000 8.187
9485.000 8.848
9490.000 4.041
9495.000 1.468
9500.000 1.365
9505.000 0.917
9510.000 0.821
9515.000 0.569
9520.000 0.497
9525.000 0.385
9530.000 0.308
9535.000 0.278
9540.000 0.233
9545.000 0.218
9550.000 0.188
9555.000 0.164
9560.000 0.155
9565.000 0.140
9570.000 0.133
9575.000 0.122
9580.000 0.113
9585.000 0.111
9590.000 0.107
9595.000 0.104
9600.000 0.098
9605.000 0.096
9610.000 0.098
9615.000 0.097
9620.000 0.097
9625.000 0.097
9630.000 0.097
9635.000 0.098
9640.000 0.105
9645.000 0.107
9650.000 0.110
9655.000 0.117
9660.000 0.119
9665.000 0.127
9670.000 0.132
9675.000 0.142
9680.000 0.147
9685.000 0.159
9690.000 0.172
9695.000 0.190
9700.000 0.199
9705.000 0.220
9710.000 0.232
9715.000 0.259
9720.000 0.289
9725.000 0.307
9730.000 0.328
9735.000 0.379
9740.000 0.445
9745.000 0.487
9750.000 0.569
9755.000 0.683
9760.000 0.750
9765.000 0.934
9770.000 1.052
9775.000 1.365
9780.000 1.755
9785.000 2.009
9790.000 2.627
9795.000 3.016
9800.000 3.910
9805.000 4.432
9810.000 5.685
9815.000 6.645
9820.000 6.932
9825.000 6.817
9830.000 6.374
9835.000 5.133
9840.000 3.926
9845.000 3.458
9850.000 2.639
9855.000 2.321
9860.000 1.837
9865.000 1.523
9870.000 1.409
9875.000 1.270
9880.000 1.265
9885.000 1.288
9890.000 1.171
9895.000 1.135
9900.000 1.069
9905.000 1.041
9910.000 0.989
9915.000 0.965
9920.000 0.924
9925.000 0.885
9930.000 0.878
9935.000 0.839
9940.000 0.825
9945.000 0.799
9950.000 0.772
9955.000 0.764
9960.000 0.743
9965.000 0.722
9970.000 0.709
9975.000 0.693
9980.000 0.686
9985.000 0.681
9990.000 0.662
9995.000 0.658
10000.000 0.652
