110.000 0.059
120.000 0.043
130.000 8.151
140.000 9.644
150.000 11.510
160.000 12.335
170.000 12.445
180.000 11.995
190.000 11.621
200.000 11.416
210.000 11.468
220.000 11.708
230.000 11.848
240.000 11.967
250.000 12.169
260.000 12.379
270.000 12.555
280.000 13.142
290.000 13.449
300.000 13.966
310.000 14.503
320.000 14.795
330.000 15.310
340.000 15.765
350.000 16.477
360.000 17.386
370.000 17.889
380.000 19.425
390.000 20.420
400.000 22.039
410.000 23.163
420.000 25.464
430.000 28.288
440.000 29.303
450.000 30.623
460.000 30.822
470.000 30.060
480.000 27.481
490.000 25.859
500.000 22.747
510.000 21.291
520.000 18.584
530.000 16.023
540.000 14.955
550.000 12.887
560.000 11.978
570.000 10.354
580.000 9.037
590.000 8.558
600.000 7.544
610.000 7.094
620.000 6.249
630.000 5.535
640.000 5.248
650.000 4.691
660.000 4.377
670.000 3.938
680.000 3.621
690.000 3.403
700.000 3.080
710.000 2.943
720.000 2.684
730.000 2.453
740.000 2.347
750.000 2.154
760.000 2.060
770.000 1.893
780.000 1.747
790.000 1.686
800.000 1.550
810.000 1.503
820.000 1.446
830.000 1.364
840.000 1.316
850.000 1.230
860.000 1.187
870.000 1.112
880.000 1.047
890.000 1.023
900.000 0.971
910.000 0.950
920.000 0.914
930.000 0.879
940.000 0.863
950.000 0.832
960.000 0.821
970.000 0.805
980.000 0.794
990.000 0.796
1000.000 0.783
1010.000 0.791
1020.000 0.792
1030.000 0.805
1040.000 0.839
1050.000 0.880
1060.000 0.917
1070.000 1.004
1080.000 1.072
1090.000 1.320
1100.000 1.785
1110.000 2.140
1120.000 3.339
1130.000 4.250
1140.000 6.873
1150.000 10.607
1160.000 12.986
1170.000 17.073
1180.000 16.471
1190.000 10.377
1200.000 6.903
1210.000 5.790
1220.000 4.199
1230.000 3.652
1240.000 2.867
1250.000 2.345
1260.000 2.145
1270.000 1.840
1280.000 1.719
1290.000 1.525
1300.000 1.382
1310.000 1.331
1320.000 1.254
1330.000 1.219
1340.000 1.163
1350.000 1.117
1360.000 1.103
1370.000 1.067
1380.000 1.052
1390.000 1.026
1400.000 1.005
1410.000 0.996
1420.000 0.982
1430.000 0.976
1440.000 0.962
1450.000 0.953
1460.000 0.951
1470.000 0.943
1480.000 0.939
1490.000 0.941
1500.000 0.928
1510.000 0.930
1520.000 0.922
1530.000 0.922
1540.000 0.915
1550.000 0.907
1560.000 0.908
1570.000 0.904
1580.000 0.898
1590.000 0.884
1600.000 0.867
1610.000 0.859
1620.000 0.835
1630.000 0.819
1640.000 0.790
1650.000 0.761
1660.000 0.750
1670.000 0.750
1680.000 0.764
1690.000 0.829
1700.000 0.965
1710.000 1.055
1720.000 1.256
1730.000 1.358
1740.000 1.552
1750.000 1.729
1760.000 1.812
1770.000 1.924
1780.000 1.967
1790.000 2.028
1800.000 2.117
1810.000 2.130
1820.000 2.156
1830.000 2.169
1840.000 2.197
1850.000 2.235
1860.000 2.250
1870.000 2.290
1880.000 2.313
1890.000 2.370
1900.000 2.457
1910.000 2.498
1920.000 2.594
1930.000 2.640
1940.000 2.740
1950.000 2.848
1960.000 2.900
1970.000 3.018
1980.000 3.062
1990.000 3.186
2000.000 3.303
2010.000 3.379
2020.000 3.493
2030.000 3.562
2040.000 3.689
2050.000 3.835
2060.000 3.904
2070.000 4.059
2080.000 4.129
2090.000 4.279
2100.000 4.427
2110.000 4.505
2120.000 4.666
2130.000 4.742
2140.000 4.922
2150.000 5.099
2160.000 5.202
2170.000 5.422
2180.000 5.545
2190.000 5.811
2200.000 5.959
2210.000 6.300
2220.000 6.723
2230.000 6.980
2240.000 7.577
2250.000 7.944
2260.000 8.873
2270.000 10.140
2280.000 10.939
2290.000 12.994
2300.000 14.291
2310.000 17.490
2320.000 21.234
2330.000 23.022
2340.000 25.152
2350.000 25.004
2360.000 21.877
2370.000 17.283
2380.000 15.155
2390.000 11.754
2400.000 10.447
2410.000 8.452
2420.000 7.031
2430.000 6.533
2440.000 5.749
2450.000 5.440
2460.000 4.901
2470.000 4.444
2480.000 4.241
2490.000 3.876
2500.000 3.711
2510.000 3.417
2520.000 3.165
2530.000 3.048
2540.000 2.774
2550.000 2.646
2560.000 2.417
2570.000 2.224
2580.000 2.136
2590.000 1.982
2600.000 1.913
2610.000 1.788
2620.000 1.676
2630.000 1.629
2640.000 1.538
2650.000 1.496
2660.000 1.421
2670.000 1.348
2680.000 1.316
2690.000 1.254
2700.000 1.226
2710.000 1.172
2720.000 1.121
2730.000 1.101
2740.000 1.059
2750.000 1.041
2760.000 1.005
2770.000 0.973
2780.000 0.957
2790.000 0.932
2800.000 0.919
2810.000 0.893
2820.000 0.872
2830.000 0.860
2840.000 0.846
2850.000 0.836
2860.000 0.818
2870.000 0.805
2880.000 0.798
2890.000 0.786
2900.000 0.784
2910.000 0.772
2920.000 0.765
2930.000 0.758
2940.000 0.752
2950.000 0.746
2960.000 0.747
2970.000 0.742
2980.000 0.738
2990.000 0.741
3000.000 0.736
3010.000 0.737
3020.000 0.744
3030.000 0.743
3040.000 0.750
3050.000 0.740
3060.000 0.750
3070.000 0.753
3080.000 0.759
3090.000 0.769
3100.000 0.775
3110.000 0.783
3120.000 0.788
3130.000 0.796
3140.000 0.802
3150.000 0.808
3160.000 0.820
3170.000 0.836
3180.000 0.848
3190.000 0.865
3200.000 0.872
3210.000 0.892
3220.000 0.915
3230.000 0.929
3240.000 0.960
3250.000 0.977
3260.000 1.016
3270.000 1.059
3280.000 1.082
3290.000 1.133
3300.000 1.161
3310.000 1.225
3320.000 1.316
3330.000 1.365
3340.000 1.472
3350.000 1.549
3360.000 1.717
3370.000 1.823
3380.000 2.099
3390.000 2.512
3400.000 2.936
3410.000 3.772
3420.000 4.438
3430.000 6.478
3440.000 9.860
3450.000 12.080
3460.000 17.486
3470.000 20.691
3480.000 25.197
3490.000 19.589
3500.000 14.905
3510.000 9.068
3520.000 7.252
3530.000 4.894
3540.000 3.551
3550.000 3.085
3560.000 2.403
3570.000 2.150
3580.000 1.754
3590.000 1.464
3600.000 1.347
3610.000 1.164
3620.000 1.085
3630.000 0.954
3640.000 0.851
3650.000 0.808
3660.000 0.735
3670.000 0.704
3680.000 0.645
3690.000 0.599
3700.000 0.578
3710.000 0.542
3720.000 0.525
3730.000 0.494
3740.000 0.467
3750.000 0.455
3760.000 0.433
3770.000 0.425
3780.000 0.405
3790.000 0.391
3800.000 0.383
3810.000 0.368
3820.000 0.361
3830.000 0.352
3840.000 0.338
3850.000 0.333
3860.000 0.327
3870.000 0.323
3880.000 0.313
3890.000 0.305
3900.000 0.303
3910.000 0.296
3920.000 0.293
3930.000 0.286
3940.000 0.284
3950.000 0.278
3960.000 0.272
3970.000 0.270
3980.000 0.267
3990.000 0.262
4000.000 0.264
4010.000 0.258
4020.000 0.255
4030.000 0.256
4040.000 0.253
4050.000 0.250
4060.000 0.248
4070.000 0.254
4080.000 0.249
4090.000 0.246
4100.000 0.248
4110.000 0.248
4120.000 0.247
4130.000 0.245
4140.000 0.248
4150.000 0.246
4160.000 0.248
4170.000 0.248
4180.000 0.249
4190.000 0.250
4200.000 0.251
4210.000 0.254
4220.000 0.254
4230.000 0.256
4240.000 0.258
4250.000 0.262
4260.000 0.264
4270.000 0.262
4280.000 0.262
4290.000 0.261
4300.000 0.260
4310.000 0.256
4320.000 0.255
4330.000 0.259
4340.000 0.265
4350.000 0.267
4360.000 0.275
4370.000 0.277
4380.000 0.289
4390.000 0.301
4400.000 0.304
4410.000 0.331
4420.000 0.340
4430.000 0.359
4440.000 0.379
4450.000 0.395
4460.000 0.425
4470.000 0.445
4480.000 0.492
4490.000 0.556
4500.000 0.594
4510.000 0.699
4520.000 0.767
4530.000 0.973
4540.000 1.145
4550.000 1.618
4560.000 2.359
4570.000 2.803
4580.000 4.081
4590.000 4.984
4600.000 8.113
4610.000 13.458
4620.000 15.620
4630.000 14.324
4640.000 11.219
4650.000 7.295
4660.000 5.064
4670.000 4.297
4680.000 3.188
4690.000 2.778
4700.000 2.169
4710.000 1.722
4720.000 1.561
4730.000 1.301
4740.000 1.190
4750.000 1.005
4760.000 0.856
4770.000 0.796
4780.000 0.694
4790.000 0.653
4800.000 0.587
4810.000 0.541
4820.000 0.524
4830.000 0.498
4840.000 0.487
4850.000 0.477
4860.000 0.475
4870.000 0.477
4880.000 0.480
4890.000 0.485
4900.000 0.498
4910.000 0.512
4920.000 0.519
4930.000 0.538
4940.000 0.549
4950.000 0.577
4960.000 0.603
4970.000 0.611
4980.000 0.638
4990.000 0.655
5000.000 0.681
5010.000 0.713
5020.000 0.760
5030.000 0.795
5040.000 0.830
5050.000 0.863
5060.000 0.901
5070.000 0.937
5080.000 0.975
5090.000 1.001
5100.000 1.043
5110.000 1.069
5120.000 1.076
5130.000 1.095
5140.000 1.102
5150.000 1.113
5160.000 1.123
5170.000 1.128
5180.000 1.119
5190.000 1.117
5200.000 1.106
5210.000 1.099
5220.000 1.099
5230.000 1.089
5240.000 1.076
5250.000 1.078
5260.000 1.064
5270.000 1.053
5280.000 1.043
5290.000 1.040
5300.000 1.023
5310.000 1.018
5320.000 1.011
5330.000 1.001
5340.000 1.000
5350.000 0.991
5360.000 0.988
5370.000 0.984
5380.000 0.983
5390.000 0.985
5400.000 0.984
5410.000 0.986
5420.000 0.992
5430.000 0.997
5440.000 0.999
5450.000 1.009
5460.000 1.023
5470.000 1.034
5480.000 1.049
5490.000 1.054
5500.000 1.078
5510.000 1.107
5520.000 1.127
5530.000 1.171
5540.000 1.202
5550.000 1.278
5560.000 1.300
5570.000 1.312
5580.000 1.357
5590.000 1.390
5600.000 1.463
5610.000 1.555
5620.000 1.609
5630.000 1.732
5640.000 1.809
5650.000 1.998
5660.000 2.253
5670.000 2.429
5680.000 2.864
5690.000 3.163
5700.000 4.040
5710.000 5.506
5720.000 6.612
5730.000 10.206
5740.000 12.635
5750.000 18.630
5760.000 21.827
5770.000 26.064
5780.000 20.631
5790.000 15.920
5800.000 9.856
5810.000 7.956
5820.000 5.426
5830.000 3.985
5840.000 3.485
5850.000 2.752
5860.000 2.476
5870.000 2.047
5880.000 1.739
5890.000 1.617
5900.000 1.407
5910.000 1.336
5920.000 1.187
5930.000 1.064
5940.000 1.014
5950.000 0.930
5960.000 0.910
5970.000 0.846
5980.000 0.783
5990.000 0.761
6000.000 0.717
6010.000 0.702
6020.000 0.662
6030.000 0.641
6040.000 0.616
6050.000 0.603
6060.000 0.592
6070.000 0.563
6080.000 0.552
6090.000 0.545
6100.000 0.528
6110.000 0.519
6120.000 0.512
6130.000 0.499
6140.000 0.493
6150.000 0.486
6160.000 0.483
6170.000 0.474
6180.000 0.467
6190.000 0.464
6200.000 0.459
6210.000 0.454
6220.000 0.450
6230.000 0.448
6240.000 0.445
6250.000 0.442
6260.000 0.441
6270.000 0.439
6280.000 0.438
6290.000 0.438
6300.000 0.435
6310.000 0.433
6320.000 0.433
6330.000 0.434
6340.000 0.433
6350.000 0.437
6360.000 0.437
6370.000 0.438
6380.000 0.438
6390.000 0.440
6400.000 0.443
6410.000 0.444
6420.000 0.447
6430.000 0.454
6440.000 0.456
6450.000 0.463
6460.000 0.464
6470.000 0.470
6480.000 0.475
6490.000 0.480
6500.000 0.486
6510.000 0.489
6520.000 0.496
6530.000 0.507
6540.000 0.512
6550.000 0.521
6560.000 0.525
6570.000 0.535
6580.000 0.547
6590.000 0.551
6600.000 0.565
6610.000 0.573
6620.000 0.588
6630.000 0.604
6640.000 0.615
6650.000 0.636
6660.000 0.648
6670.000 0.671
6680.000 0.697
6690.000 0.712
6700.000 0.747
6710.000 0.763
6720.000 0.805
6730.000 0.860
6740.000 0.886
6750.000 0.956
6760.000 0.994
6770.000 1.086
6780.000 1.208
6790.000 1.285
6800.000 1.485
6810.000 1.614
6820.000 1.976
6830.000 2.446
6840.000 2.743
6850.000 3.595
6860.000 4.212
6870.000 6.027
6880.000 8.936
6890.000 10.905
6900.000 15.792
6910.000 18.028
6920.000 17.941
6930.000 14.584
6940.000 8.765
6950.000 5.599
6960.000 4.591
6970.000 3.264
6980.000 2.821
6990.000 2.192
7000.000 1.750
7010.000 1.591
7020.000 1.316
7030.000 1.212
7040.000 1.037
7050.000 0.913
7060.000 0.857
7070.000 0.760
7080.000 0.715
7090.000 0.650
7100.000 0.597
7110.000 0.571
7120.000 0.529
7130.000 0.514
7140.000 0.479
7150.000 0.452
7160.000 0.439
7170.000 0.417
7180.000 0.405
7190.000 0.387
7200.000 0.370
7210.000 0.364
7220.000 0.351
7230.000 0.342
7240.000 0.331
7250.000 0.320
7260.000 0.317
7270.000 0.307
7280.000 0.302
7290.000 0.295
7300.000 0.287
7310.000 0.284
7320.000 0.279
7330.000 0.275
7340.000 0.271
7350.000 0.266
7360.000 0.262
7370.000 0.259
7380.000 0.255
7390.000 0.254
7400.000 0.247
7410.000 0.245
7420.000 0.246
7430.000 0.245
7440.000 0.241
7450.000 0.240
7460.000 0.238
7470.000 0.235
7480.000 0.238
7490.000 0.235
7500.000 0.235
7510.000 0.233
7520.000 0.233
7530.000 0.234
7540.000 0.231
7550.000 0.233
7560.000 0.231
7570.000 0.233
7580.000 0.231
7590.000 0.233
7600.000 0.234
7610.000 0.234
7620.000 0.234
7630.000 0.235
7640.000 0.238
7650.000 0.238
7660.000 0.241
7670.000 0.246
7680.000 0.246
7690.000 0.247
7700.000 0.250
7710.000 0.256
7720.000 0.260
7730.000 0.264
7740.000 0.270
7750.000 0.273
7760.000 0.283
7770.000 0.292
7780.000 0.294
7790.000 0.307
7800.000 0.315
7810.000 0.329
7820.000 0.348
7830.000 0.358
7840.000 0.380
7850.000 0.392
7860.000 0.423
7870.000 0.459
7880.000 0.478
7890.000 0.518
7900.000 0.560
7910.000 0.588
7920.000 0.651
7930.000 0.690
7940.000 0.788
7950.000 0.919
7960.000 1.000
7970.000 1.258
7980.000 1.448
7990.000 2.046
8000.000 3.081
8010.000 3.849
8020.000 5.553
8030.000 6.388
8040.000 6.419
8050.000 5.646
8060.000 6.983
8070.000 10.099
8080.000 10.196
8090.000 7.250
8100.000 4.838
8110.000 3.955
8120.000 2.863
8130.000 2.493
8140.000 1.960
8150.000 1.767
8160.000 1.474
8170.000 1.263
8180.000 1.180
8190.000 1.059
8200.000 1.009
8210.000 0.927
8220.000 0.857
8230.000 0.830
8240.000 0.779
8250.000 0.763
8260.000 0.744
8270.000 0.734
8280.000 0.717
8290.000 0.667
8300.000 0.640
8310.000 0.600
8320.000 0.595
8330.000 0.581
8340.000 0.583
8350.000 0.575
8360.000 0.555
8370.000 0.538
8380.000 0.535
8390.000 0.523
8400.000 0.532
8410.000 0.522
8420.000 0.507
8430.000 0.501
8440.000 0.495
8450.000 0.493
8460.000 0.492
8470.000 0.484
8480.000 0.478
8490.000 0.473
8500.000 0.472
8510.000 0.470
8520.000 0.466
8530.000 0.465
8540.000 0.462
8550.000 0.464
8560.000 0.460
8570.000 0.456
8580.000 0.457
8590.000 0.456
8600.000 0.454
8610.000 0.457
8620.000 0.456
8630.000 0.457
8640.000 0.458
8650.000 0.458
8660.000 0.459
8670.000 0.460
8680.000 0.458
8690.000 0.462
8700.000 0.465
8710.000 0.468
8720.000 0.468
8730.000 0.467
8740.000 0.469
8750.000 0.472
8760.000 0.475
8770.000 0.476
8780.000 0.481
8790.000 0.485
8800.000 0.489
8810.000 0.495
8820.000 0.506
8830.000 0.513
8840.000 0.529
8850.000 0.543
8860.000 0.548
8870.000 0.562
8880.000 0.559
8890.000 0.565
8900.000 0.569
8910.000 0.576
8920.000 0.580
8930.000 0.600
8940.000 0.628
8950.000 0.637
8960.000 0.650
8970.000 0.658
8980.000 0.677
8990.000 0.694
9000.000 0.713
9010.000 0.741
9020.000 0.755
9030.000 0.801
9040.000 0.855
9050.000 0.890
9060.000 0.953
9070.000 0.996
9080.000 1.093
9090.000 1.222
9100.000 1.280
9110.000 1.437
9120.000 1.541
9130.000 1.826
9140.000 2.302
9150.000 2.656
9160.000 3.730
9170.000 4.482
9180.000 6.104
9190.000 6.534
9200.000 6.000
9210.000 5.674
9220.000 6.045
9230.000 5.042
9240.000 3.204
9250.000 2.599
9260.000 1.800
9270.000 1.534
9280.000 1.158
9290.000 0.890
9300.000 0.799
9310.000 0.658
9320.000 0.600
9330.000 0.510
9340.000 0.437
9350.000 0.402
9360.000 0.345
9370.000 0.318
9380.000 0.275
9390.000 0.242
9400.000 0.226
9410.000 0.201
9420.000 0.189
9430.000 0.166
9440.000 0.160
9450.000 0.157
9460.000 0.140
9470.000 0.134
9480.000 0.119
9490.000 0.107
9500.000 0.103
9510.000 0.094
9520.000 0.088
9530.000 0.081
9540.000 0.076
9550.000 0.074
9560.000 0.069
9570.000 0.066
9580.000 0.064
9590.000 0.063
9600.000 0.060
9610.000 0.058
9620.000 0.057
9630.000 0.057
9640.000 0.054
9650.000 0.054
9660.000 0.053
9670.000 0.054
9680.000 0.053
9690.000 0.052
9700.000 0.053
9710.000 0.052
9720.000 0.052
9730.000 0.051
9740.000 0.052
9750.000 0.050
9760.000 0.049
9770.000 0.050
9780.000 0.049
9790.000 0.045
9800.000 0.042
9810.000 0.035
9820.000 0.030
9830.000 0.039
9840.000 0.044
9850.000 0.046
9860.000 0.047
9870.000 0.047
9880.000 0.046
9890.000 0.047
9900.000 0.044
9910.000 0.044
9920.000 0.044
9930.000 0.042
9940.000 0.040
9950.000 0.039
9960.000 0.037
9970.000 0.033
9980.000 0.029
9990.000 0.030
10000.000 0.025
10010.000 0.022
10020.000 0.021
10030.000 0.018
10040.000 0.023
10050.000 0.017
10060.000 0.017
10070.000 0.021
10080.000 0.024
10090.000 0.027
10100.000 0.030
10110.000 0.039
10120.000 0.044
10130.000 0.054
10140.000 0.058
10150.000 0.073
10160.000 0.087
10170.000 0.094
10180.000 0.115
10190.000 0.124
10200.000 0.151
10210.000 0.183
10220.000 0.204
10230.000 0.257
10240.000 0.293
10250.000 0.383
10260.000 0.529
10270.000 0.619
10280.000 0.866
10290.000 1.016
10300.000 1.416
10310.000 2.099
10320.000 2.605
10330.000 3.903
10340.000 4.620
10350.000 5.753
10360.000 5.484
10370.000 4.870
10380.000 3.711
10390.000 3.271
10400.000 2.585
10410.000 2.076
10420.000 1.869
10430.000 1.532
10440.000 1.390
10450.000 1.171
10460.000 1.003
10470.000 0.940
10480.000 0.826
10490.000 0.785
10500.000 0.715
10510.000 0.665
10520.000 0.643
10530.000 0.606
10540.000 0.581
10550.000 0.536
10560.000 0.520
10570.000 0.514
10580.000 0.501
10590.000 0.497
10600.000 0.485
10610.000 0.478
10620.000 0.474
10630.000 0.465
10640.000 0.461
10650.000 0.452
10660.000 0.447
10670.000 0.443
10680.000 0.434
10690.000 0.431
10700.000 0.426
10710.000 0.419
10720.000 0.418
10730.000 0.412
10740.000 0.410
10750.000 0.404
10760.000 0.398
10770.000 0.399
10780.000 0.398
10790.000 0.397
10800.000 0.397
10810.000 0.403
10820.000 0.402
10830.000 0.398
10840.000 0.395
10850.000 0.390
10860.000 0.386
10870.000 0.380
10880.000 0.382
10890.000 0.378
10900.000 0.377
10910.000 0.379
10920.000 0.378
10930.000 0.376
10940.000 0.375
10950.000 0.377
10960.000 0.376
10970.000 0.377
10980.000 0.378
10990.000 0.375
11000.000 0.378
11010.000 0.381
11020.000 0.376
11030.000 0.383
11040.000 0.377
11050.000 0.384
11060.000 0.398
11070.000 0.390
11080.000 0.388
11090.000 0.388
11100.000 0.388
11110.000 0.387
11120.000 0.390
11130.000 0.390
11140.000 0.396
11150.000 0.393
11160.000 0.398
11170.000 0.399
11180.000 0.405
11190.000 0.409
11200.000 0.412
11210.000 0.417
11220.000 0.422
11230.000 0.428
11240.000 0.428
11250.000 0.439
11260.000 0.441
11270.000 0.451
11280.000 0.462
11290.000 0.467
11300.000 0.477
11310.000 0.489
11320.000 0.507
11330.000 0.531
11340.000 0.543
11350.000 0.568
11360.000 0.578
11370.000 0.607
11380.000 0.647
11390.000 0.665
11400.000 0.723
11410.000 0.752
11420.000 0.838
11430.000 0.960
11440.000 1.042
11450.000 1.272
11460.000 1.440
11470.000 1.902
11480.000 2.496
11490.000 2.726
11500.000 2.582
11510.000 2.206
11520.000 1.418
11530.000 0.904
11540.000 0.739
11550.000 0.505
11560.000 0.421
11570.000 0.298
11580.000 0.212
11590.000 0.181
11600.000 0.126
11610.000 0.105
11620.000 0.069
11630.000 0.047
11640.000 0.033
11650.000 0.017
11660.000 0.009
11670.000 0.014
11680.000 0.023
11690.000 0.028
11700.000 0.038
11710.000 0.044
11720.000 0.050
11730.000 0.056
11740.000 0.059
11750.000 0.065
11760.000 0.066
11770.000 0.074
11780.000 0.077
11790.000 0.082
11800.000 0.085
11810.000 0.087
11820.000 0.091
11830.000 0.094
11840.000 0.094
11850.000 0.099
11860.000 0.100
11870.000 0.106
11880.000 0.106
11890.000 0.106
11900.000 0.110
11910.000 0.111
11920.000 0.112
11930.000 0.117
11940.000 0.116
11950.000 0.119
11960.000 0.117
11970.000 0.123
11980.000 0.126
11990.000 0.127
12000.000 0.127
