110.000 0.047
120.000 0.779
130.000 1.764
140.000 2.425
150.000 2.548
160.000 2.658
170.000 2.562
180.000 2.474
190.000 2.322
200.000 2.338
210.000 2.491
220.000 2.656
230.000 2.842
240.000 3.005
250.000 2.899
260.000 2.811
270.000 3.514
280.000 4.257
290.000 7.101
300.000 9.575
310.000 17.354
320.000 30.415
330.000 39.277
340.000 55.078
350.000 50.886
360.000 26.417
370.000 19.599
380.000 18.074
390.000 16.242
400.000 15.766
410.000 15.503
420.000 17.366
430.000 19.021
440.000 21.869
450.000 22.685
460.000 22.769
470.000 20.823
480.000 19.284
490.000 16.182
500.000 14.765
510.000 12.314
520.000 10.460
530.000 9.802
540.000 8.846
550.000 8.501
560.000 8.250
570.000 8.574
580.000 8.817
590.000 9.804
600.000 10.642
610.000 12.939
620.000 16.941
630.000 20.940
640.000 35.110
650.000 44.501
660.000 40.400
670.000 14.243
680.000 8.764
690.000 5.080
700.000 4.112
710.000 2.857
720.000 2.441
730.000 1.861
740.000 1.487
750.000 1.351
760.000 1.130
770.000 1.052
780.000 0.918
790.000 0.824
800.000 0.789
810.000 0.737
820.000 0.717
830.000 0.680
840.000 0.655
850.000 0.647
860.000 0.638
870.000 0.639
880.000 0.655
890.000 0.692
900.000 0.717
910.000 0.801
920.000 0.870
930.000 1.088
940.000 1.528
950.000 1.967
960.000 3.635
970.000 3.858
980.000 1.146
990.000 0.709
1000.000 0.556
1010.000 0.381
1020.000 0.321
1030.000 0.234
1040.000 0.175
1050.000 0.153
1060.000 0.122
1070.000 0.107
1080.000 0.097
1090.000 0.090
1100.000 0.090
1110.000 0.094
1120.000 0.102
1130.000 0.110
1140.000 0.127
1150.000 0.143
1160.000 0.162
1170.000 0.178
1180.000 0.215
1190.000 0.261
1200.000 0.296
1210.000 0.376
1220.000 0.423
1230.000 0.601
1240.000 0.899
1250.000 1.146
1260.000 2.094
1270.000 2.993
1280.000 4.581
1290.000 1.867
1300.000 1.460
1310.000 1.070
1320.000 0.950
1330.000 0.794
1340.000 0.687
1350.000 0.654
1360.000 0.604
1370.000 0.589
1380.000 0.565
1390.000 0.549
1400.000 0.546
1410.000 0.548
1420.000 0.549
1430.000 0.560
1440.000 0.583
1450.000 0.595
1460.000 0.634
1470.000 0.657
1480.000 0.714
1490.000 0.794
1500.000 0.846
1510.000 0.976
1520.000 1.067
1530.000 1.305
1540.000 1.704
1550.000 2.028
1560.000 3.416
1570.000 5.073
1580.000 10.954
1590.000 11.360
1600.000 7.235
1610.000 3.880
1620.000 3.065
1630.000 2.082
1640.000 1.526
1650.000 1.332
1660.000 1.068
1670.000 0.982
1680.000 0.884
1690.000 0.867
1700.000 0.885
1710.000 0.935
1720.000 0.969
1730.000 1.033
1740.000 1.103
1750.000 1.137
1760.000 1.223
1770.000 1.257
1780.000 1.359
1790.000 1.516
1800.000 1.632
1810.000 1.936
1820.000 2.190
1830.000 2.885
1840.000 3.573
1850.000 5.496
1860.000 8.978
1870.000 10.851
1880.000 15.381
1890.000 18.134
1900.000 21.547
1910.000 15.424
1920.000 12.543
1930.000 8.818
1940.000 7.563
1950.000 5.780
1960.000 4.599
1970.000 4.182
1980.000 3.550
1990.000 3.306
2000.000 2.940
2010.000 2.678
2020.000 2.581
2030.000 2.436
2040.000 2.409
2050.000 2.379
2060.000 2.394
2070.000 2.420
2080.000 2.459
2090.000 2.493
2100.000 2.593
2110.000 2.728
2120.000 2.820
2130.000 3.058
2140.000 3.215
2150.000 3.673
2160.000 4.422
2170.000 4.982
2180.000 6.708
2190.000 8.026
2200.000 11.839
2210.000 16.646
2220.000 18.397
2230.000 16.540
2240.000 13.252
2250.000 8.257
2260.000 5.523
2270.000 4.662
2280.000 3.500
2290.000 3.096
2300.000 2.507
2310.000 2.103
2320.000 1.947
2330.000 1.700
2340.000 1.601
2350.000 1.448
2360.000 1.341
2370.000 1.298
2380.000 1.242
2390.000 1.219
2400.000 1.203
2410.000 1.214
2420.000 1.234
2430.000 1.312
2440.000 1.369
2450.000 1.538
2460.000 1.827
2470.000 2.047
2480.000 2.765
2490.000 3.291
2500.000 4.963
2510.000 8.256
2520.000 10.942
2530.000 17.288
2540.000 18.568
2550.000 11.802
2560.000 6.564
2570.000 5.176
2580.000 3.475
2590.000 2.953
2600.000 2.244
2610.000 1.791
2620.000 1.624
2630.000 1.370
2640.000 1.274
2650.000 1.124
2660.000 1.018
2670.000 0.978
2680.000 0.915
2690.000 0.893
2700.000 0.862
2710.000 0.846
2720.000 0.845
2730.000 0.854
2740.000 0.867
2750.000 0.904
2760.000 0.973
2770.000 1.029
2780.000 1.196
2790.000 1.323
2800.000 1.764
2810.000 2.780
2820.000 3.822
2830.000 7.912
2840.000 10.796
2850.000 14.459
2860.000 7.928
2870.000 5.612
2880.000 3.275
2890.000 2.618
2900.000 1.805
2910.000 1.340
2920.000 1.183
2930.000 0.951
2940.000 0.866
2950.000 0.739
2960.000 0.655
2970.000 0.628
2980.000 0.581
2990.000 0.561
3000.000 0.529
3010.000 0.523
3020.000 0.512
3030.000 0.520
3040.000 0.524
3050.000 0.551
3060.000 0.569
3070.000 0.605
3080.000 0.675
3090.000 0.719
3100.000 0.858
3110.000 0.964
3120.000 1.344
3130.000 2.456
3140.000 3.831
3150.000 8.872
3160.000 11.239
3170.000 9.994
3180.000 4.538
3190.000 3.430
3200.000 2.186
3210.000 1.817
3220.000 1.335
3230.000 1.035
3240.000 0.934
3250.000 0.781
3260.000 0.722
3270.000 0.636
3280.000 0.574
3290.000 0.551
3300.000 0.518
3310.000 0.505
3320.000 0.489
3330.000 0.478
3340.000 0.477
3350.000 0.481
3360.000 0.484
3370.000 0.503
3380.000 0.538
3390.000 0.561
3400.000 0.626
3410.000 0.674
3420.000 0.816
3430.000 1.107
3440.000 1.386
3450.000 2.725
3460.000 4.152
3470.000 8.051
3480.000 6.961
3490.000 4.393
3500.000 2.350
3510.000 1.831
3520.000 1.221
3530.000 0.887
3540.000 0.776
3550.000 0.621
3560.000 0.566
3570.000 0.484
3580.000 0.426
3590.000 0.405
3600.000 0.371
3610.000 0.361
3620.000 0.346
3630.000 0.342
3640.000 0.338
3650.000 0.342
3660.000 0.345
3670.000 0.356
3680.000 0.368
3690.000 0.397
3700.000 0.443
3710.000 0.476
3720.000 0.569
3730.000 0.640
3740.000 0.871
3750.000 1.402
3760.000 1.910
3770.000 3.933
3780.000 5.796
3790.000 8.870
3800.000 4.749
3810.000 3.448
3820.000 2.083
3830.000 1.700
3840.000 1.216
3850.000 0.938
3860.000 0.839
3870.000 0.703
3880.000 0.604
3890.000 0.566
3900.000 0.513
3910.000 0.492
3920.000 0.458
3930.000 0.438
3940.000 0.429
3950.000 0.417
3960.000 0.412
3970.000 0.417
3980.000 0.422
3990.000 0.430
4000.000 0.470
4010.000 0.473
4020.000 0.543
4030.000 0.622
4040.000 0.711
4050.000 0.933
4060.000 1.137
4070.000 1.784
4080.000 3.126
4090.000 4.274
4100.000 6.501
4110.000 5.512
4120.000 2.429
4130.000 1.399
4140.000 1.127
4150.000 0.791
4160.000 0.684
4170.000 0.538
4180.000 0.444
4190.000 0.407
4200.000 0.356
4210.000 0.338
4220.000 0.310
4230.000 0.300
4240.000 0.284
4250.000 0.275
4260.000 0.271
4270.000 0.269
4280.000 0.266
4290.000 0.269
4300.000 0.270
4310.000 0.276
4320.000 0.294
4330.000 0.311
4340.000 0.358
4350.000 0.444
4360.000 0.510
4370.000 0.771
4380.000 1.010
4390.000 1.855
4400.000 3.445
4410.000 4.628
4420.000 4.825
4430.000 3.284
4440.000 1.914
4450.000 1.304
4460.000 1.113
4470.000 0.860
4480.000 0.781
4490.000 0.655
4500.000 0.576
4510.000 0.548
4520.000 0.504
4530.000 0.487
4540.000 0.470
4550.000 0.465
4560.000 0.463
4570.000 0.472
4580.000 0.476
4590.000 0.493
4600.000 0.512
4610.000 0.527
4620.000 0.554
4630.000 0.574
4640.000 0.619
4650.000 0.693
4660.000 0.741
4670.000 0.906
4680.000 1.034
4690.000 1.468
4700.000 2.375
4710.000 3.109
4720.000 5.095
4730.000 5.842
4740.000 3.242
4750.000 1.501
4760.000 1.110
4770.000 0.641
4780.000 0.512
4790.000 0.339
4800.000 0.285
4810.000 0.203
4820.000 0.153
4830.000 0.135
4840.000 0.108
4850.000 0.097
4860.000 0.082
4870.000 0.076
4880.000 0.078
4890.000 0.087
4900.000 0.094
4910.000 0.119
4920.000 0.157
4930.000 0.179
4940.000 0.238
4950.000 0.287
4960.000 0.432
4970.000 0.713
4980.000 0.974
4990.000 1.710
5000.000 2.178
5010.000 3.543
5020.000 6.456
5030.000 9.026
5040.000 13.660
5050.000 13.228
5060.000 7.967
5070.000 5.513
5080.000 4.734
5090.000 3.676
5100.000 3.287
5110.000 2.700
5120.000 2.285
5130.000 2.122
5140.000 1.872
5150.000 1.778
5160.000 1.644
5170.000 1.554
5180.000 1.522
5190.000 1.481
5200.000 1.475
5210.000 1.478
5220.000 1.513
5230.000 1.540
5240.000 1.636
5250.000 1.705
5260.000 1.801
5270.000 1.952
5280.000 2.068
5290.000 2.435
5300.000 2.708
5310.000 3.604
5320.000 5.309
5330.000 6.687
5340.000 11.305
5350.000 14.221
5360.000 16.090
5370.000 8.397
5380.000 6.200
5390.000 3.628
5400.000 2.936
5410.000 2.067
5420.000 1.573
5430.000 1.402
5440.000 1.147
5450.000 1.059
5460.000 0.918
5470.000 0.828
5480.000 0.794
5490.000 0.744
5500.000 0.723
5510.000 0.698
5520.000 0.688
5530.000 0.687
5540.000 0.704
5550.000 0.712
5560.000 0.746
5570.000 0.816
5580.000 0.871
5590.000 1.021
5600.000 1.133
5610.000 1.501
5620.000 2.276
5630.000 2.923
5640.000 4.908
5650.000 6.519
5660.000 11.059
5670.000 12.510
5680.000 9.521
5690.000 4.839
5700.000 3.720
5710.000 2.392
5720.000 1.690
5730.000 1.467
5740.000 1.148
5750.000 1.033
5760.000 0.862
5770.000 0.750
5780.000 0.705
5790.000 0.641
5800.000 0.618
5810.000 0.580
5820.000 0.553
5830.000 0.546
5840.000 0.536
5850.000 0.534
5860.000 0.538
5870.000 0.555
5880.000 0.567
5890.000 0.613
5900.000 0.648
5910.000 0.751
5920.000 0.933
5930.000 1.085
5940.000 1.666
5950.000 2.221
5960.000 4.187
5970.000 7.310
5980.000 9.013
5990.000 7.260
6000.000 5.019
6010.000 2.921
6020.000 2.336
6030.000 1.633
6040.000 1.242
6050.000 1.096
6060.000 0.905
6070.000 0.827
6080.000 0.722
6090.000 0.659
6100.000 0.634
6110.000 0.594
6120.000 0.577
6130.000 0.557
6140.000 0.549
6150.000 0.548
6160.000 0.551
6170.000 0.560
6180.000 0.581
6190.000 0.626
6200.000 0.657
6210.000 0.746
6220.000 0.803
6230.000 0.992
6240.000 1.359
6250.000 1.649
6260.000 2.586
6270.000 3.361
6280.000 5.785
6290.000 8.768
6300.000 8.899
6310.000 4.829
6320.000 3.563
6330.000 2.141
6340.000 1.453
6350.000 1.239
6360.000 0.948
6370.000 0.843
6380.000 0.697
6390.000 0.597
6400.000 0.560
6410.000 0.505
6420.000 0.486
6430.000 0.452
6440.000 0.431
6450.000 0.425
6460.000 0.412
6470.000 0.410
6480.000 0.412
6490.000 0.420
6500.000 0.426
6510.000 0.449
6520.000 0.469
6530.000 0.524
6540.000 0.618
6550.000 0.690
6560.000 0.959
6570.000 1.209
6580.000 2.316
6590.000 4.257
6600.000 5.477
6610.000 7.061
6620.000 6.047
6630.000 3.262
6640.000 2.070
6650.000 1.718
6660.000 1.268
6670.000 1.119
6680.000 0.909
6690.000 0.772
6700.000 0.721
6710.000 0.647
6720.000 0.620
6730.000 0.576
6740.000 0.552
6750.000 0.544
6760.000 0.531
6770.000 0.530
6780.000 0.530
6790.000 0.545
6800.000 0.557
6810.000 0.595
6820.000 0.620
6830.000 0.686
6840.000 0.796
6850.000 0.863
6860.000 1.053
6870.000 1.194
6880.000 1.691
6890.000 2.699
6900.000 3.517
6910.000 5.692
6920.000 6.629
6930.000 5.463
6940.000 2.822
6950.000 2.163
6960.000 1.390
6970.000 1.153
6980.000 0.850
6990.000 0.666
7000.000 0.602
7010.000 0.509
7020.000 0.471
7030.000 0.430
7040.000 0.393
7050.000 0.373
7060.000 0.353
7070.000 0.344
7080.000 0.331
7090.000 0.330
7100.000 0.329
7110.000 0.330
7120.000 0.331
7130.000 0.344
7140.000 0.366
7150.000 0.383
7160.000 0.438
7170.000 0.482
7180.000 0.620
7190.000 0.750
7200.000 1.270
7210.000 2.448
7220.000 3.295
7230.000 5.221
7240.000 5.735
7250.000 3.970
7260.000 2.381
7270.000 1.944
7280.000 1.386
7290.000 1.200
7300.000 0.950
7310.000 0.793
7320.000 0.735
7330.000 0.653
7340.000 0.625
7350.000 0.579
7360.000 0.550
7370.000 0.548
7380.000 0.538
7390.000 0.532
7400.000 0.526
7410.000 0.535
7420.000 0.543
7430.000 0.569
7440.000 0.583
7450.000 0.642
7460.000 0.708
7470.000 0.745
7480.000 0.851
7490.000 0.930
7500.000 1.195
7510.000 1.722
7520.000 2.186
7530.000 3.663
7540.000 4.630
7550.000 5.777
7560.000 3.489
7570.000 2.502
7580.000 1.456
7590.000 1.171
7600.000 0.819
7610.000 0.617
7620.000 0.546
7630.000 0.444
7640.000 0.410
7650.000 0.353
7660.000 0.318
7670.000 0.308
7680.000 0.285
7690.000 0.275
7700.000 0.262
7710.000 0.257
7720.000 0.253
7730.000 0.251
7740.000 0.251
7750.000 0.254
7760.000 0.269
7770.000 0.278
7780.000 0.310
7790.000 0.331
7800.000 0.412
7810.000 0.564
7820.000 0.712
7830.000 1.344
7840.000 1.917
7850.000 3.438
7860.000 4.636
7870.000 4.308
7880.000 2.664
7890.000 2.146
7900.000 1.501
7910.000 1.126
7920.000 0.997
7930.000 0.813
7940.000 0.752
7950.000 0.655
7960.000 0.594
7970.000 0.568
7980.000 0.538
7990.000 0.524
8000.000 0.518
8010.000 0.515
8020.000 0.531
8030.000 0.522
8040.000 0.529
8050.000 0.549
8060.000 0.573
8070.000 0.595
8080.000 0.627
8090.000 0.656
8100.000 0.724
8110.000 0.770
8120.000 0.826
8130.000 1.056
8140.000 1.253
8150.000 1.935
8160.000 3.242
8170.000 3.923
8180.000 4.228
8190.000 3.527
8200.000 1.831
8210.000 1.084
8220.000 0.875
8230.000 0.613
8240.000 0.523
8250.000 0.384
8260.000 0.310
8270.000 0.291
8280.000 0.256
8290.000 0.244
8300.000 0.227
8310.000 0.209
8320.000 0.206
8330.000 0.198
8340.000 0.198
8350.000 0.198
8360.000 0.193
8370.000 0.192
8380.000 0.198
8390.000 0.202
8400.000 0.219
8410.000 0.233
8420.000 0.277
8430.000 0.338
8440.000 0.374
8450.000 0.487
8460.000 0.680
8470.000 1.604
8480.000 3.094
8490.000 3.763
8500.000 3.712
8510.000 3.003
8520.000 2.035
8530.000 1.483
8540.000 1.291
8550.000 1.023
8560.000 0.925
8570.000 0.780
8580.000 0.683
8590.000 0.646
8600.000 0.592
8610.000 0.573
8620.000 0.548
8630.000 0.538
8640.000 0.539
8650.000 0.538
8660.000 0.543
8670.000 0.552
8680.000 0.566
8690.000 0.579
8700.000 0.606
8710.000 0.621
8720.000 0.666
8730.000 0.728
8740.000 0.773
8750.000 0.909
8760.000 1.019
8770.000 1.405
8780.000 2.225
8790.000 2.864
8800.000 3.961
8810.000 3.805
8820.000 2.120
8830.000 1.150
8840.000 0.861
8850.000 0.572
8860.000 0.474
8870.000 0.342
8880.000 0.261
8890.000 0.235
8900.000 0.196
8910.000 0.180
8920.000 0.157
8930.000 0.139
8940.000 0.134
8950.000 0.124
8960.000 0.121
8970.000 0.116
8980.000 0.107
8990.000 0.107
9000.000 0.111
9010.000 0.105
9020.000 0.117
9030.000 0.128
9040.000 0.148
9050.000 0.194
9060.000 0.232
9070.000 0.367
9080.000 0.687
9090.000 1.041
9100.000 2.161
9110.000 2.804
9120.000 3.593
9130.000 2.753
9140.000 2.316
9150.000 1.729
9160.000 1.518
9170.000 1.212
9180.000 1.002
9190.000 0.924
9200.000 0.789
9210.000 0.738
9220.000 0.657
9230.000 0.598
9240.000 0.575
9250.000 0.542
9260.000 0.534
9270.000 0.524
9280.000 0.520
9290.000 0.528
9300.000 0.538
9310.000 0.545
9320.000 0.564
9330.000 0.590
9340.000 0.604
9350.000 0.648
9360.000 0.682
9370.000 0.768
9380.000 0.924
9390.000 1.043
9400.000 1.350
9410.000 1.484
9420.000 1.882
9430.000 2.359
9440.000 2.046
9450.000 1.059
9460.000 0.775
9470.000 0.452
9480.000 0.289
9490.000 0.238
9500.000 0.171
9510.000 0.147
9520.000 0.116
9530.000 0.097
9540.000 0.091
9550.000 0.084
9560.000 0.080
9570.000 0.069
9580.000 0.063
9590.000 0.061
9600.000 0.058
9610.000 0.055
9620.000 0.049
9630.000 0.044
9640.000 0.037
9650.000 0.032
9660.000 0.032
9670.000 0.059
9680.000 0.079
9690.000 0.148
9700.000 0.304
9710.000 0.465
9720.000 1.076
9730.000 1.567
9740.000 2.523
9750.000 2.564
9760.000 2.284
9770.000 1.832
9780.000 1.635
9790.000 1.337
9800.000 1.128
9810.000 1.043
9820.000 0.902
9830.000 0.847
9840.000 0.749
9850.000 0.682
9860.000 0.652
9870.000 0.603
9880.000 0.581
9890.000 0.541
9900.000 0.513
9910.000 0.504
9920.000 0.497
9930.000 0.501
9940.000 0.510
9950.000 0.521
9960.000 0.530
9970.000 0.551
9980.000 0.566
9990.000 0.607
10000.000 0.668
10010.000 0.722
10020.000 0.858
10030.000 0.982
10040.000 1.387
10050.000 1.877
10060.000 1.855
10070.000 1.076
10080.000 0.730
10090.000 0.372
10100.000 0.208
10110.000 0.164
10120.000 0.122
10130.000 0.115
10140.000 0.097
10150.000 0.081
10160.000 0.065
10170.000 0.066
10180.000 0.068
10190.000 0.068
10200.000 0.071
10210.000 0.070
10220.000 0.069
10230.000 0.065
10240.000 0.062
10250.000 0.060
10260.000 0.051
10270.000 0.038
10280.000 0.028
10290.000 0.015
10300.000 0.039
10310.000 0.059
10320.000 0.128
10330.000 0.188
10340.000 0.468
10350.000 1.118
10360.000 1.569
10370.000 2.228
10380.000 2.206
10390.000 1.743
10400.000 1.406
10410.000 1.295
10420.000 1.122
10430.000 1.059
10440.000 0.959
10450.000 0.881
10460.000 0.850
10470.000 0.790
10480.000 0.761
10490.000 0.714
10500.000 0.668
10510.000 0.646
10520.000 0.603
10530.000 0.576
10540.000 0.523
10550.000 0.499
10560.000 0.495
10570.000 0.489
10580.000 0.484
10590.000 0.494
10600.000 0.514
10610.000 0.528
10620.000 0.571
10630.000 0.598
10640.000 0.687
10650.000 0.839
10660.000 0.950
10670.000 1.271
10680.000 1.395
10690.000 1.125
10700.000 0.549
10710.000 0.376
10720.000 0.179
10730.000 0.121
10740.000 0.052
10750.000 0.048
10760.000 0.057
10770.000 0.070
10780.000 0.075
10790.000 0.085
10800.000 0.090
10810.000 0.094
10820.000 0.099
10830.000 0.100
10840.000 0.104
10850.000 0.103
10860.000 0.105
10870.000 0.100
10880.000 0.096
10890.000 0.092
10900.000 0.088
10910.000 0.078
10920.000 0.068
10930.000 0.064
10940.000 0.073
10950.000 0.087
10960.000 0.178
10970.000 0.466
10980.000 0.705
10990.000 1.388
11000.000 1.711
11010.000 1.789
11020.000 1.417
11030.000 1.276
11040.000 1.066
11050.000 0.983
11060.000 0.863
11070.000 0.776
11080.000 0.740
11090.000 0.682
11100.000 0.658
11110.000 0.611
11120.000 0.573
11130.000 0.553
11140.000 0.518
11150.000 0.511
11160.000 0.484
11170.000 0.470
11180.000 0.464
11190.000 0.452
11200.000 0.449
11210.000 0.442
11220.000 0.445
11230.000 0.455
11240.000 0.471
11250.000 0.485
11260.000 0.525
11270.000 0.589
11280.000 0.642
11290.000 0.782
11300.000 0.855
11310.000 0.869
11320.000 0.536
11330.000 0.334
11340.000 0.140
11350.000 0.088
11360.000 0.051
11370.000 0.057
11380.000 0.078
11390.000 0.089
11400.000 0.092
11410.000 0.100
11420.000 0.108
11430.000 0.124
11440.000 0.138
11450.000 0.148
11460.000 0.155
11470.000 0.153
11480.000 0.153
11490.000 0.144
11500.000 0.140
11510.000 0.135
11520.000 0.135
11530.000 0.123
11540.000 0.120
11550.000 0.114
11560.000 0.109
11570.000 0.113
11580.000 0.135
11590.000 0.237
11600.000 0.349
11610.000 0.744
11620.000 0.990
11630.000 1.399
11640.000 1.297
11650.000 1.161
11660.000 0.940
11670.000 0.865
11680.000 0.740
11690.000 0.638
11700.000 0.601
11710.000 0.536
11720.000 0.505
11730.000 0.464
11740.000 0.430
11750.000 0.414
11760.000 0.398
11770.000 0.389
11780.000 0.375
11790.000 0.372
11800.000 0.368
11810.000 0.374
11820.000 0.377
11830.000 0.378
11840.000 0.383
11850.000 0.391
11860.000 0.399
11870.000 0.411
11880.000 0.430
11890.000 0.468
11900.000 0.490
11910.000 0.558
11920.000 0.599
11930.000 0.652
11940.000 0.495
11950.000 0.361
11960.000 0.147
11970.000 0.091
11980.000 0.051
11990.000 0.076
12000.000 0.088
