110.000 0.029
120.000 0.028
130.000 4.277
140.000 4.749
150.000 5.364
160.000 5.569
170.000 5.740
180.000 5.420
190.000 5.187
200.000 4.757
210.000 4.620
220.000 4.557
230.000 4.227
240.000 4.018
250.000 3.655
260.000 3.508
270.000 3.342
280.000 3.310
290.000 3.321
300.000 4.116
310.000 4.214
320.000 4.268
330.000 4.413
340.000 4.587
350.000 4.993
360.000 5.403
370.000 6.539
380.000 7.952
390.000 8.818
400.000 11.015
410.000 12.352
420.000 15.668
430.000 19.588
440.000 21.393
450.000 23.974
460.000 24.713
470.000 24.986
480.000 24.051
490.000 23.210
500.000 21.243
510.000 20.165
520.000 16.352
530.000 14.982
540.000 13.098
550.000 11.861
560.000 11.335
570.000 10.589
580.000 10.329
590.000 10.077
600.000 9.884
610.000 9.761
620.000 9.810
630.000 9.907
640.000 10.259
650.000 10.961
660.000 11.593
670.000 13.180
680.000 16.140
690.000 18.617
700.000 28.090
710.000 35.524
720.000 45.379
730.000 39.049
740.000 16.140
750.000 9.359
760.000 5.710
770.000 4.694
780.000 3.401
790.000 2.876
800.000 2.159
810.000 1.696
820.000 1.520
830.000 1.368
840.000 1.099
850.000 0.903
860.000 0.819
870.000 0.683
880.000 0.631
890.000 0.534
900.000 0.454
910.000 0.420
920.000 0.365
930.000 0.320
940.000 0.296
950.000 0.263
960.000 0.246
970.000 0.209
980.000 0.204
990.000 0.179
1000.000 0.162
1010.000 0.146
1020.000 0.132
1030.000 0.124
1040.000 0.102
1050.000 0.097
1060.000 0.086
1070.000 0.088
1080.000 0.083
1090.000 0.085
1100.000 0.093
1110.000 0.096
1120.000 0.107
1130.000 0.116
1140.000 0.132
1150.000 0.152
1160.000 0.162
1170.000 0.183
1180.000 0.194
1190.000 0.222
1200.000 0.253
1210.000 0.269
1220.000 0.304
1230.000 0.326
1240.000 0.372
1250.000 0.425
1260.000 0.456
1270.000 0.527
1280.000 0.626
1290.000 0.677
1300.000 0.823
1310.000 0.920
1320.000 1.194
1330.000 1.682
1340.000 2.061
1350.000 3.237
1360.000 4.073
1370.000 6.505
1380.000 8.741
1390.000 17.505
1400.000 22.011
1410.000 17.156
1420.000 9.266
1430.000 7.420
1440.000 5.135
1450.000 3.823
1460.000 3.365
1470.000 2.692
1480.000 2.234
1490.000 2.061
1500.000 1.785
1510.000 1.671
1520.000 1.497
1530.000 1.361
1540.000 1.307
1550.000 1.215
1560.000 1.176
1570.000 1.107
1580.000 1.050
1590.000 1.030
1600.000 0.979
1610.000 0.956
1620.000 0.912
1630.000 0.890
1640.000 0.845
1650.000 0.798
1660.000 0.777
1670.000 0.747
1680.000 0.743
1690.000 0.768
1700.000 0.850
1710.000 0.916
1720.000 1.082
1730.000 1.180
1740.000 1.400
1750.000 1.521
1760.000 1.786
1770.000 1.994
1780.000 2.054
1790.000 2.176
1800.000 2.231
1810.000 2.356
1820.000 2.483
1830.000 2.549
1840.000 2.687
1850.000 2.846
1860.000 2.933
1870.000 3.120
1880.000 3.337
1890.000 3.455
1900.000 3.591
1910.000 3.891
1920.000 4.248
1930.000 4.449
1940.000 4.904
1950.000 5.182
1960.000 5.803
1970.000 6.564
1980.000 7.031
1990.000 8.090
2000.000 8.743
2010.000 10.301
2020.000 12.307
2030.000 13.445
2040.000 16.090
2050.000 19.061
2060.000 20.611
2070.000 23.524
2080.000 24.677
2090.000 25.491
2100.000 24.985
2110.000 21.712
2120.000 17.407
2130.000 13.529
2140.000 11.896
2150.000 10.492
2160.000 8.285
2170.000 6.740
2180.000 5.610
2190.000 5.158
2200.000 4.767
2210.000 4.182
2220.000 3.772
2230.000 3.456
2240.000 3.300
2250.000 3.161
2260.000 2.914
2270.000 2.690
2280.000 2.590
2290.000 2.395
2300.000 2.269
2310.000 2.070
2320.000 1.900
2330.000 1.829
2340.000 1.696
2350.000 1.640
2360.000 1.537
2370.000 1.448
2380.000 1.411
2390.000 1.341
2400.000 1.312
2410.000 1.255
2420.000 1.215
2430.000 1.193
2440.000 1.158
2450.000 1.148
2460.000 1.125
2470.000 1.109
2480.000 1.103
2490.000 1.092
2500.000 1.087
2510.000 1.088
2520.000 1.089
2530.000 1.099
2540.000 1.112
2550.000 1.115
2560.000 1.134
2570.000 1.154
2580.000 1.164
2590.000 1.200
2600.000 1.220
2610.000 1.281
2620.000 1.350
2630.000 1.391
2640.000 1.482
2650.000 1.539
2660.000 1.680
2670.000 1.875
2680.000 2.001
2690.000 2.340
2700.000 2.589
2710.000 3.141
2720.000 3.938
2730.000 4.509
2740.000 6.265
2750.000 7.592
2760.000 11.339
2770.000 16.604
2780.000 19.748
2790.000 24.743
2800.000 20.294
2810.000 15.442
2820.000 9.385
2830.000 7.522
2840.000 5.107
2850.000 3.737
2860.000 3.274
2870.000 2.596
2880.000 2.335
2890.000 1.903
2900.000 1.751
2910.000 1.496
2920.000 1.390
2930.000 1.222
2940.000 1.089
2950.000 1.032
2960.000 0.941
2970.000 0.864
2980.000 0.827
2990.000 0.778
3000.000 0.748
3010.000 0.746
3020.000 0.708
3030.000 0.689
3040.000 0.656
3050.000 0.633
3060.000 0.609
3070.000 0.602
3080.000 0.579
3090.000 0.562
3100.000 0.555
3110.000 0.545
3120.000 0.540
3130.000 0.533
3140.000 0.525
3150.000 0.524
3160.000 0.522
3170.000 0.520
3180.000 0.521
3190.000 0.520
3200.000 0.523
3210.000 0.527
3220.000 0.534
3230.000 0.539
3240.000 0.550
3250.000 0.553
3260.000 0.569
3270.000 0.579
3280.000 0.601
3290.000 0.630
3300.000 0.660
3310.000 0.679
3320.000 0.698
3330.000 0.748
3340.000 0.815
3350.000 0.901
3360.000 0.957
3370.000 1.013
3380.000 1.137
3390.000 1.317
3400.000 1.439
3410.000 1.796
3420.000 2.074
3430.000 2.966
3440.000 4.847
3450.000 8.530
3460.000 10.989
3470.000 15.913
3480.000 16.569
3490.000 10.195
3500.000 7.557
3510.000 4.550
3520.000 2.982
3530.000 2.121
3540.000 1.828
3550.000 1.599
3560.000 1.258
3570.000 1.022
3580.000 0.857
3590.000 0.794
3600.000 0.739
3610.000 0.647
3620.000 0.577
3630.000 0.546
3640.000 0.499
3650.000 0.477
3660.000 0.442
3670.000 0.416
3680.000 0.403
3690.000 0.382
3700.000 0.365
3710.000 0.358
3720.000 0.346
3730.000 0.335
3740.000 0.331
3750.000 0.324
3760.000 0.321
3770.000 0.318
3780.000 0.314
3790.000 0.311
3800.000 0.310
3810.000 0.309
3820.000 0.310
3830.000 0.310
3840.000 0.312
3850.000 0.314
3860.000 0.315
3870.000 0.321
3880.000 0.326
3890.000 0.329
3900.000 0.332
3910.000 0.340
3920.000 0.350
3930.000 0.356
3940.000 0.370
3950.000 0.375
3960.000 0.387
3970.000 0.417
3980.000 0.423
3990.000 0.447
4000.000 0.495
4010.000 0.506
4020.000 0.560
4030.000 0.587
4040.000 0.692
4050.000 0.747
4060.000 0.863
4070.000 1.013
4080.000 1.124
4090.000 1.399
4100.000 1.592
4110.000 2.170
4120.000 3.188
4130.000 4.026
4140.000 7.099
4150.000 9.658
4160.000 14.539
4170.000 11.690
4180.000 8.266
4190.000 4.811
4200.000 3.829
4210.000 2.573
4220.000 1.868
4230.000 1.628
4240.000 1.279
4250.000 1.149
4260.000 0.948
4270.000 0.800
4280.000 0.743
4290.000 0.643
4300.000 0.572
4310.000 0.543
4320.000 0.503
4330.000 0.486
4340.000 0.457
4350.000 0.436
4360.000 0.425
4370.000 0.410
4380.000 0.402
4390.000 0.390
4400.000 0.382
4410.000 0.378
4420.000 0.371
4430.000 0.368
4440.000 0.370
4450.000 0.366
4460.000 0.365
4470.000 0.365
4480.000 0.364
4490.000 0.367
4500.000 0.369
4510.000 0.372
4520.000 0.375
4530.000 0.378
4540.000 0.386
4550.000 0.391
4560.000 0.400
4570.000 0.408
4580.000 0.413
4590.000 0.426
4600.000 0.434
4610.000 0.447
4620.000 0.467
4630.000 0.477
4640.000 0.498
4650.000 0.514
4660.000 0.543
4670.000 0.577
4680.000 0.600
4690.000 0.648
4700.000 0.672
4710.000 0.722
4720.000 0.744
4730.000 0.812
4740.000 0.879
4750.000 0.909
4760.000 0.972
4770.000 1.072
4780.000 1.138
4790.000 1.342
4800.000 1.754
4810.000 2.107
4820.000 2.625
4830.000 4.418
4840.000 7.308
4850.000 8.451
4860.000 6.499
4870.000 3.574
4880.000 2.817
4890.000 1.916
4900.000 1.435
4910.000 1.277
4920.000 1.153
4930.000 0.981
4940.000 0.866
4950.000 0.781
4960.000 0.761
4970.000 0.737
4980.000 0.734
4990.000 0.722
5000.000 0.714
5010.000 0.732
5020.000 0.737
5030.000 0.748
5040.000 0.758
5050.000 0.764
5060.000 0.786
5070.000 0.806
5080.000 0.809
5090.000 0.833
5100.000 0.857
5110.000 0.869
5120.000 0.888
5130.000 0.900
5140.000 0.914
5150.000 0.923
5160.000 0.936
5170.000 0.943
5180.000 0.953
5190.000 0.966
5200.000 0.973
5210.000 0.984
5220.000 0.998
5230.000 1.002
5240.000 1.038
5250.000 1.050
5260.000 1.057
5270.000 1.066
5280.000 1.082
5290.000 1.087
5300.000 1.108
5310.000 1.138
5320.000 1.166
5330.000 1.185
5340.000 1.203
5350.000 1.241
5360.000 1.295
5370.000 1.361
5380.000 1.398
5390.000 1.481
5400.000 1.527
5410.000 1.647
5420.000 1.718
5430.000 1.892
5440.000 2.015
5450.000 2.333
5460.000 2.825
5470.000 3.635
5480.000 4.256
5490.000 5.087
5500.000 7.747
5510.000 12.314
5520.000 15.355
5530.000 22.277
5540.000 26.063
5550.000 23.004
5560.000 12.629
5570.000 9.734
5580.000 6.170
5590.000 4.225
5600.000 3.599
5610.000 2.735
5620.000 2.163
5630.000 1.943
5640.000 1.611
5650.000 1.484
5660.000 1.282
5670.000 1.120
5680.000 1.061
5690.000 0.955
5700.000 0.909
5710.000 0.833
5720.000 0.801
5730.000 0.738
5740.000 0.692
5750.000 0.672
5760.000 0.635
5770.000 0.618
5780.000 0.591
5790.000 0.568
5800.000 0.560
5810.000 0.541
5820.000 0.533
5830.000 0.520
5840.000 0.507
5850.000 0.506
5860.000 0.497
5870.000 0.490
5880.000 0.490
5890.000 0.488
5900.000 0.485
5910.000 0.482
5920.000 0.486
5930.000 0.483
5940.000 0.485
5950.000 0.487
5960.000 0.494
5970.000 0.502
5980.000 0.514
5990.000 0.521
6000.000 0.527
6010.000 0.535
6020.000 0.548
6030.000 0.566
6040.000 0.591
6050.000 0.600
6060.000 0.642
6070.000 0.683
6080.000 0.703
6090.000 0.764
6100.000 0.791
6110.000 0.877
6120.000 0.989
6130.000 1.055
6140.000 1.238
6150.000 1.373
6160.000 1.782
6170.000 2.111
6180.000 3.280
6190.000 4.271
6200.000 7.316
6210.000 11.938
6220.000 14.653
6230.000 17.590
6240.000 15.527
6250.000 8.821
6260.000 5.457
6270.000 4.427
6280.000 3.085
6290.000 2.311
6300.000 2.031
6310.000 1.623
6320.000 1.475
6330.000 1.247
6340.000 1.072
6350.000 1.007
6360.000 0.898
6370.000 0.858
6380.000 0.786
6390.000 0.756
6400.000 0.705
6410.000 0.665
6420.000 0.630
6430.000 0.616
6440.000 0.602
6450.000 0.591
6460.000 0.571
6470.000 0.560
6480.000 0.545
6490.000 0.531
6500.000 0.527
6510.000 0.523
6520.000 0.513
6530.000 0.510
6540.000 0.505
6550.000 0.504
6560.000 0.503
6570.000 0.503
6580.000 0.504
6590.000 0.504
6600.000 0.504
6610.000 0.506
6620.000 0.511
6630.000 0.517
6640.000 0.518
6650.000 0.529
6660.000 0.533
6670.000 0.543
6680.000 0.555
6690.000 0.570
6700.000 0.578
6710.000 0.601
6720.000 0.612
6730.000 0.639
6740.000 0.672
6750.000 0.688
6760.000 0.710
6770.000 0.747
6780.000 0.811
6790.000 0.846
6800.000 0.933
6810.000 0.996
6820.000 1.141
6830.000 1.368
6840.000 1.527
6850.000 2.001
6860.000 2.826
6870.000 3.379
6880.000 5.112
6890.000 6.367
6900.000 9.848
6910.000 11.928
6920.000 14.017
6930.000 9.408
6940.000 7.066
6950.000 4.291
6960.000 2.843
6970.000 2.392
6980.000 1.772
6990.000 1.377
7000.000 1.221
7010.000 0.999
7020.000 0.912
7030.000 0.794
7040.000 0.733
7050.000 0.655
7060.000 0.578
7070.000 0.553
7080.000 0.502
7090.000 0.481
7100.000 0.445
7110.000 0.431
7120.000 0.407
7130.000 0.386
7140.000 0.378
7150.000 0.360
7160.000 0.373
7170.000 0.364
7180.000 0.347
7190.000 0.337
7200.000 0.326
7210.000 0.320
7220.000 0.314
7230.000 0.327
7240.000 0.320
7250.000 0.312
7260.000 0.309
7270.000 0.308
7280.000 0.314
7290.000 0.310
7300.000 0.309
7310.000 0.306
7320.000 0.303
7330.000 0.304
7340.000 0.305
7350.000 0.308
7360.000 0.312
7370.000 0.316
7380.000 0.321
7390.000 0.328
7400.000 0.334
7410.000 0.350
7420.000 0.358
7430.000 0.382
7440.000 0.397
7450.000 0.420
7460.000 0.433
7470.000 0.485
7480.000 0.529
7490.000 0.558
7500.000 0.631
7510.000 0.678
7520.000 0.810
7530.000 1.031
7540.000 1.199
7550.000 1.774
7560.000 2.252
7570.000 3.780
7580.000 6.015
7590.000 7.402
7600.000 10.279
7610.000 10.732
7620.000 7.702
7630.000 4.840
7640.000 3.946
7650.000 2.689
7660.000 1.983
7670.000 1.743
7680.000 1.548
7690.000 1.264
7700.000 1.064
7710.000 0.923
7720.000 0.871
7730.000 0.785
7740.000 0.753
7750.000 0.695
7760.000 0.671
7770.000 0.631
7780.000 0.614
7790.000 0.587
7800.000 0.560
7810.000 0.542
7820.000 0.530
7830.000 0.515
7840.000 0.510
7850.000 0.497
7860.000 0.488
7870.000 0.483
7880.000 0.477
7890.000 0.473
7900.000 0.470
7910.000 0.470
7920.000 0.466
7930.000 0.465
7940.000 0.463
7950.000 0.462
7960.000 0.463
7970.000 0.469
7980.000 0.470
7990.000 0.475
8000.000 0.486
8010.000 0.477
8020.000 0.493
8030.000 0.489
8040.000 0.504
8050.000 0.508
8060.000 0.511
8070.000 0.520
8080.000 0.534
8090.000 0.558
8100.000 0.579
8110.000 0.591
8120.000 0.618
8130.000 0.653
8140.000 0.671
8150.000 0.719
8160.000 0.751
8170.000 0.815
8180.000 0.859
8190.000 0.963
8200.000 1.110
8210.000 1.300
8220.000 1.439
8230.000 1.607
8240.000 2.105
8250.000 2.979
8260.000 3.671
8270.000 5.731
8280.000 7.055
8290.000 9.470
8300.000 8.592
8310.000 6.589
8320.000 3.775
8330.000 2.953
8340.000 1.930
8350.000 1.369
8360.000 1.179
8370.000 0.905
8380.000 0.804
8390.000 0.647
8400.000 0.536
8410.000 0.494
8420.000 0.431
8430.000 0.404
8440.000 0.349
8450.000 0.307
8460.000 0.292
8470.000 0.264
8480.000 0.242
8490.000 0.232
8500.000 0.214
8510.000 0.210
8520.000 0.199
8530.000 0.185
8540.000 0.184
8550.000 0.176
8560.000 0.171
8570.000 0.165
8580.000 0.162
8590.000 0.158
8600.000 0.154
8610.000 0.154
8620.000 0.149
8630.000 0.146
8640.000 0.145
8650.000 0.144
8660.000 0.140
8670.000 0.141
8680.000 0.141
8690.000 0.143
8700.000 0.142
8710.000 0.141
8720.000 0.140
8730.000 0.143
8740.000 0.144
8750.000 0.147
8760.000 0.150
8770.000 0.155
8780.000 0.160
8790.000 0.163
8800.000 0.173
8810.000 0.182
8820.000 0.200
8830.000 0.204
8840.000 0.226
8850.000 0.269
8860.000 0.289
8870.000 0.341
8880.000 0.418
8890.000 0.470
8900.000 0.617
8910.000 0.723
8920.000 1.055
8930.000 1.300
8940.000 2.115
8950.000 3.433
8960.000 4.159
8970.000 5.452
8980.000 6.003
8990.000 6.799
9000.000 6.383
9010.000 4.545
9020.000 3.288
9030.000 2.817
9040.000 2.129
9050.000 1.883
9060.000 1.485
9070.000 1.221
9080.000 1.028
9090.000 0.959
9100.000 0.844
9110.000 0.802
9120.000 0.737
9130.000 0.696
9140.000 0.691
9150.000 0.669
9160.000 0.634
9170.000 0.605
9180.000 0.606
9190.000 0.586
9200.000 0.573
9210.000 0.660
9220.000 0.726
9230.000 0.717
9240.000 0.654
9250.000 0.628
9260.000 0.591
9270.000 0.554
9280.000 0.542
9290.000 0.524
9300.000 0.521
9310.000 0.503
9320.000 0.485
9330.000 0.482
9340.000 0.481
9350.000 0.481
9360.000 0.483
9370.000 0.491
9380.000 0.494
9390.000 0.497
9400.000 0.505
9410.000 0.508
9420.000 0.522
9430.000 0.531
9440.000 0.549
9450.000 0.564
9460.000 0.563
9470.000 0.575
9480.000 0.579
9490.000 0.590
9500.000 0.604
9510.000 0.630
9520.000 0.663
9530.000 0.685
9540.000 0.728
9550.000 0.753
9560.000 0.813
9570.000 0.885
9580.000 0.918
9590.000 1.011
9600.000 1.158
9610.000 1.264
9620.000 1.607
9630.000 1.910
9640.000 2.866
9650.000 3.475
9660.000 4.632
9670.000 3.800
9680.000 2.964
9690.000 2.089
9700.000 1.857
9710.000 1.275
9720.000 0.844
9730.000 0.701
9740.000 0.505
9750.000 0.431
9760.000 0.320
9770.000 0.245
9780.000 0.215
9790.000 0.167
9800.000 0.132
9810.000 0.120
9820.000 0.095
9830.000 0.088
9840.000 0.073
9850.000 0.063
9860.000 0.059
9870.000 0.055
9880.000 0.053
9890.000 0.051
9900.000 0.052
9910.000 0.052
9920.000 0.054
9930.000 0.052
9940.000 0.056
9950.000 0.055
9960.000 0.056
9970.000 0.059
9980.000 0.059
9990.000 0.056
10000.000 0.060
10010.000 0.059
10020.000 0.055
10030.000 0.059
10040.000 0.057
10050.000 0.056
10060.000 0.059
10070.000 0.059
10080.000 0.055
10090.000 0.056
10100.000 0.058
10110.000 0.048
10120.000 0.041
10130.000 0.039
10140.000 0.034
10150.000 0.032
10160.000 0.024
10170.000 0.019
10180.000 0.012
10190.000 0.008
10200.000 0.010
10210.000 0.023
10220.000 0.032
10230.000 0.048
10240.000 0.072
10250.000 0.084
10260.000 0.117
10270.000 0.169
10280.000 0.203
10290.000 0.306
10300.000 0.504
10310.000 0.670
10320.000 0.877
10330.000 1.507
10340.000 2.570
10350.000 3.215
10360.000 4.094
10370.000 4.092
10380.000 3.219
10390.000 2.431
10400.000 2.169
10410.000 1.753
10420.000 1.466
10430.000 1.362
10440.000 1.202
10450.000 1.045
10460.000 0.975
10470.000 0.871
10480.000 0.818
10490.000 0.732
10500.000 0.692
10510.000 0.631
10520.000 0.567
10530.000 0.547
10540.000 0.494
10550.000 0.473
10560.000 0.453
10570.000 0.444
10580.000 0.436
10590.000 0.429
10600.000 0.426
10610.000 0.425
10620.000 0.418
10630.000 0.425
10640.000 0.417
10650.000 0.422
10660.000 0.414
10670.000 0.407
10680.000 0.405
10690.000 0.400
10700.000 0.405
10710.000 0.404
10720.000 0.403
10730.000 0.401
10740.000 0.406
10750.000 0.406
10760.000 0.408
10770.000 0.408
10780.000 0.409
10790.000 0.418
10800.000 0.421
10810.000 0.427
10820.000 0.432
10830.000 0.443
10840.000 0.447
10850.000 0.448
10860.000 0.452
10870.000 0.457
10880.000 0.469
10890.000 0.481
10900.000 0.489
10910.000 0.509
10920.000 0.536
10930.000 0.547
10940.000 0.577
10950.000 0.599
10960.000 0.638
10970.000 0.670
10980.000 0.743
10990.000 0.833
11000.000 0.889
11010.000 1.048
11020.000 1.374
11030.000 1.637
11040.000 2.213
11050.000 2.245
11060.000 1.740
11070.000 1.324
11080.000 0.750
11090.000 0.450
11100.000 0.358
11110.000 0.222
11120.000 0.177
11130.000 0.110
11140.000 0.062
11150.000 0.044
11160.000 0.018
11170.000 0.011
11180.000 0.022
11190.000 0.036
11200.000 0.043
11210.000 0.053
11220.000 0.058
11230.000 0.066
11240.000 0.067
11250.000 0.076
11260.000 0.081
11270.000 0.082
11280.000 0.088
11290.000 0.090
11300.000 0.094
11310.000 0.097
11320.000 0.099
11330.000 0.100
11340.000 0.104
11350.000 0.104
11360.000 0.108
11370.000 0.108
11380.000 0.108
11390.000 0.109
11400.000 0.109
11410.000 0.111
11420.000 0.110
11430.000 0.111
11440.000 0.109
11450.000 0.109
11460.000 0.108
11470.000 0.106
11480.000 0.104
11490.000 0.102
11500.000 0.099
11510.000 0.100
11520.000 0.099
11530.000 0.096
11540.000 0.091
11550.000 0.087
11560.000 0.084
11570.000 0.082
11580.000 0.076
11590.000 0.076
11600.000 0.070
11610.000 0.068
11620.000 0.068
11630.000 0.070
11640.000 0.077
11650.000 0.094
11660.000 0.131
11670.000 0.158
11680.000 0.268
11690.000 0.489
11700.000 0.634
11710.000 1.019
11720.000 1.281
11730.000 1.927
11740.000 2.209
11750.000 2.088
11760.000 1.680
11770.000 1.511
11780.000 1.246
11790.000 1.135
11800.000 0.973
11810.000 0.893
11820.000 0.776
11830.000 0.681
11840.000 0.641
11850.000 0.573
11860.000 0.516
11870.000 0.493
11880.000 0.454
11890.000 0.437
11900.000 0.409
11910.000 0.395
11920.000 0.383
11930.000 0.370
11940.000 0.365
11950.000 0.365
11960.000 0.361
11970.000 0.356
11980.000 0.357
11990.000 0.358
12000.000 0.363
