110.000 0.031
120.000 0.819
130.000 2.940
140.000 5.114
150.000 5.213
160.000 5.353
170.000 4.983
180.000 4.789
190.000 4.463
200.000 4.451
210.000 4.635
220.000 4.788
230.000 4.633
240.000 4.481
250.000 4.908
260.000 5.092
270.000 5.650
280.000 5.899
290.000 6.453
300.000 6.880
310.000 7.236
320.000 7.732
330.000 8.126
340.000 8.847
350.000 9.679
360.000 10.160
370.000 11.274
380.000 11.978
390.000 13.473
400.000 15.334
410.000 16.584
420.000 19.603
430.000 21.382
440.000 25.013
450.000 27.624
460.000 28.462
470.000 29.106
480.000 29.067
490.000 28.651
500.000 28.109
510.000 27.984
520.000 28.120
530.000 28.541
540.000 29.915
550.000 32.184
560.000 34.069
570.000 40.328
580.000 45.071
590.000 58.654
600.000 65.929
610.000 64.745
620.000 28.027
630.000 21.515
640.000 13.651
650.000 9.098
660.000 7.532
670.000 5.372
680.000 4.605
690.000 3.479
700.000 2.687
710.000 2.426
720.000 1.654
730.000 2.363
740.000 1.482
750.000 1.251
760.000 1.161
770.000 0.998
780.000 0.946
790.000 0.817
800.000 0.727
810.000 0.686
820.000 0.628
830.000 0.601
840.000 0.539
850.000 0.487
860.000 0.462
870.000 0.419
880.000 0.403
890.000 0.369
900.000 0.339
910.000 0.327
920.000 0.300
930.000 0.292
940.000 0.271
950.000 0.264
960.000 0.247
970.000 0.234
980.000 0.233
990.000 0.227
1000.000 0.223
1010.000 0.216
1020.000 0.213
1030.000 0.209
1040.000 0.211
1050.000 0.215
1060.000 0.228
1070.000 0.256
1080.000 0.277
1090.000 0.332
1100.000 0.370
1110.000 0.472
1120.000 0.632
1130.000 0.787
1140.000 1.142
1150.000 1.506
1160.000 2.834
1170.000 5.072
1180.000 4.193
1190.000 2.026
1200.000 1.653
1210.000 1.229
1220.000 0.996
1230.000 0.916
1240.000 0.798
1250.000 0.753
1260.000 0.685
1270.000 0.634
1280.000 0.613
1290.000 0.580
1300.000 0.572
1310.000 0.547
1320.000 0.541
1330.000 0.525
1340.000 0.517
1350.000 0.513
1360.000 0.511
1370.000 0.509
1380.000 0.509
1390.000 0.510
1400.000 0.515
1410.000 0.517
1420.000 0.526
1430.000 0.533
1440.000 0.546
1450.000 0.549
1460.000 0.565
1470.000 0.584
1480.000 0.595
1490.000 0.619
1500.000 0.634
1510.000 0.662
1520.000 0.694
1530.000 0.716
1540.000 0.759
1550.000 0.781
1560.000 0.833
1570.000 0.893
1580.000 0.926
1590.000 1.005
1600.000 1.046
1610.000 1.143
1620.000 1.261
1630.000 1.334
1640.000 1.503
1650.000 1.611
1660.000 1.927
1670.000 2.487
1680.000 2.925
1690.000 4.503
1700.000 5.740
1710.000 9.208
1720.000 15.066
1730.000 19.243
1740.000 24.772
1750.000 21.651
1760.000 13.438
1770.000 9.592
1780.000 8.277
1790.000 6.378
1800.000 5.678
1810.000 4.589
1820.000 3.823
1830.000 3.527
1840.000 3.071
1850.000 2.891
1860.000 2.603
1870.000 2.377
1880.000 2.281
1890.000 2.121
1900.000 2.053
1910.000 1.939
1920.000 1.858
1930.000 1.825
1940.000 1.780
1950.000 1.762
1960.000 1.734
1970.000 1.720
1980.000 1.707
1990.000 1.700
2000.000 1.708
2010.000 1.714
2020.000 1.718
2030.000 1.732
2040.000 1.753
2050.000 1.762
2060.000 1.786
2070.000 1.826
2080.000 1.840
2090.000 1.897
2100.000 1.921
2110.000 1.994
2120.000 2.036
2130.000 2.135
2140.000 2.243
2150.000 2.283
2160.000 2.371
2170.000 2.421
2180.000 2.538
2190.000 2.686
2200.000 2.769
2210.000 2.989
2220.000 3.122
2230.000 3.479
2240.000 3.994
2250.000 4.315
2260.000 5.186
2270.000 5.794
2280.000 7.579
2290.000 10.396
2300.000 12.279
2310.000 16.790
2320.000 19.053
2330.000 21.908
2340.000 19.624
2350.000 16.541
2360.000 11.184
2370.000 9.247
2380.000 6.606
2390.000 5.005
2400.000 4.432
2410.000 3.582
2420.000 3.257
2430.000 2.755
2440.000 2.407
2450.000 2.291
2460.000 2.076
2470.000 1.962
2480.000 1.763
2490.000 1.598
2500.000 1.527
2510.000 1.406
2520.000 1.354
2530.000 1.265
2540.000 1.190
2550.000 1.161
2560.000 1.104
2570.000 1.081
2580.000 1.041
2590.000 1.005
2600.000 0.992
2610.000 0.970
2620.000 0.961
2630.000 0.948
2640.000 0.940
2650.000 0.940
2660.000 0.938
2670.000 0.942
2680.000 0.951
2690.000 0.966
2700.000 0.981
2710.000 1.006
2720.000 1.025
2730.000 1.067
2740.000 1.126
2750.000 1.163
2760.000 1.235
2770.000 1.277
2780.000 1.385
2790.000 1.552
2800.000 1.650
2810.000 1.917
2820.000 2.111
2830.000 2.686
2840.000 3.660
2850.000 4.316
2860.000 6.472
2870.000 8.152
2880.000 12.646
2890.000 18.459
2900.000 21.010
2910.000 18.041
2920.000 12.848
2930.000 7.319
2940.000 4.625
2950.000 3.802
2960.000 2.753
2970.000 2.399
2980.000 1.864
2990.000 1.501
3000.000 1.350
3010.000 1.131
3020.000 1.041
3030.000 0.910
3040.000 0.810
3050.000 0.762
3060.000 0.692
3070.000 0.652
3080.000 0.607
3090.000 0.562
3100.000 0.544
3110.000 0.516
3120.000 0.502
3130.000 0.482
3140.000 0.466
3150.000 0.457
3160.000 0.447
3170.000 0.439
3180.000 0.432
3190.000 0.426
3200.000 0.427
3210.000 0.426
3220.000 0.426
3230.000 0.428
3240.000 0.436
3250.000 0.438
3260.000 0.447
3270.000 0.455
3280.000 0.469
3290.000 0.480
3300.000 0.500
3310.000 0.529
3320.000 0.548
3330.000 0.589
3340.000 0.615
3350.000 0.678
3360.000 0.765
3370.000 0.821
3380.000 0.971
3390.000 1.062
3400.000 1.295
3410.000 1.688
3420.000 1.992
3430.000 3.059
3440.000 4.022
3450.000 7.391
3460.000 12.565
3470.000 15.145
3480.000 14.774
3490.000 10.647
3500.000 5.908
3510.000 3.731
3520.000 3.057
3530.000 2.163
3540.000 1.868
3550.000 1.449
3560.000 1.170
3570.000 1.065
3580.000 0.901
3590.000 0.839
3600.000 0.734
3610.000 0.656
3620.000 0.625
3630.000 0.572
3640.000 0.550
3650.000 0.515
3660.000 0.484
3670.000 0.472
3680.000 0.451
3690.000 0.441
3700.000 0.428
3710.000 0.419
3720.000 0.414
3730.000 0.409
3740.000 0.407
3750.000 0.406
3760.000 0.403
3770.000 0.403
3780.000 0.406
3790.000 0.407
3800.000 0.413
3810.000 0.420
3820.000 0.421
3830.000 0.432
3840.000 0.437
3850.000 0.451
3860.000 0.470
3870.000 0.475
3880.000 0.503
3890.000 0.519
3900.000 0.554
3910.000 0.575
3920.000 0.630
3930.000 0.702
3940.000 0.750
3950.000 0.873
3960.000 0.940
3970.000 1.118
3980.000 1.371
3990.000 1.571
4000.000 2.215
4010.000 2.692
4020.000 4.505
4030.000 8.325
4040.000 10.955
4050.000 13.285
4060.000 10.517
4070.000 5.086
4080.000 2.973
4090.000 2.373
4100.000 1.624
4110.000 1.383
4120.000 1.045
4130.000 0.825
4140.000 0.746
4150.000 0.620
4160.000 0.572
4170.000 0.496
4180.000 0.439
4190.000 0.416
4200.000 0.379
4210.000 0.360
4220.000 0.336
4230.000 0.317
4240.000 0.306
4250.000 0.291
4260.000 0.285
4270.000 0.270
4280.000 0.259
4290.000 0.252
4300.000 0.238
4310.000 0.228
4320.000 0.227
4330.000 0.220
4340.000 0.219
4350.000 0.216
4360.000 0.216
4370.000 0.218
4380.000 0.217
4390.000 0.216
4400.000 0.217
4410.000 0.220
4420.000 0.222
4430.000 0.229
4440.000 0.235
4450.000 0.243
4460.000 0.255
4470.000 0.266
4480.000 0.284
4490.000 0.298
4500.000 0.329
4510.000 0.348
4520.000 0.407
4530.000 0.485
4540.000 0.552
4550.000 0.724
4560.000 0.868
4570.000 1.364
4580.000 2.319
4590.000 3.022
4600.000 5.199
4610.000 7.126
4620.000 11.543
4630.000 8.641
4640.000 6.371
4650.000 4.060
4660.000 3.359
4670.000 2.414
4680.000 1.820
4690.000 1.608
4700.000 1.291
4710.000 1.171
4720.000 0.965
4730.000 0.824
4740.000 0.763
4750.000 0.666
4760.000 0.624
4770.000 0.552
4780.000 0.500
4790.000 0.477
4800.000 0.444
4810.000 0.430
4820.000 0.413
4830.000 0.403
4840.000 0.401
4850.000 0.403
4860.000 0.409
4870.000 0.420
4880.000 0.437
4890.000 0.448
4900.000 0.478
4910.000 0.493
4920.000 0.533
4930.000 0.577
4940.000 0.597
4950.000 0.658
4960.000 0.690
4970.000 0.771
4980.000 0.834
4990.000 0.867
5000.000 0.956
5010.000 0.987
5020.000 1.090
5030.000 1.213
5040.000 1.294
5050.000 1.471
5060.000 1.575
5070.000 1.856
5080.000 2.016
5090.000 2.428
5100.000 3.012
5110.000 3.391
5120.000 4.414
5130.000 5.095
5140.000 6.999
5150.000 9.835
5160.000 11.683
5170.000 16.362
5180.000 19.325
5190.000 25.812
5200.000 26.661
5210.000 21.864
5220.000 13.122
5230.000 10.457
5240.000 6.933
5250.000 4.820
5260.000 4.116
5270.000 3.120
5280.000 2.754
5290.000 2.199
5300.000 1.810
5310.000 1.662
5320.000 1.427
5330.000 1.332
5340.000 1.169
5350.000 1.046
5360.000 0.993
5370.000 0.908
5380.000 0.874
5390.000 0.811
5400.000 0.766
5410.000 0.744
5420.000 0.710
5430.000 0.694
5440.000 0.673
5450.000 0.654
5460.000 0.648
5470.000 0.636
5480.000 0.632
5490.000 0.626
5500.000 0.627
5510.000 0.625
5520.000 0.632
5530.000 0.633
5540.000 0.644
5550.000 0.656
5560.000 0.666
5570.000 0.687
5580.000 0.699
5590.000 0.725
5600.000 0.762
5610.000 0.785
5620.000 0.837
5630.000 0.871
5640.000 0.941
5650.000 1.033
5660.000 1.095
5670.000 1.233
5680.000 1.329
5690.000 1.609
5700.000 2.090
5710.000 2.475
5720.000 3.838
5730.000 4.976
5740.000 8.513
5750.000 13.667
5760.000 16.630
5770.000 20.395
5780.000 18.462
5790.000 10.077
5800.000 6.075
5810.000 4.869
5820.000 3.324
5830.000 2.828
5840.000 2.129
5850.000 1.679
5860.000 1.509
5870.000 1.253
5880.000 1.159
5890.000 1.007
5900.000 0.896
5910.000 0.848
5920.000 0.765
5930.000 0.734
5940.000 0.678
5950.000 0.631
5960.000 0.610
5970.000 0.587
5980.000 0.564
5990.000 0.538
6000.000 0.529
6010.000 0.511
6020.000 0.499
6030.000 0.491
6040.000 0.486
6050.000 0.485
6060.000 0.481
6070.000 0.484
6080.000 0.487
6090.000 0.484
6100.000 0.490
6110.000 0.493
6120.000 0.502
6130.000 0.507
6140.000 0.519
6150.000 0.536
6160.000 0.544
6170.000 0.563
6180.000 0.576
6190.000 0.609
6200.000 0.648
6210.000 0.672
6220.000 0.728
6230.000 0.767
6240.000 0.862
6250.000 0.975
6260.000 1.079
6270.000 1.343
6280.000 1.551
6290.000 2.275
6300.000 2.917
6310.000 5.113
6320.000 8.693
6330.000 11.076
6340.000 15.535
6350.000 15.715
6360.000 9.616
6370.000 5.693
6380.000 4.554
6390.000 3.092
6400.000 2.649
6410.000 2.000
6420.000 1.571
6430.000 1.418
6440.000 1.186
6450.000 1.095
6460.000 0.956
6470.000 0.862
6480.000 0.819
6490.000 0.755
6500.000 0.730
6510.000 0.680
6520.000 0.644
6530.000 0.631
6540.000 0.602
6550.000 0.593
6560.000 0.576
6570.000 0.561
6580.000 0.556
6590.000 0.543
6600.000 0.540
6610.000 0.534
6620.000 0.533
6630.000 0.531
6640.000 0.531
6650.000 0.532
6660.000 0.538
6670.000 0.543
6680.000 0.544
6690.000 0.556
6700.000 0.562
6710.000 0.574
6720.000 0.593
6730.000 0.605
6740.000 0.628
6750.000 0.646
6760.000 0.672
6770.000 0.715
6780.000 0.741
6790.000 0.799
6800.000 0.835
6810.000 0.940
6820.000 1.078
6830.000 1.171
6840.000 1.437
6850.000 1.667
6860.000 2.313
6870.000 3.363
6880.000 4.168
6890.000 6.577
6900.000 8.276
6910.000 12.226
6920.000 12.555
6930.000 9.876
6940.000 5.441
6950.000 4.224
6960.000 2.726
6970.000 1.924
6980.000 1.647
6990.000 1.271
7000.000 1.132
7010.000 0.912
7020.000 0.765
7030.000 0.720
7040.000 0.632
7050.000 0.589
7060.000 0.534
7070.000 0.485
7080.000 0.462
7090.000 0.429
7100.000 0.414
7110.000 0.389
7120.000 0.370
7130.000 0.362
7140.000 0.347
7150.000 0.345
7160.000 0.333
7170.000 0.323
7180.000 0.319
7190.000 0.312
7200.000 0.313
7210.000 0.309
7220.000 0.307
7230.000 0.306
7240.000 0.308
7250.000 0.310
7260.000 0.312
7270.000 0.315
7280.000 0.319
7290.000 0.325
7300.000 0.331
7310.000 0.344
7320.000 0.357
7330.000 0.367
7340.000 0.390
7350.000 0.401
7360.000 0.435
7370.000 0.478
7380.000 0.516
7390.000 0.599
7400.000 0.656
7410.000 0.795
7420.000 1.016
7430.000 1.196
7440.000 1.854
7450.000 2.401
7460.000 4.076
7470.000 5.165
7480.000 7.926
7490.000 10.213
7500.000 9.517
7510.000 5.826
7520.000 4.633
7530.000 3.102
7540.000 2.208
7550.000 1.903
7560.000 1.474
7570.000 1.318
7580.000 1.095
7590.000 0.904
7600.000 0.843
7610.000 0.750
7620.000 0.716
7630.000 0.661
7640.000 0.619
7650.000 0.602
7660.000 0.573
7670.000 0.560
7680.000 0.534
7690.000 0.514
7700.000 0.508
7710.000 0.499
7720.000 0.494
7730.000 0.483
7740.000 0.477
7750.000 0.472
7760.000 0.469
7770.000 0.469
7780.000 0.471
7790.000 0.470
7800.000 0.470
7810.000 0.475
7820.000 0.480
7830.000 0.484
7840.000 0.489
7850.000 0.495
7860.000 0.508
7870.000 0.514
7880.000 0.531
7890.000 0.553
7900.000 0.564
7910.000 0.588
7920.000 0.610
7930.000 0.646
7940.000 0.695
7950.000 0.728
7960.000 0.813
7970.000 0.870
7980.000 1.022
7990.000 1.219
8000.000 1.364
8010.000 1.772
8020.000 2.114
8030.000 2.925
8040.000 3.821
8050.000 4.858
8060.000 7.428
8070.000 7.982
8080.000 5.484
8090.000 2.990
8100.000 2.311
8110.000 1.502
8120.000 1.256
8130.000 0.956
8140.000 0.836
8150.000 0.757
8160.000 0.587
8170.000 0.528
8180.000 0.437
8190.000 0.375
8200.000 0.349
8210.000 0.310
8220.000 0.290
8230.000 0.265
8240.000 0.242
8250.000 0.234
8260.000 0.216
8270.000 0.212
8280.000 0.206
8290.000 0.202
8300.000 0.199
8310.000 0.191
8320.000 0.188
8330.000 0.185
8340.000 0.177
8350.000 0.176
8360.000 0.175
8370.000 0.172
8380.000 0.172
8390.000 0.172
8400.000 0.172
8410.000 0.173
8420.000 0.175
8430.000 0.176
8440.000 0.177
8450.000 0.173
8460.000 0.162
8470.000 0.163
8480.000 0.182
8490.000 0.203
8500.000 0.216
8510.000 0.242
8520.000 0.259
8530.000 0.301
8540.000 0.359
8550.000 0.393
8560.000 0.487
8570.000 0.552
8580.000 0.750
8590.000 1.147
8600.000 1.505
8610.000 2.732
8620.000 3.589
8630.000 5.646
8640.000 6.534
8650.000 6.270
8660.000 4.111
8670.000 3.444
8680.000 2.597
8690.000 2.255
8700.000 1.710
8710.000 1.345
8720.000 1.208
8730.000 1.009
8740.000 0.934
8750.000 0.813
8760.000 0.730
8770.000 0.699
8780.000 0.651
8790.000 0.633
8800.000 0.600
8810.000 0.574
8820.000 0.563
8830.000 0.553
8840.000 0.552
8850.000 0.538
8860.000 0.522
8870.000 0.515
8880.000 0.506
8890.000 0.501
8900.000 0.495
8910.000 0.494
8920.000 0.494
8930.000 0.493
8940.000 0.494
8950.000 0.496
8960.000 0.497
8970.000 0.503
8980.000 0.512
8990.000 0.516
9000.000 0.520
9010.000 0.528
9020.000 0.538
9030.000 0.555
9040.000 0.570
9050.000 0.589
9060.000 0.624
9070.000 0.635
9080.000 0.687
9090.000 0.718
9100.000 0.773
9110.000 0.818
9120.000 0.844
9130.000 0.928
9140.000 0.984
9150.000 1.155
9160.000 1.458
9170.000 1.682
9180.000 2.299
9190.000 2.611
9200.000 3.334
9210.000 4.899
9220.000 5.260
9230.000 3.522
9240.000 2.583
9250.000 1.508
9260.000 0.974
9270.000 0.802
9280.000 0.574
9290.000 0.495
9300.000 0.372
9310.000 0.290
9320.000 0.257
9330.000 0.210
9340.000 0.189
9350.000 0.157
9360.000 0.135
9370.000 0.125
9380.000 0.111
9390.000 0.105
9400.000 0.094
9410.000 0.088
9420.000 0.086
9430.000 0.080
9440.000 0.078
9450.000 0.074
9460.000 0.071
9470.000 0.070
9480.000 0.067
9490.000 0.061
9500.000 0.059
9510.000 0.062
9520.000 0.058
9530.000 0.058
9540.000 0.058
9550.000 0.055
9560.000 0.056
9570.000 0.053
9580.000 0.051
9590.000 0.049
9600.000 0.046
9610.000 0.048
9620.000 0.051
9630.000 0.056
9640.000 0.057
9650.000 0.069
9660.000 0.088
9670.000 0.099
9680.000 0.125
9690.000 0.145
9700.000 0.192
9710.000 0.269
9720.000 0.329
9730.000 0.523
9740.000 0.695
9750.000 1.236
9760.000 2.260
9770.000 2.951
9780.000 4.231
9790.000 4.475
9800.000 3.549
9810.000 2.620
9820.000 2.346
9830.000 1.949
9840.000 1.728
9850.000 1.370
9860.000 1.230
9870.000 1.012
9880.000 0.860
9890.000 0.798
9900.000 0.794
9910.000 0.825
9920.000 0.773
9930.000 0.674
9940.000 0.644
9950.000 0.582
9960.000 0.555
9970.000 0.511
9980.000 0.488
9990.000 0.480
10000.000 0.462
10010.000 0.464
10020.000 0.445
10030.000 0.448
10040.000 0.438
10050.000 0.440
10060.000 0.438
10070.000 0.441
10080.000 0.444
10090.000 0.441
10100.000 0.433
10110.000 0.444
10120.000 0.439
10130.000 0.440
10140.000 0.437
10150.000 0.446
10160.000 0.452
10170.000 0.468
10180.000 0.487
10190.000 0.505
10200.000 0.508
10210.000 0.517
10220.000 0.534
10230.000 0.556
10240.000 0.571
10250.000 0.606
10260.000 0.622
10270.000 0.665
10280.000 0.713
10290.000 0.746
10300.000 0.847
10310.000 0.931
10320.000 1.135
10330.000 1.556
10340.000 1.885
10350.000 2.727
10360.000 2.889
10370.000 2.456
10380.000 1.368
10390.000 0.961
10400.000 0.604
10410.000 0.484
10420.000 0.308
10430.000 0.255
10440.000 0.174
10450.000 0.121
10460.000 0.102
10470.000 0.072
10480.000 0.061
10490.000 0.051
10500.000 0.043
10510.000 0.039
10520.000 0.039
10530.000 0.041
10540.000 0.053
10550.000 0.059
10560.000 0.061
10570.000 0.063
10580.000 0.065
10590.000 0.067
10600.000 0.068
10610.000 0.069
10620.000 0.069
10630.000 0.068
10640.000 0.071
10650.000 0.071
10660.000 0.073
10670.000 0.071
10680.000 0.072
10690.000 0.071
10700.000 0.069
10710.000 0.066
10720.000 0.065
10730.000 0.062
10740.000 0.060
10750.000 0.056
10760.000 0.051
10770.000 0.049
10780.000 0.041
10790.000 0.040
10800.000 0.033
10810.000 0.031
10820.000 0.037
10830.000 0.049
10840.000 0.059
10850.000 0.090
10860.000 0.110
10870.000 0.176
10880.000 0.312
10890.000 0.442
10900.000 0.806
10910.000 1.016
10920.000 1.436
10930.000 2.069
10940.000 2.437
10950.000 2.557
10960.000 2.286
10970.000 1.759
10980.000 1.428
10990.000 1.305
11000.000 1.114
11010.000 1.046
11020.000 0.930
11030.000 0.889
11040.000 0.812
11050.000 0.734
11060.000 0.701
11070.000 0.639
11080.000 0.614
11090.000 0.566
11100.000 0.522
11110.000 0.504
11120.000 0.471
11130.000 0.457
11140.000 0.430
11150.000 0.410
11160.000 0.400
11170.000 0.389
11180.000 0.386
11190.000 0.383
11200.000 0.381
11210.000 0.378
11220.000 0.380
11230.000 0.378
11240.000 0.379
11250.000 0.381
11260.000 0.380
11270.000 0.387
11280.000 0.394
11290.000 0.395
11300.000 0.396
11310.000 0.395
11320.000 0.400
11330.000 0.401
11340.000 0.411
11350.000 0.417
11360.000 0.420
11370.000 0.434
11380.000 0.446
11390.000 0.468
11400.000 0.488
11410.000 0.496
11420.000 0.514
11430.000 0.533
11440.000 0.570
11450.000 0.632
11460.000 0.676
11470.000 0.800
11480.000 0.890
11490.000 1.151
11500.000 1.447
11510.000 1.473
11520.000 1.098
11530.000 0.818
11540.000 0.436
11550.000 0.239
11560.000 0.177
11570.000 0.091
11580.000 0.061
11590.000 0.019
11600.000 0.020
11610.000 0.032
11620.000 0.049
11630.000 0.055
11640.000 0.066
11650.000 0.074
11660.000 0.080
11670.000 0.089
11680.000 0.092
11690.000 0.103
11700.000 0.106
11710.000 0.109
11720.000 0.116
11730.000 0.117
11740.000 0.123
11750.000 0.129
11760.000 0.128
11770.000 0.169
11780.000 0.175
11790.000 0.162
11800.000 0.157
11810.000 0.153
11820.000 0.145
11830.000 0.142
11840.000 0.136
11850.000 0.137
11860.000 0.133
11870.000 0.130
11880.000 0.129
11890.000 0.124
11900.000 0.123
11910.000 0.119
11920.000 0.113
11930.000 0.112
11940.000 0.110
11950.000 0.110
11960.000 0.103
11970.000 0.098
11980.000 0.091
11990.000 0.093
12000.000 0.096
