110.000 0.836
120.000 0.783
130.000 2.029
140.000 2.995
150.000 3.343
160.000 3.927
170.000 4.184
180.000 4.307
190.000 3.902
200.000 3.862
210.000 3.897
220.000 3.978
230.000 4.312
240.000 4.250
250.000 4.016
260.000 3.537
270.000 3.623
280.000 4.438
290.000 5.623
300.000 6.288
310.000 8.363
320.000 9.618
330.000 12.498
340.000 16.242
350.000 18.729
360.000 26.361
370.000 34.297
380.000 46.604
390.000 61.107
400.000 68.329
410.000 66.861
420.000 65.513
430.000 51.288
440.000 40.158
450.000 37.326
460.000 32.673
470.000 30.166
480.000 24.649
490.000 18.802
500.000 16.011
510.000 11.853
520.000 10.241
530.000 7.784
540.000 6.098
550.000 5.492
560.000 4.485
570.000 4.100
580.000 3.481
590.000 3.041
600.000 2.861
610.000 2.567
620.000 2.436
630.000 2.284
640.000 2.183
650.000 2.144
660.000 2.102
670.000 2.103
680.000 2.096
690.000 2.140
700.000 2.179
710.000 2.313
720.000 2.421
730.000 2.771
740.000 3.409
750.000 3.948
760.000 6.406
770.000 9.064
780.000 17.779
790.000 25.429
800.000 20.693
810.000 7.236
820.000 5.279
830.000 3.260
840.000 2.221
850.000 1.888
860.000 1.427
870.000 1.262
880.000 1.005
890.000 0.860
900.000 0.782
910.000 0.669
920.000 0.626
930.000 0.551
940.000 0.501
950.000 0.481
960.000 0.450
970.000 0.427
980.000 0.405
990.000 0.392
1000.000 0.388
1010.000 0.383
1020.000 0.376
1030.000 0.380
1040.000 0.380
1050.000 0.384
1060.000 0.400
1070.000 0.413
1080.000 0.454
1090.000 0.493
1100.000 0.524
1110.000 0.615
1120.000 0.669
1130.000 0.855
1140.000 1.213
1150.000 1.526
1160.000 2.843
1170.000 4.171
1180.000 4.111
1190.000 1.665
1200.000 1.314
1210.000 0.943
1220.000 0.839
1230.000 0.686
1240.000 0.639
1250.000 0.562
1260.000 0.510
1270.000 0.497
1280.000 0.466
1290.000 0.459
1300.000 0.444
1310.000 0.439
1320.000 0.436
1330.000 0.437
1340.000 0.444
1350.000 0.446
1360.000 0.463
1370.000 0.473
1380.000 0.496
1390.000 0.511
1400.000 0.548
1410.000 0.592
1420.000 0.618
1430.000 0.682
1440.000 0.710
1450.000 0.816
1460.000 0.949
1470.000 1.029
1480.000 1.252
1490.000 1.401
1500.000 1.885
1510.000 2.955
1520.000 4.055
1530.000 8.491
1540.000 12.056
1550.000 20.715
1560.000 14.455
1570.000 9.992
1580.000 6.219
1590.000 5.111
1600.000 3.665
1610.000 2.788
1620.000 2.477
1630.000 1.994
1640.000 1.810
1650.000 1.520
1660.000 1.310
1670.000 1.233
1680.000 1.146
1690.000 1.134
1700.000 1.165
1710.000 1.251
1720.000 1.301
1730.000 1.425
1740.000 1.510
1750.000 1.703
1760.000 1.945
1770.000 2.076
1780.000 2.402
1790.000 2.597
1800.000 3.058
1810.000 3.596
1820.000 3.816
1830.000 4.434
1840.000 4.843
1850.000 5.918
1860.000 7.588
1870.000 9.075
1880.000 11.679
1890.000 13.287
1900.000 18.805
1910.000 27.316
1920.000 30.999
1930.000 34.431
1940.000 32.714
1950.000 23.465
1960.000 16.300
1970.000 13.754
1980.000 10.109
1990.000 8.818
2000.000 6.892
2010.000 5.617
2020.000 5.134
2030.000 4.403
2040.000 4.100
2050.000 3.660
2060.000 3.316
2070.000 3.198
2080.000 3.039
2090.000 2.948
2100.000 2.784
2110.000 2.664
2120.000 2.619
2130.000 2.593
2140.000 2.570
2150.000 2.568
2160.000 2.624
2170.000 2.655
2180.000 2.769
2190.000 2.839
2200.000 3.064
2210.000 3.270
2220.000 3.396
2230.000 3.742
2240.000 3.963
2250.000 4.655
2260.000 5.710
2270.000 6.469
2280.000 8.776
2290.000 10.514
2300.000 15.532
2310.000 22.165
2320.000 25.414
2330.000 28.387
2340.000 26.034
2350.000 16.410
2360.000 10.482
2370.000 8.612
2380.000 6.190
2390.000 5.382
2400.000 4.234
2410.000 3.774
2420.000 3.151
2430.000 2.709
2440.000 2.531
2450.000 2.240
2460.000 2.122
2470.000 1.926
2480.000 1.777
2490.000 1.722
2500.000 1.628
2510.000 1.591
2520.000 1.534
2530.000 1.323
2540.000 1.316
2550.000 1.315
2560.000 1.321
2570.000 1.345
2580.000 1.405
2590.000 1.436
2600.000 1.519
2610.000 1.584
2620.000 1.745
2630.000 1.978
2640.000 2.154
2650.000 2.718
2660.000 3.199
2670.000 4.897
2680.000 8.473
2690.000 11.058
2700.000 17.111
2710.000 19.760
2720.000 17.396
2730.000 8.712
2740.000 6.589
2750.000 4.139
2760.000 3.416
2770.000 2.470
2780.000 1.885
2790.000 1.675
2800.000 1.368
2810.000 1.250
2820.000 1.070
2830.000 0.938
2840.000 0.888
2850.000 0.804
2860.000 0.770
2870.000 0.718
2880.000 0.682
2890.000 0.666
2900.000 0.648
2910.000 0.641
2920.000 0.639
2930.000 0.643
2940.000 0.650
2950.000 0.668
2960.000 0.685
2970.000 0.725
2980.000 0.788
2990.000 0.824
3000.000 0.932
3010.000 1.005
3020.000 1.214
3030.000 1.353
3040.000 1.809
3050.000 2.711
3060.000 3.547
3070.000 6.974
3080.000 9.864
3090.000 15.694
3100.000 13.342
3110.000 8.629
3120.000 4.864
3130.000 3.839
3140.000 2.570
3150.000 1.872
3160.000 1.633
3170.000 1.295
3180.000 1.173
3190.000 0.982
3200.000 0.846
3210.000 0.797
3220.000 0.715
3230.000 0.682
3240.000 0.628
3250.000 0.591
3260.000 0.574
3270.000 0.550
3280.000 0.544
3290.000 0.531
3300.000 0.528
3310.000 0.530
3320.000 0.537
3330.000 0.544
3340.000 0.564
3350.000 0.592
3360.000 0.611
3370.000 0.664
3380.000 0.699
3390.000 0.788
3400.000 0.940
3410.000 1.048
3420.000 1.344
3430.000 1.577
3440.000 2.394
3450.000 4.204
3460.000 5.949
3470.000 10.940
3480.000 11.775
3490.000 6.151
3500.000 3.326
3510.000 2.596
3520.000 1.717
3530.000 1.448
3540.000 1.086
3550.000 0.859
3560.000 0.777
3570.000 0.653
3580.000 0.606
3590.000 0.526
3600.000 0.477
3610.000 0.456
3620.000 0.426
3630.000 0.412
3640.000 0.396
3650.000 0.388
3660.000 0.383
3670.000 0.380
3680.000 0.385
3690.000 0.394
3700.000 0.409
3710.000 0.420
3720.000 0.449
3730.000 0.465
3740.000 0.513
3750.000 0.583
3760.000 0.630
3770.000 0.746
3780.000 0.816
3790.000 1.014
3800.000 1.350
3810.000 1.615
3820.000 2.487
3830.000 3.842
3840.000 7.597
3850.000 12.920
3860.000 13.895
3870.000 7.811
3880.000 5.581
3890.000 3.328
3900.000 2.230
3910.000 1.882
3920.000 1.426
3930.000 1.267
3940.000 1.041
3950.000 0.874
3960.000 0.812
3970.000 0.729
3980.000 0.680
3990.000 0.623
4000.000 0.589
4010.000 0.562
4020.000 0.548
4030.000 0.536
4040.000 0.525
4050.000 0.500
4060.000 0.504
4070.000 0.503
4080.000 0.513
4090.000 0.527
4100.000 0.548
4110.000 0.557
4120.000 0.592
4130.000 0.613
4140.000 0.676
4150.000 0.765
4160.000 0.827
4170.000 1.015
4180.000 1.132
4190.000 1.522
4200.000 1.819
4210.000 2.813
4220.000 4.762
4230.000 6.485
4240.000 9.817
4250.000 8.530
4260.000 3.777
4270.000 2.113
4280.000 1.661
4290.000 1.108
4300.000 0.935
4310.000 0.698
4320.000 0.555
4330.000 0.507
4340.000 0.426
4350.000 0.398
4360.000 0.353
4370.000 0.322
4380.000 0.314
4390.000 0.294
4400.000 0.286
4410.000 0.271
4420.000 0.261
4430.000 0.261
4440.000 0.256
4450.000 0.252
4460.000 0.255
4470.000 0.248
4480.000 0.260
4490.000 0.274
4500.000 0.280
4510.000 0.304
4520.000 0.344
4530.000 0.369
4540.000 0.443
4550.000 0.502
4560.000 0.689
4570.000 1.096
4580.000 1.462
4590.000 2.597
4600.000 3.399
4610.000 6.084
4620.000 10.350
4630.000 10.244
4640.000 5.616
4650.000 4.482
4660.000 3.082
4670.000 2.268
4680.000 1.977
4690.000 1.549
4700.000 1.394
4710.000 1.153
4720.000 0.986
4730.000 0.903
4740.000 0.795
4750.000 0.749
4760.000 0.666
4770.000 0.608
4780.000 0.581
4790.000 0.543
4800.000 0.529
4810.000 0.508
4820.000 0.505
4830.000 0.509
4840.000 0.527
4850.000 0.540
4860.000 0.585
4870.000 0.650
4880.000 0.689
4890.000 0.801
4900.000 0.861
4910.000 1.002
4920.000 1.236
4930.000 1.383
4940.000 1.849
4950.000 2.196
4960.000 3.264
4970.000 5.115
4980.000 6.548
4990.000 11.357
5000.000 14.435
5010.000 16.484
5020.000 9.684
5030.000 7.582
5040.000 4.999
5050.000 4.161
5060.000 3.065
5070.000 2.372
5080.000 2.134
5090.000 1.789
5100.000 1.670
5110.000 1.481
5120.000 1.357
5130.000 1.307
5140.000 1.228
5150.000 1.197
5160.000 1.170
5170.000 1.165
5180.000 1.165
5190.000 1.187
5200.000 1.195
5210.000 1.235
5220.000 1.287
5230.000 1.306
5240.000 1.363
5250.000 1.393
5260.000 1.465
5270.000 1.569
5280.000 1.638
5290.000 1.811
5300.000 1.935
5310.000 2.272
5320.000 2.833
5330.000 3.264
5340.000 4.660
5350.000 5.790
5360.000 9.648
5370.000 16.119
5380.000 20.321
5390.000 24.410
5400.000 21.023
5410.000 10.686
5420.000 8.162
5430.000 5.147
5440.000 3.552
5450.000 3.043
5460.000 2.329
5470.000 2.074
5480.000 1.687
5490.000 1.421
5500.000 1.324
5510.000 1.161
5520.000 1.101
5530.000 0.999
5540.000 0.918
5550.000 0.883
5560.000 0.830
5570.000 0.809
5580.000 0.781
5590.000 0.758
5600.000 0.754
5610.000 0.746
5620.000 0.747
5630.000 0.757
5640.000 0.778
5650.000 0.793
5660.000 0.839
5670.000 0.873
5680.000 0.951
5690.000 1.070
5700.000 1.154
5710.000 1.407
5720.000 1.612
5730.000 2.387
5740.000 4.334
5750.000 6.050
5760.000 10.866
5770.000 13.444
5780.000 13.516
5790.000 6.876
5800.000 5.184
5810.000 3.226
5820.000 2.645
5830.000 1.903
5840.000 1.454
5850.000 1.295
5860.000 1.060
5870.000 0.975
5880.000 0.845
5890.000 0.753
5900.000 0.719
5910.000 0.663
5920.000 0.643
5930.000 0.605
5940.000 0.578
5950.000 0.571
5960.000 0.554
5970.000 0.547
5980.000 0.546
5990.000 0.542
6000.000 0.554
6010.000 0.568
6020.000 0.569
6030.000 0.600
6040.000 0.630
6050.000 0.644
6060.000 0.706
6070.000 0.738
6080.000 0.838
6090.000 1.004
6100.000 1.132
6110.000 1.587
6120.000 2.024
6130.000 3.869
6140.000 7.297
6150.000 9.094
6160.000 9.370
6170.000 6.765
6180.000 3.565
6190.000 2.200
6200.000 1.795
6210.000 1.274
6220.000 1.101
6230.000 0.858
6240.000 0.698
6250.000 0.639
6260.000 0.552
6270.000 0.521
6280.000 0.469
6290.000 0.430
6300.000 0.413
6310.000 0.392
6320.000 0.383
6330.000 0.379
6340.000 0.366
6350.000 0.361
6360.000 0.349
6370.000 0.348
6380.000 0.346
6390.000 0.352
6400.000 0.355
6410.000 0.365
6420.000 0.378
6430.000 0.398
6440.000 0.429
6450.000 0.452
6460.000 0.509
6470.000 0.548
6480.000 0.658
6490.000 0.868
6500.000 1.051
6510.000 1.893
6520.000 2.817
6530.000 5.709
6540.000 6.874
6550.000 5.459
6560.000 2.813
6570.000 2.207
6580.000 1.484
6590.000 1.262
6600.000 0.959
6610.000 0.772
6620.000 0.706
6630.000 0.607
6640.000 0.568
6650.000 0.515
6660.000 0.475
6670.000 0.461
6680.000 0.438
6690.000 0.427
6700.000 0.414
6710.000 0.405
6720.000 0.402
6730.000 0.400
6740.000 0.400
6750.000 0.400
6760.000 0.407
6770.000 0.414
6780.000 0.424
6790.000 0.431
6800.000 0.965
6810.000 1.099
6820.000 1.161
6830.000 1.330
6840.000 1.443
6850.000 1.796
6860.000 2.415
6870.000 2.875
6880.000 4.059
6890.000 4.929
6900.000 7.317
6910.000 10.611
6920.000 11.862
6930.000 9.300
6940.000 6.862
6950.000 4.118
6960.000 2.659
6970.000 2.183
6980.000 1.566
6990.000 1.372
7000.000 1.065
7010.000 0.875
7020.000 0.794
7030.000 0.697
7040.000 0.662
7050.000 0.577
7060.000 0.539
7070.000 0.519
7080.000 0.490
7090.000 0.474
7100.000 0.460
7110.000 0.444
7120.000 0.440
7130.000 0.436
7140.000 0.430
7150.000 0.435
7160.000 0.443
7170.000 0.450
7180.000 0.469
7190.000 0.478
7200.000 0.518
7210.000 0.565
7220.000 0.601
7230.000 0.710
7240.000 0.800
7250.000 1.099
7260.000 1.772
7270.000 2.402
7280.000 4.433
7290.000 5.745
7300.000 8.461
7310.000 8.077
7320.000 6.142
7330.000 3.753
7340.000 3.028
7350.000 2.136
7360.000 1.618
7370.000 1.442
7380.000 1.177
7390.000 1.089
7400.000 0.940
7410.000 0.842
7420.000 0.807
7430.000 0.754
7440.000 0.733
7450.000 0.697
7460.000 0.669
7470.000 0.654
7480.000 0.641
7490.000 0.637
7500.000 0.634
7510.000 0.639
7520.000 0.646
7530.000 0.660
7540.000 0.669
7550.000 0.688
7560.000 0.730
7570.000 0.752
7580.000 0.817
7590.000 0.860
7600.000 0.980
7610.000 1.140
7620.000 1.239
7630.000 1.535
7640.000 1.757
7650.000 2.600
7660.000 4.254
7670.000 5.464
7680.000 8.015
7690.000 8.397
7700.000 5.304
7710.000 2.869
7720.000 2.201
7730.000 1.447
7740.000 1.215
7750.000 0.888
7760.000 0.787
7770.000 0.629
7780.000 0.523
7790.000 0.485
7800.000 0.422
7810.000 0.397
7820.000 0.361
7830.000 0.330
7840.000 0.322
7850.000 0.302
7860.000 0.298
7870.000 0.287
7880.000 0.276
7890.000 0.271
7900.000 0.273
7910.000 0.272
7920.000 0.275
7930.000 0.280
7940.000 0.286
7950.000 0.308
7960.000 0.315
7970.000 0.337
7980.000 0.387
7990.000 0.428
8000.000 0.528
8010.000 0.610
8020.000 0.854
8030.000 1.406
8040.000 1.777
8050.000 3.217
8060.000 4.328
8070.000 5.879
8080.000 4.386
8090.000 3.367
8100.000 2.405
8110.000 2.251
8120.000 1.734
8130.000 1.322
8140.000 1.178
8150.000 0.976
8160.000 0.905
8170.000 0.789
8180.000 0.736
8190.000 0.731
8200.000 0.693
8210.000 0.674
8220.000 0.641
8230.000 0.626
8240.000 0.619
8250.000 0.618
8260.000 0.620
8270.000 0.627
8280.000 0.608
8290.000 0.597
8300.000 0.605
8310.000 0.616
8320.000 0.643
8330.000 0.683
8340.000 0.704
8350.000 0.769
8360.000 0.814
8370.000 0.898
8380.000 1.009
8390.000 1.070
8400.000 1.266
8410.000 1.458
8420.000 2.130
8430.000 3.498
8440.000 4.506
8450.000 6.242
8460.000 6.190
8470.000 3.577
8480.000 1.951
8490.000 1.521
8500.000 0.993
8510.000 0.835
8520.000 0.613
8530.000 0.471
8540.000 0.419
8550.000 0.341
8560.000 0.311
8570.000 0.267
8580.000 0.237
8590.000 0.225
8600.000 0.202
8610.000 0.197
8620.000 0.185
8630.000 0.177
8640.000 0.172
8650.000 0.165
8660.000 0.165
8670.000 0.163
8680.000 0.164
8690.000 0.161
8700.000 0.163
8710.000 0.165
8720.000 0.174
8730.000 0.192
8740.000 0.206
8750.000 0.240
8760.000 0.272
8770.000 0.354
8780.000 0.502
8790.000 0.617
8800.000 1.059
8810.000 1.517
8820.000 3.060
8830.000 4.709
8840.000 5.107
8850.000 4.107
8860.000 3.331
8870.000 2.329
8880.000 1.724
8890.000 1.505
8900.000 1.202
8910.000 1.092
8920.000 0.913
8930.000 0.792
8940.000 0.741
8950.000 0.672
8960.000 0.647
8970.000 0.625
8980.000 0.619
8990.000 0.588
9000.000 0.584
9010.000 0.574
9020.000 0.567
9030.000 0.564
9040.000 0.576
9050.000 0.581
9060.000 0.586
9070.000 0.596
9080.000 0.601
9090.000 0.627
9100.000 0.668
9110.000 0.682
9120.000 0.731
9130.000 0.761
9140.000 0.825
9150.000 0.921
9160.000 0.995
9170.000 1.220
9180.000 1.388
9190.000 1.830
9200.000 2.508
9210.000 3.153
9220.000 4.136
9230.000 3.720
9240.000 1.981
9250.000 1.098
9260.000 0.852
9270.000 0.555
9280.000 0.458
9290.000 0.326
9300.000 0.243
9310.000 0.213
9320.000 0.169
9330.000 0.155
9340.000 0.132
9350.000 0.117
9360.000 0.112
9370.000 0.101
9380.000 0.097
9390.000 0.088
9400.000 0.080
9410.000 0.081
9420.000 0.080
9430.000 0.078
9440.000 0.072
9450.000 0.069
9460.000 0.067
9470.000 0.063
9480.000 0.060
9490.000 0.063
9500.000 0.073
9510.000 0.085
9520.000 0.118
9530.000 0.140
9540.000 0.258
9550.000 0.345
9560.000 0.641
9570.000 1.199
9580.000 1.487
9590.000 2.490
9600.000 2.873
9610.000 3.405
9620.000 2.965
9630.000 2.518
9640.000 1.890
9650.000 1.668
9660.000 1.330
9670.000 1.092
9680.000 0.995
9690.000 0.851
9700.000 0.796
9710.000 0.701
9720.000 0.631
9730.000 0.604
9740.000 0.559
9750.000 0.544
9760.000 0.524
9770.000 0.512
9780.000 0.512
9790.000 0.506
9800.000 0.506
9810.000 0.510
9820.000 0.517
9830.000 0.520
9840.000 0.530
9850.000 0.536
9860.000 0.547
9870.000 0.575
9880.000 0.589
9890.000 0.624
9900.000 0.645
9910.000 0.695
9920.000 0.763
9930.000 0.815
9940.000 0.968
9950.000 1.099
9960.000 1.523
9970.000 2.271
9980.000 2.646
9990.000 2.386
10000.000 1.769
10010.000 0.867
10020.000 0.479
10030.000 0.364
10040.000 0.239
10050.000 0.215
10060.000 0.169
10070.000 0.109
10080.000 0.090
10090.000 0.069
10100.000 0.069
10110.000 0.066
10120.000 0.066
10130.000 0.069
10140.000 0.068
10150.000 0.069
10160.000 0.071
10170.000 0.070
10180.000 0.068
10190.000 0.069
10200.000 0.068
10210.000 0.063
10220.000 0.057
10230.000 0.052
10240.000 0.044
10250.000 0.036
10260.000 0.023
10270.000 0.011
10280.000 0.022
10290.000 0.041
10300.000 0.057
10310.000 0.111
10320.000 0.217
10330.000 0.327
10340.000 0.766
10350.000 1.119
10360.000 2.141
10370.000 2.764
10380.000 2.601
10390.000 1.965
10400.000 1.732
10410.000 1.417
10420.000 1.218
10430.000 1.135
10440.000 1.024
10450.000 0.975
10460.000 0.893
10470.000 0.829
10480.000 0.798
10490.000 0.740
10500.000 0.721
10510.000 0.680
10520.000 0.629
10530.000 0.600
10540.000 0.548
10550.000 0.531
10560.000 0.509
10570.000 0.489
10580.000 0.485
10590.000 0.479
10600.000 0.479
10610.000 0.486
10620.000 0.495
10630.000 0.504
10640.000 0.521
10650.000 0.532
10660.000 0.560
10670.000 0.596
10680.000 0.622
10690.000 0.681
10700.000 0.723
10710.000 0.833
10720.000 1.049
10730.000 1.237
10740.000 1.642
10750.000 1.735
10760.000 1.246
10770.000 0.875
10780.000 0.435
10790.000 0.243
10800.000 0.181
10810.000 0.094
10820.000 0.066
10830.000 0.041
10840.000 0.051
10850.000 0.058
10860.000 0.070
10870.000 0.077
10880.000 0.085
10890.000 0.092
10900.000 0.094
10910.000 0.100
10920.000 0.098
10930.000 0.105
10940.000 0.104
10950.000 0.109
10960.000 0.108
10970.000 0.107
10980.000 0.105
10990.000 0.099
11000.000 0.097
11010.000 0.092
11020.000 0.090
11030.000 0.080
11040.000 0.071
11050.000 0.066
11060.000 0.061
11070.000 0.069
11080.000 0.106
11090.000 0.198
11100.000 0.300
11110.000 0.661
11120.000 0.915
11130.000 1.669
11140.000 2.111
11150.000 1.981
11160.000 1.531
11170.000 1.377
11180.000 1.142
11190.000 0.997
11200.000 0.948
11210.000 0.858
11220.000 0.814
11230.000 0.742
11240.000 0.682
11250.000 0.653
11260.000 0.607
11270.000 0.587
11280.000 0.543
11290.000 0.508
11300.000 0.494
11310.000 0.466
11320.000 0.461
11330.000 0.444
11340.000 0.434
11350.000 0.426
11360.000 0.426
11370.000 0.427
11380.000 0.424
11390.000 0.433
11400.000 0.436
11410.000 0.450
11420.000 0.455
11430.000 0.476
11440.000 0.499
11450.000 0.511
11460.000 0.551
11470.000 0.577
11480.000 0.664
11490.000 0.804
11500.000 0.893
11510.000 1.039
11520.000 0.987
11530.000 0.618
11540.000 0.284
11550.000 0.191
11560.000 0.077
11570.000 0.049
11580.000 0.045
11590.000 0.063
11600.000 0.067
11610.000 0.080
11620.000 0.090
11630.000 0.105
11640.000 0.118
11650.000 0.128
11660.000 0.137
11670.000 0.144
11680.000 0.154
11690.000 0.154
11700.000 0.154
11710.000 0.152
11720.000 0.148
11730.000 0.152
11740.000 0.148
11750.000 0.147
11760.000 0.143
11770.000 0.140
11780.000 0.136
11790.000 0.127
11800.000 0.124
11810.000 0.116
11820.000 0.116
11830.000 0.113
11840.000 0.125
11850.000 0.140
11860.000 0.208
11870.000 0.284
11880.000 0.570
11890.000 1.068
11900.000 1.278
11910.000 1.461
11920.000 1.345
11930.000 1.082
11940.000 0.973
11950.000 0.807
11960.000 0.682
11970.000 0.638
11980.000 0.558
11990.000 0.527
12000.000 0.471
