110.000 0.887
120.000 0.597
130.000 10.639
140.000 14.561
150.000 16.328
160.000 18.493
170.000 20.210
180.000 19.438
190.000 19.511
200.000 19.579
210.000 20.754
220.000 20.754
230.000 20.571
240.000 22.904
250.000 23.367
260.000 23.812
270.000 24.705
280.000 25.036
290.000 26.072
300.000 25.958
310.000 26.837
320.000 25.396
330.000 26.477
340.000 27.422
350.000 27.856
360.000 29.563
370.000 30.255
380.000 30.997
390.000 33.513
400.000 35.270
410.000 37.858
420.000 39.505
430.000 42.002
440.000 44.362
450.000 45.198
460.000 45.646
470.000 44.068
480.000 42.804
490.000 37.537
500.000 35.135
510.000 30.259
520.000 26.191
530.000 24.336
540.000 22.283
550.000 19.333
560.000 16.564
570.000 14.260
580.000 13.318
590.000 11.747
600.000 11.006
610.000 9.713
620.000 8.761
630.000 8.322
640.000 7.584
650.000 7.273
660.000 6.614
670.000 6.004
680.000 5.751
690.000 5.129
700.000 4.824
710.000 4.260
720.000 3.947
730.000 3.344
740.000 3.633
750.000 3.086
760.000 2.636
770.000 2.336
780.000 2.202
790.000 1.930
800.000 1.827
810.000 1.666
820.000 1.541
830.000 1.453
840.000 1.306
850.000 1.245
860.000 1.129
870.000 1.033
880.000 0.993
890.000 0.914
900.000 0.885
910.000 0.833
920.000 0.785
930.000 0.766
940.000 0.746
950.000 0.739
960.000 0.730
970.000 0.737
980.000 0.734
990.000 0.752
1000.000 0.760
1010.000 0.791
1020.000 0.806
1030.000 0.819
1040.000 0.831
1050.000 0.834
1060.000 0.864
1070.000 0.869
1080.000 0.865
1090.000 0.877
1100.000 0.880
1110.000 0.886
1120.000 0.906
1130.000 0.918
1140.000 0.936
1150.000 0.944
1160.000 0.977
1170.000 0.986
1180.000 1.011
1190.000 0.929
1200.000 0.898
1210.000 0.924
1220.000 0.950
1230.000 0.973
1240.000 0.999
1250.000 1.024
1260.000 1.055
1270.000 1.076
1280.000 1.035
1290.000 1.048
1300.000 1.083
1310.000 1.117
1320.000 1.155
1330.000 1.178
1340.000 1.208
1350.000 1.227
1360.000 1.217
1370.000 1.229
1380.000 1.264
1390.000 1.308
1400.000 1.319
1410.000 1.351
1420.000 1.364
1430.000 1.390
1440.000 1.401
1450.000 1.397
1460.000 1.427
1470.000 1.436
1480.000 1.454
1490.000 1.468
1500.000 1.469
1510.000 1.493
1520.000 1.481
1530.000 1.460
1540.000 1.452
1550.000 1.446
1560.000 1.432
1570.000 1.423
1580.000 1.397
1590.000 1.382
1600.000 1.358
1610.000 1.302
1620.000 1.269
1630.000 1.227
1640.000 1.197
1650.000 1.145
1660.000 1.097
1670.000 1.083
1680.000 1.100
1690.000 1.119
1700.000 2.058
1710.000 2.494
1720.000 2.716
1730.000 3.192
1740.000 3.601
1750.000 3.792
1760.000 3.960
1770.000 4.238
1780.000 4.202
1790.000 4.282
1800.000 4.332
1810.000 4.381
1820.000 4.447
1830.000 4.481
1840.000 4.493
1850.000 4.491
1860.000 4.480
1870.000 4.301
1880.000 4.229
1890.000 4.183
1900.000 4.148
1910.000 4.108
1920.000 4.083
1930.000 4.005
1940.000 3.978
1950.000 3.936
1960.000 3.952
1970.000 3.985
1980.000 4.051
1990.000 4.065
2000.000 4.128
2010.000 4.152
2020.000 4.184
2030.000 3.963
2040.000 3.993
2050.000 3.979
2060.000 3.996
2070.000 3.991
2080.000 3.991
2090.000 3.982
2100.000 3.963
2110.000 3.956
2120.000 3.863
2130.000 3.828
2140.000 3.806
2150.000 3.765
2160.000 3.742
2170.000 3.697
2180.000 3.643
2190.000 3.613
2200.000 3.520
2210.000 3.468
2220.000 3.441
2230.000 3.385
2240.000 3.354
2250.000 3.291
2260.000 3.235
2270.000 3.203
2280.000 2.969
2290.000 2.949
2300.000 2.908
2310.000 2.850
2320.000 2.826
2330.000 2.781
2340.000 2.766
2350.000 2.720
2360.000 2.654
2370.000 2.625
2380.000 2.594
2390.000 2.570
2400.000 2.533
2410.000 2.496
2420.000 2.476
2430.000 2.437
2440.000 2.426
2450.000 2.379
2460.000 2.364
2480.000 2.341
2490.000 2.298
2500.000 2.266
2510.000 2.252
2520.000 2.227
2530.000 2.198
2540.000 2.188
2550.000 2.171
2560.000 2.152
2570.000 2.131
2580.000 2.114
2590.000 2.098
2600.000 2.082
2610.000 2.074
2620.000 2.059
2630.000 2.038
2640.000 2.029
2650.000 2.012
2660.000 2.007
2670.000 2.003
2680.000 1.993
2690.000 1.983
2700.000 1.972
2710.000 1.961
2720.000 1.955
2730.000 1.947
2740.000 1.942
2750.000 1.937
2760.000 1.930
2770.000 1.930
2780.000 1.934
2790.000 1.928
2800.000 1.926
2810.000 1.924
2820.000 1.926
2830.000 1.931
2840.000 1.927
2850.000 1.934
2860.000 1.932
2870.000 1.941
2880.000 1.942
2890.000 1.942
2900.000 1.956
2910.000 1.955
2920.000 1.964
2930.000 1.975
2940.000 1.980
2950.000 1.991
2960.000 1.994
2970.000 2.012
2980.000 2.014
2990.000 2.023
3000.000 2.058
3010.000 2.057
3020.000 2.069
3030.000 2.066
3040.000 2.099
3060.000 2.063
3070.000 2.142
3080.000 2.179
3090.000 2.198
3100.000 2.239
3110.000 2.256
3120.000 2.301
3130.000 2.348
3140.000 2.369
3150.000 2.415
3160.000 2.447
3170.000 2.505
3180.000 2.573
3190.000 2.603
3200.000 2.663
3210.000 2.702
3220.000 2.782
3230.000 2.826
3240.000 2.916
3250.000 3.022
3260.000 3.134
3270.000 3.202
3280.000 3.266
3290.000 3.417
3300.000 3.568
3310.000 3.742
3320.000 3.854
3330.000 4.078
3340.000 4.202
3350.000 4.494
3360.000 4.663
3370.000 5.063
3380.000 5.580
3390.000 5.893
3400.000 6.654
3410.000 7.139
3420.000 8.371
3430.000 9.085
3440.000 11.136
3450.000 13.808
3460.000 15.478
3470.000 18.933
3480.000 22.063
3490.000 23.098
3500.000 23.166
3510.000 21.964
3520.000 17.864
3530.000 13.828
3540.000 12.129
3550.000 9.476
3560.000 8.464
3570.000 6.876
3580.000 6.272
3590.000 5.372
3600.000 4.724
3610.000 4.476
3620.000 4.063
3630.000 3.711
3640.000 3.552
3650.000 3.266
3660.000 3.141
3670.000 2.917
3680.000 2.698
3690.000 2.588
3700.000 2.381
3710.000 2.281
3720.000 2.108
3730.000 2.016
3740.000 1.830
3750.000 1.674
3760.000 1.604
3770.000 1.480
3780.000 1.370
3790.000 1.319
3800.000 1.233
3810.000 1.193
3820.000 1.125
3830.000 1.061
3840.000 1.032
3850.000 0.975
3860.000 0.965
3870.000 0.915
3880.000 0.866
3890.000 0.846
3900.000 0.804
3910.000 0.784
3920.000 0.749
3930.000 0.710
3940.000 0.699
3950.000 0.670
3960.000 0.656
3970.000 0.636
3980.000 0.608
3990.000 0.597
4000.000 0.587
4010.000 0.571
4020.000 0.548
4030.000 0.538
4040.000 0.518
4050.000 0.515
4060.000 0.496
4070.000 0.479
4080.000 0.466
4090.000 0.461
4100.000 0.445
4110.000 0.438
4120.000 0.420
4130.000 0.412
4140.000 0.406
4150.000 0.399
4160.000 0.390
4170.000 0.389
4180.000 0.388
4190.000 0.377
4200.000 0.370
4210.000 0.366
4220.000 0.354
4230.000 0.343
4240.000 0.344
4250.000 0.332
4260.000 0.327
4270.000 0.316
4280.000 0.300
4290.000 0.291
4300.000 0.281
4310.000 0.276
4320.000 0.264
4330.000 0.259
4340.000 0.248
4350.000 0.240
4360.000 0.238
4370.000 0.232
4380.000 0.225
4390.000 0.222
4400.000 0.216
4410.000 0.214
4420.000 0.206
4430.000 0.202
4440.000 0.202
4450.000 0.198
4460.000 0.195
4470.000 0.189
4480.000 0.187
4490.000 0.182
4500.000 0.180
4510.000 0.179
4520.000 0.175
4530.000 0.173
4540.000 0.172
4550.000 0.168
4560.000 0.169
4570.000 0.168
4580.000 0.169
4590.000 0.171
4600.000 0.169
4610.000 0.170
4620.000 0.173
4630.000 0.175
4640.000 0.178
4650.000 0.181
4660.000 0.185
4670.000 0.190
4680.000 0.192
4690.000 0.197
4700.000 0.200
4710.000 0.201
4720.000 0.201
4730.000 0.200
4740.000 0.196
4750.000 0.187
4760.000 0.184
4770.000 0.173
4780.000 0.166
4790.000 0.150
4800.000 0.135
4810.000 0.127
4820.000 0.113
4830.000 0.104
4840.000 0.091
4850.000 0.086
4860.000 0.081
4870.000 0.080
4880.000 0.082
4890.000 0.091
4900.000 0.099
4910.000 0.113
4920.000 0.133
4930.000 0.144
4940.000 0.162
4950.000 0.187
4960.000 0.196
4970.000 0.220
4980.000 0.226
4990.000 0.258
5000.000 0.264
5010.000 0.293
5020.000 0.329
5030.000 0.339
5040.000 0.374
5050.000 0.400
5060.000 0.431
5070.000 0.471
5080.000 0.493
5090.000 0.531
5100.000 0.554
5110.000 0.599
5120.000 0.623
5130.000 0.670
5140.000 0.715
5150.000 0.760
5160.000 0.803
5170.000 0.823
5180.000 0.858
5190.000 0.876
5200.000 0.890
5210.000 0.911
5220.000 0.889
5230.000 0.876
5240.000 0.869
5250.000 0.865
5260.000 0.863
5270.000 0.858
5280.000 0.856
5290.000 0.850
5300.000 0.848
5310.000 0.839
5320.000 0.837
5330.000 0.825
5350.000 0.834
5360.000 0.820
5370.000 0.811
5380.000 0.804
5390.000 0.797
5400.000 0.792
5410.000 0.785
5420.000 0.780
5430.000 0.776
5440.000 0.773
5450.000 0.770
5460.000 0.765
5470.000 0.763
5480.000 0.753
5490.000 0.752
5500.000 0.748
5510.000 0.745
5520.000 0.743
5530.000 0.753
5540.000 0.748
5550.000 0.748
5560.000 0.733
5570.000 0.728
5580.000 0.729
5590.000 0.723
5600.000 0.723
5610.000 0.722
5620.000 0.717
5630.000 0.716
5640.000 0.714
5650.000 0.712
5660.000 0.712
5670.000 0.714
5680.000 0.710
5690.000 0.710
5700.000 0.710
5710.000 0.707
5720.000 0.710
5730.000 0.709
5740.000 0.705
5750.000 0.708
5760.000 0.707
5770.000 0.702
5780.000 0.702
5790.000 0.700
5800.000 0.701
5810.000 0.700
5820.000 0.701
5830.000 0.700
5840.000 0.704
5850.000 0.703
5860.000 0.705
5870.000 0.709
5880.000 0.710
5890.000 0.713
5900.000 0.715
5910.000 0.715
5920.000 0.723
5930.000 0.720
5940.000 0.721
5950.000 0.723
5960.000 0.728
5970.000 0.732
5980.000 0.739
5990.000 0.734
6000.000 0.742
6010.000 0.753
6020.000 0.743
6030.000 0.756
6040.000 0.756
6050.000 0.763
6060.000 0.762
6070.000 0.772
6080.000 0.778
6090.000 0.782
6100.000 0.789
6110.000 0.798
6120.000 0.800
6130.000 0.803
6140.000 0.809
6150.000 0.817
6160.000 0.820
6170.000 0.829
6180.000 0.830
6190.000 0.837
6200.000 0.844
6210.000 0.847
6220.000 0.855
6230.000 0.857
6240.000 0.875
6250.000 0.877
6260.000 0.888
6270.000 0.900
6280.000 0.907
6290.000 0.920
6300.000 0.934
6310.000 0.940
6320.000 0.952
6330.000 0.989
6340.000 0.997
6350.000 0.999
6360.000 1.005
6370.000 1.013
6380.000 1.027
6390.000 1.047
6400.000 1.066
6410.000 1.079
6420.000 1.102
6430.000 1.111
6440.000 1.131
6450.000 1.163
6460.000 1.177
6470.000 1.204
6480.000 1.218
6490.000 1.248
6500.000 1.284
6510.000 1.304
6520.000 1.334
6530.000 1.359
6540.000 1.395
6550.000 1.422
6560.000 1.459
6570.000 1.484
6580.000 1.531
6590.000 1.591
6600.000 1.650
6610.000 1.677
6620.000 1.751
6630.000 1.791
6640.000 1.873
6650.000 1.913
6660.000 2.001
6670.000 2.104
6680.000 2.160
6690.000 2.279
6700.000 2.413
6710.000 2.486
6720.000 2.565
6730.000 2.748
6740.000 2.967
6750.000 3.244
6760.000 3.410
6770.000 3.821
6780.000 4.069
6790.000 4.716
6800.000 5.603
6810.000 6.162
6820.000 6.820
6830.000 8.746
6840.000 11.398
6850.000 13.087
6860.000 17.137
6870.000 21.475
6880.000 23.343
6890.000 25.154
6900.000 24.657
6910.000 20.090
6920.000 14.652
6930.000 12.429
6940.000 9.089
6950.000 7.902
6960.000 6.165
6970.000 4.991
6980.000 4.542
6990.000 3.822
7000.000 3.548
7010.000 3.145
7020.000 2.863
7030.000 2.744
7040.000 2.525
7050.000 2.422
7060.000 2.197
7070.000 1.991
7080.000 1.896
7090.000 1.725
7100.000 1.640
7110.000 1.496
7120.000 1.378
7130.000 1.325
7140.000 1.224
7150.000 1.182
7160.000 1.103
7170.000 1.067
7180.000 1.002
7190.000 0.947
7200.000 0.922
7210.000 0.874
7220.000 0.831
7230.000 0.813
7240.000 0.776
7250.000 0.755
7260.000 0.724
7270.000 0.696
7280.000 0.682
7290.000 0.654
7300.000 0.643
7310.000 0.620
7320.000 0.609
7330.000 0.588
7340.000 0.567
7350.000 0.558
7360.000 0.540
7370.000 0.524
7380.000 0.517
7390.000 0.500
7400.000 0.494
7410.000 0.480
7420.000 0.474
7430.000 0.458
7440.000 0.450
7450.000 0.443
7460.000 0.431
7470.000 0.421
7480.000 0.413
7490.000 0.410
7500.000 0.400
7510.000 0.389
7520.000 0.382
7530.000 0.376
7540.000 0.372
7550.000 0.364
7560.000 0.355
7570.000 0.353
7580.000 0.345
7590.000 0.336
7600.000 0.331
7610.000 0.325
7620.000 0.319
7630.000 0.317
7640.000 0.310
7650.000 0.308
7660.000 0.302
7670.000 0.296
7680.000 0.294
7690.000 0.289
7700.000 0.287
7710.000 0.280
7720.000 0.277
7730.000 0.273
7740.000 0.272
7750.000 0.266
7760.000 0.262
7770.000 0.260
7780.000 0.256
7790.000 0.252
7800.000 0.251
7810.000 0.246
7820.000 0.242
7830.000 0.241
7840.000 0.237
7850.000 0.235
7860.000 0.231
7870.000 0.229
7880.000 0.226
7890.000 0.223
7900.000 0.221
7910.000 0.219
7920.000 0.217
7930.000 0.214
7940.000 0.215
7950.000 0.217
7960.000 0.220
7970.000 0.221
7980.000 0.212
7990.000 0.206
8000.000 0.204
8010.000 0.199
8020.000 0.195
8030.000 0.199
8040.000 0.195
8050.000 0.191
8060.000 0.190
8070.000 0.184
8080.000 0.186
8090.000 0.183
8100.000 0.181
8110.000 0.178
8120.000 0.179
8130.000 0.177
8140.000 0.176
8150.000 0.174
8160.000 0.172
8170.000 0.172
8180.000 0.170
8190.000 0.167
8200.000 0.169
8210.000 0.167
8220.000 0.163
8230.000 0.165
8240.000 0.163
8250.000 0.162
8260.000 0.162
8270.000 0.159
8280.000 0.159
8290.000 0.157
8300.000 0.155
8310.000 0.154
8320.000 0.154
8330.000 0.152
8340.000 0.150
8350.000 0.151
8360.000 0.149
8370.000 0.150
8380.000 0.147
8390.000 0.147
8400.000 0.145
8410.000 0.145
8420.000 0.144
8430.000 0.142
8440.000 0.140
8450.000 0.139
8460.000 0.139
8470.000 0.137
8480.000 0.135
8490.000 0.136
8500.000 0.136
8510.000 0.132
8520.000 0.132
8530.000 0.131
8540.000 0.131
8550.000 0.131
8560.000 0.128
8570.000 0.128
8580.000 0.126
8590.000 0.126
8600.000 0.124
8610.000 0.124
8620.000 0.123
8630.000 0.121
8640.000 0.119
8650.000 0.119
8660.000 0.119
8670.000 0.116
8680.000 0.117
8690.000 0.120
8700.000 0.121
8710.000 0.120
8720.000 0.120
8730.000 0.120
8740.000 0.123
8750.000 0.124
8760.000 0.117
8770.000 0.118
8780.000 0.115
8790.000 0.115
8800.000 0.113
8810.000 0.115
8820.000 0.113
8830.000 0.106
8840.000 0.115
8850.000 0.117
8860.000 0.109
8870.000 0.108
8880.000 0.107
8890.000 0.106
8900.000 0.107
8910.000 0.105
8920.000 0.106
8930.000 0.105
8940.000 0.103
8950.000 0.103
8960.000 0.103
8970.000 0.100
8980.000 0.103
8990.000 0.103
9000.000 0.099
9010.000 0.096
9020.000 0.098
9030.000 0.095
9040.000 0.098
9050.000 0.096
9060.000 0.099
9070.000 0.094
9080.000 0.096
9090.000 0.097
9100.000 0.093
9110.000 0.095
9120.000 0.093
9130.000 0.094
9140.000 0.093
9150.000 0.092
9160.000 0.092
9170.000 0.091
9180.000 0.092
9190.000 0.093
9200.000 0.092
9210.000 0.091
9220.000 0.091
9230.000 0.090
9240.000 0.089
9250.000 0.091
9260.000 0.089
9270.000 0.091
9280.000 0.089
9290.000 0.091
9300.000 0.089
9310.000 0.090
9320.000 0.090
9330.000 0.089
9340.000 0.090
9350.000 0.091
9360.000 0.089
9370.000 0.091
9380.000 0.091
9390.000 0.093
9400.000 0.094
9410.000 0.094
9420.000 0.093
9430.000 0.096
9440.000 0.096
9450.000 0.095
9460.000 0.096
9470.000 0.098
9480.000 0.101
9490.000 0.100
9500.000 0.101
9510.000 0.104
9520.000 0.104
9530.000 0.105
9540.000 0.106
9550.000 0.109
9560.000 0.110
9570.000 0.112
9580.000 0.115
9590.000 0.117
9600.000 0.119
9610.000 0.121
9620.000 0.126
9630.000 0.127
9640.000 0.131
9650.000 0.136
9660.000 0.137
9670.000 0.141
9680.000 0.143
9690.000 0.147
9700.000 0.150
9710.000 0.153
9720.000 0.157
9730.000 0.161
9740.000 0.164
9750.000 0.169
9760.000 0.175
9770.000 0.177
9780.000 0.183
9790.000 0.185
9800.000 0.193
9810.000 0.202
9820.000 0.206
9830.000 0.210
9840.000 0.219
9850.000 0.228
9860.000 0.238
9870.000 0.245
9880.000 0.253
9890.000 0.261
9900.000 0.273
9910.000 0.285
9920.000 0.290
9930.000 0.298
9940.000 0.316
9950.000 0.332
9960.000 0.339
9970.000 0.362
9980.000 0.368
9990.000 0.394
10000.000 0.414
10010.000 0.442
10020.000 0.456
10030.000 0.468
10040.000 0.500
10050.000 0.528
10060.000 0.570
10070.000 0.586
10080.000 0.634
10090.000 0.660
10100.000 0.714
10110.000 0.745
10120.000 0.815
10130.000 0.898
10140.000 0.951
10150.000 1.071
10160.000 1.230
10170.000 1.325
10180.000 1.442
10190.000 1.748
10200.000 2.183
10210.000 2.444
10220.000 3.087
10230.000 3.952
10240.000 4.493
10250.000 5.754
10260.000 7.186
10270.000 7.894
10280.000 8.538
10290.000 9.370
10300.000 9.129
10310.000 7.785
10320.000 6.938
10330.000 5.407
10340.000 4.762
10350.000 3.735
10360.000 3.004
10370.000 2.734
10380.000 2.296
10390.000 2.129
10400.000 1.834
10410.000 1.726
10420.000 1.558
10430.000 1.495
10440.000 1.394
10450.000 1.311
10460.000 1.268
10470.000 1.191
10480.000 1.122
10490.000 1.086
10500.000 1.031
10510.000 1.004
10520.000 0.951
10530.000 0.912
10540.000 0.893
10550.000 0.857
10560.000 0.836
10570.000 0.801
10580.000 0.778
10590.000 0.766
10600.000 0.741
10610.000 0.731
10620.000 0.706
10630.000 0.682
10640.000 0.670
10650.000 0.647
10660.000 0.635
10670.000 0.617
10680.000 0.606
10690.000 0.586
10700.000 0.579
10710.000 0.564
10720.000 0.550
10730.000 0.538
10740.000 0.533
10750.000 0.524
10760.000 0.518
10770.000 0.509
10780.000 0.508
10790.000 0.500
10800.000 0.500
10810.000 0.489
10820.000 0.480
10830.000 0.471
10840.000 0.462
10850.000 0.456
10860.000 0.447
10870.000 0.436
10880.000 0.427
10890.000 0.424
10900.000 0.416
10910.000 0.412
10920.000 0.409
10930.000 0.399
10940.000 0.398
10950.000 0.395
10960.000 0.391
10970.000 0.388
10980.000 0.382
10990.000 0.382
11000.000 0.376
11010.000 0.373
11020.000 0.371
11030.000 0.363
11040.000 0.365
11050.000 0.361
11060.000 0.358
11070.000 0.356
11080.000 0.353
11090.000 0.351
11100.000 0.351
11110.000 0.347
11120.000 0.347
11130.000 0.344
11140.000 0.339
11150.000 0.340
11160.000 0.338
11170.000 0.336
11180.000 0.331
11190.000 0.332
11200.000 0.329
11210.000 0.327
11220.000 0.327
11230.000 0.324
11240.000 0.323
11250.000 0.323
11260.000 0.321
11270.000 0.319
11280.000 0.317
11290.000 0.315
11300.000 0.315
11310.000 0.313
11320.000 0.311
11330.000 0.312
11340.000 0.310
11350.000 0.310
11360.000 0.309
11370.000 0.307
11380.000 0.305
11390.000 0.304
11400.000 0.305
11410.000 0.304
11420.000 0.302
11430.000 0.299
11440.000 0.300
11450.000 0.300
11460.000 0.297
11470.000 0.298
11480.000 0.297
11490.000 0.296
11500.000 0.297
11510.000 0.296
11520.000 0.293
11530.000 0.294
11540.000 0.293
11550.000 0.293
11560.000 0.293
11570.000 0.291
11580.000 0.292
11590.000 0.291
11600.000 0.292
11610.000 0.290
11620.000 0.290
11630.000 0.287
11640.000 0.288
11650.000 0.287
11660.000 0.287
11670.000 0.287
11680.000 0.288
11690.000 0.285
11700.000 0.285
11710.000 0.285
11720.000 0.286
11730.000 0.286
11740.000 0.284
11750.000 0.285
11760.000 0.284
11770.000 0.283
11780.000 0.285
11790.000 0.285
11800.000 0.286
11810.000 0.283
11820.000 0.284
11830.000 0.286
11840.000 0.285
11850.000 0.287
11860.000 0.286
11870.000 0.287
11880.000 0.287
11890.000 0.286
11900.000 0.287
11910.000 0.288
11920.000 0.288
11930.000 0.290
11940.000 0.291
11950.000 0.292
11960.000 0.293
11970.000 0.293
11980.000 0.310
11990.000 0.305
12000.000 0.304
