110.000 0.029
120.000 0.602
130.000 3.034
140.000 4.420
150.000 4.697
160.000 5.480
170.000 6.575
180.000 6.633
190.000 6.752
200.000 6.757
210.000 6.870
220.000 7.264
230.000 7.546
240.000 7.776
250.000 7.909
260.000 7.778
270.000 8.298
280.000 8.811
290.000 9.104
300.000 9.327
310.000 9.907
320.000 10.599
330.000 11.816
340.000 12.449
350.000 13.378
360.000 15.810
370.000 19.132
380.000 23.039
390.000 24.693
400.000 28.119
410.000 29.970
420.000 34.136
430.000 38.833
440.000 41.346
450.000 46.244
460.000 48.634
470.000 53.238
480.000 58.467
490.000 61.655
500.000 69.097
510.000 69.295
520.000 64.581
530.000 63.727
540.000 47.927
550.000 34.760
560.000 22.492
570.000 16.006
580.000 13.761
590.000 10.076
600.000 7.495
610.000 6.531
620.000 5.057
630.000 4.491
640.000 3.617
650.000 3.282
660.000 2.740
670.000 2.309
680.000 2.147
690.000 1.859
700.000 1.747
710.000 1.552
720.000 1.382
730.000 1.308
740.000 1.186
750.000 1.130
760.000 1.037
770.000 0.959
780.000 0.928
790.000 0.872
800.000 0.827
810.000 0.811
820.000 0.790
830.000 0.774
840.000 0.753
850.000 0.740
860.000 0.721
870.000 0.716
880.000 0.705
890.000 0.717
900.000 0.721
910.000 0.749
920.000 0.784
930.000 0.810
940.000 0.885
950.000 1.012
960.000 1.109
970.000 1.386
980.000 1.620
990.000 2.446
1000.000 4.158
1010.000 5.013
1020.000 2.385
1030.000 1.772
1040.000 1.123
1050.000 0.965
1060.000 0.740
1070.000 0.621
1080.000 0.575
1090.000 0.509
1100.000 0.481
1110.000 0.440
1120.000 0.415
1130.000 0.406
1140.000 0.388
1150.000 0.381
1160.000 0.376
1170.000 0.371
1180.000 0.371
1190.000 0.370
1200.000 0.372
1210.000 0.377
1220.000 0.383
1230.000 0.384
1240.000 0.394
1250.000 0.398
1260.000 0.408
1270.000 0.419
1280.000 0.439
1290.000 0.461
1300.000 0.487
1310.000 0.502
1320.000 0.515
1330.000 0.554
1340.000 0.600
1350.000 0.624
1360.000 0.686
1370.000 0.761
1380.000 0.804
1390.000 0.909
1400.000 0.975
1410.000 1.142
1420.000 1.252
1430.000 1.559
1440.000 2.121
1450.000 2.610
1460.000 4.471
1470.000 7.873
1480.000 10.250
1490.000 17.133
1500.000 15.303
1510.000 10.110
1520.000 6.151
1530.000 5.044
1540.000 3.611
1550.000 3.129
1560.000 2.435
1570.000 2.179
1580.000 1.785
1590.000 1.489
1600.000 1.283
1610.000 1.193
1620.000 1.113
1630.000 0.975
1640.000 0.869
1650.000 0.819
1660.000 0.744
1670.000 0.724
1680.000 0.710
1690.000 0.745
1700.000 0.778
1710.000 0.862
1720.000 0.913
1730.000 1.031
1740.000 1.162
1750.000 1.301
1760.000 1.372
1770.000 1.532
1780.000 1.617
1790.000 1.830
1800.000 2.077
1810.000 2.236
1820.000 2.381
1830.000 2.639
1840.000 2.959
1850.000 3.376
1860.000 3.666
1870.000 3.972
1880.000 4.745
1890.000 5.806
1900.000 6.472
1910.000 8.146
1920.000 10.301
1930.000 11.591
1940.000 13.012
1950.000 16.279
1960.000 20.202
1970.000 22.240
1980.000 25.391
1990.000 25.806
2000.000 23.180
2010.000 18.576
2020.000 14.464
2030.000 12.720
2040.000 11.238
2050.000 8.829
2060.000 7.049
2070.000 6.365
2080.000 5.320
2090.000 4.912
2100.000 4.249
2110.000 3.756
2120.000 3.403
2130.000 3.288
2140.000 3.186
2150.000 3.023
2160.000 2.880
2170.000 2.816
2180.000 2.705
2190.000 2.644
2200.000 2.515
2210.000 2.374
2220.000 2.318
2230.000 2.221
2240.000 2.180
2250.000 2.111
2260.000 2.061
2270.000 2.045
2280.000 2.017
2290.000 2.017
2300.000 2.025
2310.000 2.051
2320.000 2.073
2330.000 2.140
2340.000 2.186
2350.000 2.304
2360.000 2.462
2370.000 2.541
2380.000 2.698
2390.000 2.784
2400.000 3.030
2410.000 3.413
2420.000 4.037
2430.000 4.486
2440.000 5.078
2450.000 6.953
2460.000 10.587
2470.000 13.095
2480.000 19.070
2490.000 23.804
2500.000 23.499
2510.000 15.381
2520.000 11.768
2530.000 7.321
2540.000 5.974
2550.000 4.246
2560.000 3.214
2570.000 2.848
2580.000 2.295
2590.000 2.079
2600.000 1.744
2610.000 1.497
2620.000 1.390
2630.000 1.225
2640.000 1.096
2650.000 1.042
2660.000 0.952
2670.000 0.915
2680.000 0.852
2690.000 0.826
2700.000 0.781
2710.000 0.749
2720.000 0.737
2730.000 0.716
2740.000 0.707
2750.000 0.696
2760.000 0.692
2770.000 0.690
2780.000 0.694
2790.000 0.698
2800.000 0.713
2810.000 0.733
2820.000 0.766
2830.000 0.784
2840.000 0.807
2850.000 0.865
2860.000 0.943
2870.000 0.994
2880.000 1.124
2890.000 1.281
2900.000 1.388
2910.000 1.691
2920.000 1.924
2930.000 2.714
2940.000 4.424
2950.000 5.915
2960.000 10.289
2970.000 13.052
2980.000 19.112
2990.000 19.999
3000.000 11.891
3010.000 6.742
3020.000 4.285
3030.000 3.510
3040.000 2.516
3050.000 2.146
3060.000 1.883
3070.000 1.498
3080.000 1.231
3090.000 1.128
3100.000 0.969
3110.000 0.852
3120.000 0.803
3130.000 0.715
3140.000 0.683
3150.000 0.630
3160.000 0.610
3170.000 0.575
3180.000 0.544
3190.000 0.521
3200.000 0.513
3210.000 0.507
3220.000 0.495
3230.000 0.488
3240.000 0.484
3250.000 0.485
3260.000 0.483
3270.000 0.488
3280.000 0.495
3290.000 0.498
3300.000 0.513
3310.000 0.530
3320.000 0.541
3330.000 0.568
3340.000 0.586
3350.000 0.629
3360.000 0.685
3370.000 0.720
3380.000 0.818
3390.000 0.882
3400.000 1.063
3410.000 1.180
3420.000 1.517
3430.000 2.178
3440.000 3.602
3450.000 4.931
3460.000 6.914
3470.000 12.022
3480.000 12.337
3490.000 5.995
3500.000 4.459
3510.000 2.707
3520.000 2.190
3530.000 1.538
3540.000 1.154
3550.000 1.023
3560.000 0.820
3570.000 0.745
3580.000 0.626
3590.000 0.543
3600.000 0.511
3610.000 0.458
3620.000 0.434
3630.000 0.401
3640.000 0.372
3650.000 0.359
3660.000 0.341
3670.000 0.335
3680.000 0.323
3690.000 0.318
3700.000 0.311
3710.000 0.310
3720.000 0.307
3730.000 0.309
3740.000 0.310
3750.000 0.313
3760.000 0.320
3770.000 0.324
3780.000 0.335
3790.000 0.341
3800.000 0.358
3810.000 0.370
3820.000 0.393
3830.000 0.424
3840.000 0.445
3850.000 0.496
3860.000 0.528
3870.000 0.614
3880.000 0.743
3890.000 0.814
3900.000 1.025
3910.000 1.176
3920.000 1.650
3930.000 2.555
3940.000 3.315
3950.000 6.375
3960.000 11.457
3970.000 12.153
3980.000 6.519
3990.000 4.768
4000.000 2.887
4010.000 1.923
4020.000 1.638
4030.000 1.215
4040.000 1.085
4050.000 0.872
4060.000 0.728
4070.000 0.685
4080.000 0.591
4090.000 0.560
4100.000 0.506
4110.000 0.464
4120.000 0.446
4130.000 0.422
4140.000 0.410
4150.000 0.387
4160.000 0.372
4170.000 0.366
4180.000 0.355
4190.000 0.351
4200.000 0.345
4210.000 0.344
4220.000 0.340
4230.000 0.339
4240.000 0.339
4250.000 0.338
4260.000 0.340
4270.000 0.341
4280.000 0.340
4290.000 0.343
4300.000 0.351
4310.000 0.366
4320.000 0.372
4330.000 0.383
4340.000 0.413
4350.000 0.450
4360.000 0.474
4370.000 0.540
4380.000 0.585
4390.000 0.716
4400.000 0.941
4410.000 1.124
4420.000 1.639
4430.000 2.046
4440.000 3.313
4450.000 5.542
4460.000 6.529
4470.000 4.239
4480.000 2.885
4490.000 1.621
4500.000 1.043
4510.000 0.865
4520.000 0.623
4530.000 0.541
4540.000 0.427
4550.000 0.346
4560.000 0.293
4570.000 0.273
4580.000 0.240
4590.000 0.225
4600.000 0.210
4610.000 0.202
4620.000 0.193
4630.000 0.186
4640.000 0.182
4650.000 0.180
4660.000 0.181
4670.000 0.183
4680.000 0.186
4690.000 0.188
4700.000 0.194
4710.000 0.200
4720.000 0.202
4730.000 0.206
4740.000 0.206
4750.000 0.201
4760.000 0.201
4770.000 0.194
4780.000 0.192
4790.000 0.185
4800.000 0.177
4810.000 0.171
4820.000 0.174
4830.000 0.171
4840.000 0.181
4850.000 0.214
4860.000 0.237
4870.000 0.315
4880.000 0.379
4890.000 0.628
4900.000 1.241
4910.000 1.743
4920.000 3.074
4930.000 4.093
4940.000 7.692
4950.000 11.269
4960.000 10.313
4970.000 6.421
4980.000 4.661
4990.000 4.098
5000.000 3.316
5010.000 3.044
5020.000 2.607
5030.000 2.444
5040.000 2.213
5050.000 2.051
5060.000 1.986
5070.000 1.821
5080.000 1.736
5090.000 1.598
5100.000 1.478
5110.000 1.428
5120.000 1.331
5130.000 1.290
5140.000 1.226
5150.000 1.182
5160.000 1.174
5170.000 1.159
5180.000 1.150
5190.000 1.143
5200.000 1.135
5210.000 1.135
5220.000 1.130
5230.000 1.130
5240.000 1.133
5250.000 1.142
5260.000 1.147
5270.000 1.164
5280.000 1.195
5290.000 1.212
5300.000 1.251
5310.000 1.279
5320.000 1.348
5330.000 1.388
5340.000 1.501
5350.000 1.664
5360.000 1.779
5370.000 2.105
5380.000 2.341
5390.000 3.077
5400.000 4.554
5410.000 5.791
5420.000 10.013
5430.000 13.454
5440.000 19.387
5450.000 16.949
5460.000 11.756
5470.000 6.579
5480.000 4.076
5490.000 3.334
5500.000 2.794
5510.000 2.070
5520.000 1.617
5530.000 1.310
5540.000 1.199
5550.000 1.106
5560.000 0.953
5570.000 0.845
5580.000 0.764
5590.000 0.731
5600.000 0.702
5610.000 0.655
5620.000 0.617
5630.000 0.601
5640.000 0.574
5650.000 0.563
5660.000 0.547
5670.000 0.538
5680.000 0.533
5690.000 0.527
5700.000 0.523
5710.000 0.526
5720.000 0.527
5730.000 0.532
5740.000 0.542
5750.000 0.545
5760.000 0.563
5770.000 0.583
5780.000 0.597
5790.000 0.633
5800.000 0.653
5810.000 0.700
5820.000 0.762
5830.000 0.801
5840.000 0.903
5850.000 0.973
5860.000 1.173
5870.000 1.531
5880.000 2.229
5890.000 2.815
5900.000 3.633
5910.000 6.103
5920.000 10.194
5930.000 14.513
5940.000 14.316
5950.000 7.952
5960.000 5.932
5970.000 3.605
5980.000 2.920
5990.000 2.027
6000.000 1.532
6010.000 1.335
6020.000 1.056
6030.000 0.964
6040.000 0.817
6050.000 0.720
6060.000 0.674
6070.000 0.606
6080.000 0.575
6090.000 0.531
6100.000 0.495
6110.000 0.480
6120.000 0.461
6130.000 0.448
6140.000 0.430
6150.000 0.418
6160.000 0.413
6170.000 0.402
6180.000 0.398
6190.000 0.394
6200.000 0.396
6210.000 0.397
6220.000 0.396
6230.000 0.401
6240.000 0.407
6250.000 0.419
6260.000 0.424
6270.000 0.442
6280.000 0.451
6290.000 0.476
6300.000 0.516
6310.000 0.533
6320.000 0.588
6330.000 0.633
6340.000 0.736
6350.000 0.883
6360.000 0.995
6370.000 1.381
6380.000 1.713
6390.000 2.949
6400.000 3.953
6410.000 6.668
6420.000 10.207
6430.000 11.180
6440.000 7.607
6450.000 5.610
6460.000 3.447
6470.000 2.334
6480.000 1.968
6490.000 1.479
6500.000 1.172
6510.000 1.058
6520.000 0.885
6530.000 0.823
6540.000 0.726
6550.000 0.656
6560.000 0.626
6570.000 0.579
6580.000 0.564
6590.000 0.528
6600.000 0.505
6610.000 0.497
6620.000 0.486
6630.000 0.473
6640.000 0.463
6650.000 0.458
6660.000 0.454
6670.000 0.452
6680.000 0.450
6690.000 0.452
6700.000 0.453
6710.000 0.460
6720.000 0.470
6730.000 0.478
6740.000 0.493
6750.000 0.500
6760.000 0.522
6770.000 0.535
6780.000 0.568
6790.000 0.608
6800.000 0.631
6810.000 0.695
6820.000 0.742
6830.000 0.854
6840.000 1.030
6850.000 1.166
6860.000 1.561
6870.000 2.205
6880.000 2.716
6890.000 4.305
6900.000 5.472
6910.000 8.383
6920.000 9.588
6930.000 7.879
6940.000 4.237
6950.000 3.250
6960.000 2.070
6970.000 1.715
6980.000 1.245
6990.000 0.954
7000.000 0.775
7010.000 0.694
7020.000 0.584
7030.000 0.548
7040.000 0.484
7050.000 0.442
7060.000 0.435
7070.000 0.468
7080.000 0.435
7090.000 0.413
7100.000 0.391
7110.000 0.374
7120.000 0.360
7130.000 0.335
7140.000 0.316
7150.000 0.306
7160.000 0.293
7170.000 0.290
7180.000 0.286
7190.000 0.286
7200.000 0.287
7210.000 0.287
7220.000 0.292
7230.000 0.296
7240.000 0.304
7250.000 0.310
7260.000 0.320
7270.000 0.328
7280.000 0.350
7290.000 0.380
7300.000 0.397
7310.000 0.443
7320.000 0.511
7330.000 0.561
7340.000 0.693
7350.000 0.805
7360.000 1.197
7370.000 1.887
7380.000 2.682
7390.000 4.573
7400.000 5.728
7410.000 7.787
7420.000 6.176
7430.000 4.685
7440.000 2.971
7450.000 2.443
7460.000 1.746
7470.000 1.313
7480.000 1.169
7490.000 0.956
7500.000 0.875
7510.000 0.746
7520.000 0.661
7530.000 0.635
7540.000 0.585
7550.000 0.562
7560.000 0.527
7570.000 0.517
7580.000 0.528
7590.000 0.501
7600.000 0.490
7610.000 0.471
7620.000 0.467
7630.000 0.457
7640.000 0.449
7650.000 0.436
7660.000 0.443
7670.000 0.443
7680.000 0.447
7690.000 0.455
7700.000 0.459
7710.000 0.467
7720.000 0.480
7730.000 0.488
7740.000 0.505
7750.000 0.519
7760.000 0.546
7770.000 0.564
7780.000 0.604
7790.000 0.666
7800.000 0.702
7810.000 0.806
7820.000 0.852
7830.000 1.004
7840.000 1.237
7850.000 1.413
7860.000 2.008
7870.000 3.155
7880.000 4.015
7890.000 5.039
7900.000 7.055
7910.000 6.077
7920.000 3.233
7930.000 2.446
7940.000 1.902
7950.000 1.283
7960.000 0.930
7970.000 0.809
7980.000 0.631
7990.000 0.551
8000.000 0.456
8010.000 0.389
8020.000 0.363
8030.000 0.326
8040.000 0.286
8050.000 0.272
8060.000 0.249
8070.000 0.233
8080.000 0.224
8090.000 0.219
8100.000 0.213
8110.000 0.200
8120.000 0.198
8130.000 0.191
8140.000 0.188
8150.000 0.182
8160.000 0.180
8170.000 0.181
8180.000 0.186
8190.000 0.196
8200.000 0.201
8210.000 0.197
8220.000 0.198
8230.000 0.200
8240.000 0.209
8250.000 0.215
8260.000 0.230
8270.000 0.242
8280.000 0.271
8290.000 0.291
8300.000 0.337
8310.000 0.398
8320.000 0.434
8330.000 0.438
8340.000 0.477
8350.000 0.781
8360.000 1.454
8370.000 2.059
8380.000 3.723
8390.000 4.657
8400.000 6.145
8410.000 5.747
8420.000 3.756
8430.000 2.533
8440.000 1.818
8450.000 1.568
8460.000 1.384
8470.000 1.101
8480.000 0.924
8490.000 0.854
8500.000 0.758
8510.000 0.681
8520.000 0.648
8530.000 0.595
8540.000 0.584
8550.000 0.553
8560.000 0.543
8570.000 0.534
8580.000 0.523
8590.000 0.507
8600.000 0.501
8610.000 0.500
8620.000 0.500
8630.000 0.492
8640.000 0.490
8650.000 0.493
8660.000 0.491
8670.000 0.492
8680.000 0.500
8690.000 0.509
8700.000 0.518
8710.000 0.523
8720.000 0.546
8730.000 0.566
8740.000 0.580
8750.000 0.609
8760.000 0.645
8770.000 0.663
8780.000 0.707
8790.000 0.730
8800.000 0.796
8810.000 0.838
8820.000 0.960
8830.000 1.161
8840.000 1.319
8850.000 1.842
8860.000 2.287
8870.000 3.620
8880.000 5.100
8890.000 5.291
8900.000 4.497
8910.000 3.292
8920.000 1.736
8930.000 1.091
8940.000 0.915
8950.000 0.691
8960.000 0.587
8970.000 0.433
8980.000 0.336
8990.000 0.269
9000.000 0.246
9010.000 0.217
9020.000 0.190
9030.000 0.159
9040.000 0.153
9050.000 0.135
9060.000 0.127
9070.000 0.120
9080.000 0.107
9090.000 0.104
9100.000 0.098
9110.000 0.090
9120.000 0.088
9130.000 0.091
9140.000 0.088
9150.000 0.083
9160.000 0.083
9170.000 0.081
9180.000 0.080
9190.000 0.081
9200.000 0.079
9210.000 0.082
9220.000 0.082
9230.000 0.088
9240.000 0.091
9250.000 0.098
9260.000 0.106
9270.000 0.126
9280.000 0.156
9290.000 0.176
9300.000 0.234
9310.000 0.278
9320.000 0.415
9330.000 0.696
9340.000 0.940
9350.000 1.674
9360.000 2.436
9370.000 2.892
9380.000 4.113
9390.000 4.067
9400.000 3.439
9410.000 2.482
9420.000 2.145
9430.000 1.642
9440.000 1.454
9450.000 1.166
9460.000 1.054
9470.000 0.879
9480.000 0.754
9490.000 0.707
9500.000 0.631
9510.000 0.600
9520.000 0.558
9530.000 0.535
9540.000 0.523
9550.000 0.509
9560.000 0.501
9570.000 0.500
9580.000 0.491
9590.000 0.486
9600.000 0.485
9610.000 0.485
9620.000 0.484
9630.000 0.483
9640.000 0.484
9650.000 0.481
9660.000 0.485
9670.000 0.485
9680.000 0.490
9690.000 0.497
9700.000 0.507
9710.000 0.519
9720.000 0.523
9730.000 0.533
9740.000 0.550
9750.000 0.572
9760.000 0.581
9770.000 0.623
9780.000 0.646
9790.000 0.699
9800.000 0.771
9810.000 0.822
9820.000 0.986
9830.000 1.281
9840.000 1.523
9850.000 2.261
9860.000 3.250
9870.000 3.485
9880.000 3.208
9890.000 1.813
9900.000 0.986
9910.000 0.765
9920.000 0.501
9930.000 0.415
9940.000 0.285
9950.000 0.195
9960.000 0.136
9970.000 0.113
9980.000 0.100
9990.000 0.074
10000.000 0.063
10010.000 0.055
10020.000 0.054
10030.000 0.052
10040.000 0.055
10050.000 0.053
10060.000 0.060
10070.000 0.057
10080.000 0.060
10090.000 0.061
10100.000 0.059
10110.000 0.061
10120.000 0.063
10130.000 0.059
10140.000 0.058
10150.000 0.057
10160.000 0.054
10170.000 0.053
10180.000 0.050
10190.000 0.044
10200.000 0.038
10210.000 0.035
10220.000 0.027
10230.000 0.016
10240.000 0.009
10250.000 0.011
10260.000 0.018
10270.000 0.044
10280.000 0.078
10290.000 0.098
10300.000 0.158
10310.000 0.203
10320.000 0.392
10330.000 0.855
10340.000 1.206
10350.000 2.151
10360.000 2.645
10370.000 3.067
10380.000 2.818
10390.000 2.141
10400.000 1.688
10410.000 1.522
10420.000 1.293
10430.000 1.200
10440.000 1.066
10450.000 0.958
10460.000 0.914
10470.000 0.837
10480.000 0.794
10490.000 0.734
10500.000 0.670
10510.000 0.645
10520.000 0.586
10530.000 0.556
10540.000 0.504
10550.000 0.470
10560.000 0.461
10570.000 0.442
10580.000 0.438
10590.000 0.428
10600.000 0.423
10610.000 0.422
10620.000 0.421
10630.000 0.422
10640.000 0.425
10650.000 0.433
10660.000 0.430
10670.000 0.435
10680.000 0.445
10690.000 0.446
10700.000 0.455
10710.000 0.455
10720.000 0.470
10730.000 0.474
10740.000 0.494
10750.000 0.516
10760.000 0.528
10770.000 0.567
10780.000 0.611
10790.000 0.644
10800.000 0.730
10810.000 0.795
10820.000 0.999
10830.000 1.141
10840.000 1.487
10850.000 1.615
10860.000 1.448
10870.000 1.058
10880.000 0.865
10890.000 0.489
10900.000 0.279
10910.000 0.210
10920.000 0.117
10930.000 0.084
10940.000 0.043
10950.000 0.027
10960.000 0.027
10970.000 0.039
10980.000 0.043
10990.000 0.058
11000.000 0.066
11010.000 0.070
11020.000 0.079
11030.000 0.083
11040.000 0.084
11050.000 0.086
11060.000 0.088
11070.000 0.094
11080.000 0.097
11090.000 0.098
11100.000 0.100
11110.000 0.102
11120.000 0.100
11130.000 0.102
11140.000 0.100
11150.000 0.099
11160.000 0.098
11170.000 0.095
11180.000 0.095
11190.000 0.088
11200.000 0.085
11210.000 0.074
11220.000 0.069
11230.000 0.066
11240.000 0.061
11250.000 0.058
11260.000 0.061
11270.000 0.070
11280.000 0.098
11290.000 0.127
11300.000 0.240
11310.000 0.353
11320.000 0.696
11330.000 1.224
11340.000 1.580
11350.000 1.932
11360.000 2.181
11370.000 1.732
11380.000 1.524
11390.000 1.235
11400.000 1.041
11410.000 0.975
11420.000 0.859
11430.000 0.813
11440.000 0.731
11450.000 0.692
11460.000 0.640
11470.000 0.584
11480.000 0.561
11490.000 0.516
11500.000 0.477
11510.000 0.463
11520.000 0.430
11530.000 0.419
11540.000 0.398
11550.000 0.387
11560.000 0.379
11570.000 0.374
11580.000 0.368
11590.000 0.367
11600.000 0.367
11610.000 0.362
11620.000 0.365
11630.000 0.364
11640.000 0.367
11650.000 0.365
11660.000 0.368
11670.000 0.373
11680.000 0.373
11690.000 0.378
11700.000 0.390
11710.000 0.393
11720.000 0.402
11730.000 0.408
11740.000 0.426
11750.000 0.444
11760.000 0.455
11770.000 0.489
11780.000 0.510
11790.000 0.564
11800.000 0.658
11810.000 0.717
11820.000 0.864
11830.000 0.926
11840.000 0.887
11850.000 0.577
11860.000 0.418
11870.000 0.213
11880.000 0.152
11890.000 0.075
11900.000 0.045
11910.000 0.044
11920.000 0.040
11930.000 0.044
11940.000 0.062
11950.000 0.068
11960.000 0.089
11970.000 0.108
11980.000 0.115
11990.000 0.131
12000.000 0.131
